Signal1,Signal2,Signal3,R,H,O
-167.94496871190955,40.64099964381965,46.32024491447568,-7.032790563243907e-07,15.0,180.0
-168.0963427264081,40.41299143157262,46.24225967252615,-7.032790563243907e-07,15.0,180.0
-168.1554744994156,40.27123338629696,46.45510618464591,-1.02358444564743e-06,15.0,180.0
-168.2915301648294,40.03340565814684,46.601856210963405,-9.400264389114454e-07,15.0,180.0
-168.4980519862322,39.71119967664629,46.57354068227977,-2.102874077536399e-06,15.0,180.0
-168.54138001749234,39.531867962116586,46.19259900851458,-2.882747821786324e-06,15.0,180.0
-168.43617723282026,39.53335094350948,45.42414711258189,1.497079438195215e-06,15.0,180.0
-168.37561003654778,39.64958611967364,44.652559331804994,-2.061095074168406e-06,15.0,180.0
-168.272110843211,39.80570101002806,44.032710113134094,-3.551210738805821e-07,15.0,180.0
-168.27819062834735,39.90027801017234,43.63290867150529,-3.551210738805821e-07,15.0,180.0
-168.60829407945178,39.886796880473526,43.64549561702272,0.0,15.0,180.0
-168.95948257013052,39.88098362513523,44.15160178410551,-3.272684807598125e-07,15.0,180.0
-169.14294048508165,39.93821473067035,44.74737537340312,-3.063789790758165e-07,15.0,180.0
-169.22790297954705,39.94706127438654,44.88521345838648,-9.261000286642228e-07,15.0,180.0
-169.1514054461019,40.01528483354834,44.70976993947856,1.309074150412926e-06,15.0,180.0
-168.9563848256784,40.226067775400885,44.51234292294321,-5.570525445364183e-07,15.0,180.0
-168.81637998542834,40.37139425563936,44.2000488893569,-5.570525445364183e-07,15.0,180.0
-168.91043436363265,40.318121421508685,43.71933767530581,-1.531893758510705e-07,15.0,180.0
-169.27818278973322,40.11677920957952,43.27976503673652,5.361632702260977e-07,15.0,180.0
-169.78310627887262,39.89462576965504,43.06956022328265,9.74842350842664e-07,15.0,180.0
-170.28210391976953,39.72588344515188,43.14728811789093,-7.450580596923828e-07,15.0,180.0
-170.5805070331769,39.61885210090131,43.49868176286532,-2.451032059980207e-06,15.0,180.0
-170.56523127723898,39.66952751185398,44.13705803885318,3.481579824438086e-07,15.0,180.0
-170.46838042265924,39.91849958253202,44.92641535796,-9.261000286642228e-07,15.0,180.0
-170.5647165551979,40.24300545215768,45.54225635553614,-9.261000286642228e-07,15.0,180.0
-170.8326899871948,40.4973322089928,45.87174808955098,1.462263526263996e-06,15.0,180.0
-171.1661603068022,40.732388875496746,46.05327164245972,9.53952849158668e-07,15.0,180.0
-171.45536261899187,41.02768740368325,46.235739814563104,-2.33265836868668e-06,15.0,180.0
-171.73880630347836,41.15305552450098,46.3899039553064,1.162847638624953e-06,15.0,180.0
-172.07474741343637,41.03432810230924,46.50911324484611,-1.329963424723246e-06,15.0,180.0
-172.39428135176723,40.96994818408875,46.53225330770036,-1.636342403799063e-06,15.0,180.0
-172.6064345864013,40.91752388033035,46.33758378046559,-1.636342403799063e-06,15.0,180.0
-172.53806420538206,40.734004141748784,46.11241634285213,-5.013473582948791e-07,15.0,180.0
-172.37474349846116,40.619598688496026,46.04097568901537,1.183737140308949e-06,15.0,180.0
-172.45539461427757,40.669436244462936,45.99194923377416,1.601526946615195e-07,15.0,180.0
-172.70552312782036,40.83222962242591,45.91266353600688,1.531895122752758e-06,15.0,180.0
-172.85378589745076,40.96621679847014,45.87470018755821,-4.317157618061174e-07,15.0,180.0
-172.77130586001,41.03876046330385,45.851941528886655,6.057948667148594e-07,15.0,180.0
-172.63182911012552,41.17398418641852,45.94710926967328,-1.121068635256961e-06,15.0,180.0
-172.52182725296473,41.44120882134632,46.30026803523416,-1.121068635256961e-06,15.0,180.0
-172.38810413533514,41.83138607711427,46.72099501260843,6.197212769620819e-07,15.0,180.0
-172.46021992328753,42.30711322176124,47.05113237722847,2.242137497887597e-06,15.0,180.0
-172.85603599026862,42.82941780682755,47.4034752427101,-5.500894530996447e-07,15.0,180.0
-173.26766558873558,43.20104636389768,47.765727982553976,7.798739716236014e-07,15.0,180.0
-173.37858720684864,43.41324988277622,48.12658218947228,-1.845237193265348e-06,15.0,180.0
-173.27988724402047,43.60415980337541,48.37272202042694,-1.107142225009738e-06,15.0,180.0
-173.1738817054973,43.573630265657386,48.45564303539376,1.183739186672028e-07,15.0,180.0
-173.0787682380825,43.170473737535545,48.514079107054656,1.183739186672028e-07,15.0,180.0
-173.10546768544498,42.58277906710711,48.48057431199417,5.709791821573162e-07,15.0,180.0
-173.19380210734886,42.00038729884341,48.43117109263882,1.10017936094664e-06,15.0,180.0
-173.1573539412781,41.47106737221214,48.38936933932798,6.057948667148594e-07,15.0,180.0
-173.13319850961076,41.08867072446938,48.17571455093691,-1.002694943963434e-06,15.0,180.0
-173.22905041977907,40.99240940409706,47.7971199126673,1.880053105196566e-06,15.0,180.0
-173.36097256010186,41.12625773442194,47.39663628784875,2.485847971911426e-06,15.0,180.0
-173.39769380545326,41.284230195460935,47.11509525531988,2.485847971911426e-06,15.0,180.0
-173.2492266936789,41.425730226117714,46.85067408123055,5.500896804733202e-07,15.0,180.0
-173.08187307010667,41.58997324012233,46.47780076210045,-3.620841653173557e-07,15.0,180.0
-173.05998640378797,41.6656759624367,46.11459147757749,-9.191369372274494e-07,15.0,180.0
-173.0875376461165,41.64465641790513,45.88012507249561,-1.699010908851051e-06,15.0,180.0
-173.1243659853527,41.692306895798986,45.830059616749125,-6.54536961519625e-07,15.0,180.0
-173.21268555516258,41.828151944418245,45.93678111315759,3.133422978862654e-07,15.0,180.0
-173.27763345786963,41.968558812522566,46.163009801587,-5.988315479044104e-07,15.0,180.0
-173.28268788979872,42.02015868871497,46.55989535950405,-5.988315479044104e-07,15.0,180.0
-173.32783978015496,42.01302793135213,47.14485660204472,1.53189603224746e-07,15.0,180.0
-173.4763375414937,42.185204206131615,47.5977749127383,-1.274258011108031e-06,15.0,180.0
-173.6897666392211,42.43630472366089,47.63613244810959,-1.46922661770077e-06,15.0,180.0
-173.82162970850794,42.510927360400856,47.64857753906957,3.4815911931218586e-08,15.0,180.0
-173.7477169626804,42.59420857881513,47.995669998879336,-1.413521204085555e-06,15.0,180.0
-173.54201204026833,42.800849125304886,48.33325773535571,-1.253367827303009e-07,15.0,180.0
-173.29572164386212,43.00334200934789,48.29075450223334,-1.253367827303009e-07,15.0,180.0
-173.13411139354204,43.10430743895967,48.09582504758262,-2.506735654606018e-07,15.0,180.0
-173.160385265772,43.09797158756475,47.93528855563216,-1.991463477679645e-06,15.0,180.0
-173.37442323310432,43.24273666717106,47.77024782289072,-3.899367584381253e-07,15.0,180.0
-173.72369630066387,43.486296315167536,47.73958430932724,-2.632074256325723e-06,15.0,180.0
-174.0139399564886,43.531659306402354,47.89386283928703,-1.900942379506887e-06,15.0,180.0
-174.11619143034798,43.45907017071274,48.17496668571289,9.469897577218944e-07,15.0,180.0
-174.0912890926389,43.33686881315827,48.46116453959074,1.114105998567538e-07,15.0,180.0
-173.97702027202342,43.15708350855191,48.68215365854595,1.114105998567538e-07,15.0,180.0
-173.79957057810873,43.07907741293434,48.71011660114552,-1.427447614332777e-06,15.0,180.0
-173.70093583578182,43.2011675201213,48.49961427516112,8.07726564744371e-07,15.0,180.0
-173.8106441170703,43.36682978539439,48.23578556666864,-1.316037014476024e-06,15.0,180.0
-173.97107821453676,43.413737320717466,47.81828064013813,1.54582153299998e-06,15.0,180.0
-173.96857911065993,43.37128630946579,47.360413798052704,3.27268708133488e-07,15.0,180.0
-173.88367002664327,43.32096411813858,47.27698023113634,3.690474841278046e-07,15.0,180.0
-173.76814944612698,43.22122827213299,47.46032007765746,2.332658596060355e-06,15.0,180.0
-173.72925125715977,43.11721159113144,47.7023434196782,2.332658596060355e-06,15.0,180.0
-173.87934501958028,43.18601485032097,48.106428455377305,-8.495053407386877e-07,15.0,180.0
-173.9194786117374,43.37770369179714,48.48671971466142,7.380949682556093e-07,15.0,180.0
-173.7279985019699,43.6343529724259,48.62948672401205,-1.128031726693735e-06,15.0,180.0
-173.6131040951363,43.92494761275354,48.67898979649348,-4.526052634901134e-07,15.0,180.0
-173.66404733626368,44.01817571747695,48.61729129542874,-6.963157375139417e-07,15.0,180.0
-173.82124493834908,43.93781958893387,48.33883761860466,2.297842911502812e-07,15.0,180.0
-174.03323722022446,43.97533919539927,47.81806084145754,2.297842911502812e-07,15.0,180.0
-174.16237667981903,44.10813549061143,47.285045684668006,1.009658262773883e-06,15.0,180.0
-174.29178942293,44.15005309180516,46.99409426062702,-1.949683792190626e-07,15.0,180.0
-174.49185311805942,44.17058292461832,46.68916988159577,-4.177877599431668e-08,15.0,180.0
-174.62103847847362,44.24723352491085,46.34198714061949,2.088947894662851e-07,15.0,180.0
-174.64775742223603,44.23908165147336,46.22555057945892,-6.963159648876174e-08,15.0,180.0
-174.6981050352923,44.06793987053784,46.305093569855394,-1.385668610964785e-06,15.0,180.0
-174.83430935489284,43.85306862120866,46.4382812716473,2.144653308278066e-06,15.0,180.0
-175.0126252650286,43.69912231407617,46.69188488168515,2.144653308278066e-06,15.0,180.0
-175.26990026781073,43.574291520606245,47.246660109541054,1.02358444564743e-06,15.0,180.0
-175.5770548356034,43.35802268884648,47.93176553291897,-1.218552824866492e-06,15.0,180.0
-175.80304749807487,43.083498017895984,48.25846299258539,9.052109817275776e-08,15.0,180.0
-175.94356528260283,43.00209397918439,48.160206797059175,1.531895122752758e-06,15.0,180.0
-176.06966161698568,43.1605697763528,47.9859335767818,1.490116119384766e-06,15.0,180.0
-176.14903680653765,43.44652399649005,47.94958477831433,1.671160134719685e-07,15.0,180.0
-176.07333738485934,43.6279878408638,48.02436139822167,1.671160134719685e-07,15.0,180.0
-175.8305681145343,43.645783034272405,48.0928031817114,-9.052087079908233e-08,15.0,180.0
-175.57772684122364,43.82144861469838,48.01133534474896,1.775605824150261e-06,15.0,180.0
-175.58533725905025,44.06464320525949,47.824963505408846,7.729108801868279e-07,15.0,180.0
-175.84967069938298,44.20015465802127,47.82273894341904,-1.517968712505535e-06,15.0,180.0
-176.10255558183036,44.43913326613282,47.95577906908965,5.083106771053281e-07,15.0,180.0
-176.2706907997717,44.82999880602652,48.086974130708455,-2.019316070800414e-06,15.0,180.0
-176.38677098469108,45.26332283260352,48.25726117003581,-1.385668610964785e-06,15.0,180.0
-176.5418560453538,45.83765536131194,48.46057967442615,-1.385668610964785e-06,15.0,180.0
-176.88182127936452,46.40093219938346,48.71965114734491,-1.371742200717563e-06,15.0,180.0
-177.35215263808638,46.56569785905792,48.91002514404947,-6.963091436773539e-09,15.0,180.0
-177.74846963574004,46.433943948954926,48.97670253664416,1.462265117879724e-07,15.0,180.0
-177.98365511939238,46.28145961157833,49.0559075530925,6.893528734508436e-07,15.0,180.0
-178.08670987626363,46.18840871826058,49.2087244801993,1.601526719241519e-06,15.0,180.0
-178.00196825311693,46.01685685763198,49.52911130355192,-1.65026858667261e-06,15.0,180.0
-177.72608115286957,45.661684051040986,50.17883739369122,-1.65026858667261e-06,15.0,180.0
-177.49356243638093,45.31499172496824,50.9963780965729,-8.425422493019141e-07,15.0,180.0
-177.50251214023112,45.09842683144825,51.50609097766412,-1.490116119384766e-06,15.0,180.0
-177.60356528996851,44.973593783071536,51.50684404829819,-7.172052391979378e-07,15.0,180.0
-177.6565990077399,44.98263323113338,51.17905257449439,-2.994156602653675e-07,15.0,180.0
-177.72285828889903,45.089504437196,50.8227717522518,-7.589842425659299e-07,15.0,180.0
-177.73246604064812,45.02356970390118,50.70970752129827,1.357816245217691e-06,15.0,180.0
-177.69127109722027,44.81250349391605,50.9323688194438,1.392641024722252e-08,15.0,180.0
-177.77310684110392,44.70359953762871,51.28607778510281,1.392641024722252e-08,15.0,180.0
-177.99101492208254,44.53683901417916,51.60482125166599,-1.065363221641746e-06,15.0,180.0
-178.1476331311384,44.20747042648986,51.89729233739309,1.74079104908742e-07,15.0,180.0
-178.16159913275544,44.022122590687815,52.194985487724416,-1.810419689718401e-07,15.0,180.0
-178.1917569215411,44.05748497803381,52.58083568241913,-8.355789304914651e-07,15.0,180.0
-178.4087233805123,44.066186369967525,52.91748171612963,5.709791821573162e-07,15.0,180.0
-178.82875451694252,44.16483148342694,52.93526972370472,-8.564684321754612e-07,15.0,180.0
-179.2746428474283,44.53001037415581,52.688870725484286,-1.371742200717563e-06,15.0,180.0
-179.71433878806846,44.99850208203133,52.41001187808319,-1.371742200717563e-06,15.0,180.0
-180.2271625685252,45.44804806792225,51.97064388852457,-1.274258011108031e-06,15.0,180.0
-180.6960539849408,45.72391171187794,51.099201529863535,-1.086252723325742e-06,15.0,180.0
-180.96892092694932,45.72512979110531,50.0916643833036,-7.450580596923828e-07,15.0,180.0
-181.0571972281883,45.61841133481314,49.4085210997736,-1.817384600144578e-06,15.0,180.0
-181.06569751091305,45.55957010200928,49.03368606041137,5.570541361521465e-08,15.0,180.0
-181.07077545321064,45.5055273366788,48.93122188787568,-1.991463477679645e-06,15.0,180.0
-181.0669102522919,45.30163684568096,49.16903369984638,-1.991463477679645e-06,15.0,180.0
-180.98652079741467,44.90035630221351,49.59468982527481,-2.576368842710508e-07,15.0,180.0
-180.82556178215168,44.43793685199051,49.972832899126296,-1.552784397063078e-06,15.0,180.0
-180.6023741038994,44.09538051420223,50.19061990566593,-1.831310783018125e-06,15.0,180.0
-180.4002760060991,44.04539343755573,50.2463436788984,-5.918684564676369e-07,15.0,180.0
-180.314851864762,44.16423774919868,50.22379713405415,2.576371116447262e-07,15.0,180.0
-180.27006723229127,44.22296317664525,50.27525884852884,-6.406105512724025e-07,15.0,180.0
-180.2856085961347,44.38377795333831,50.4331393294776,-1.838274101828574e-06,15.0,180.0
-180.38719959306252,44.68676257741657,50.81695766318615,-1.838274101828574e-06,15.0,180.0
-180.4971550991673,44.82983180226675,51.41622089597971,-2.75044794761925e-06,15.0,180.0
-180.65062735089376,44.72902901362964,51.860193734196855,2.061095301542082e-06,15.0,180.0
-180.7648855833603,44.66284195676268,52.1189593161385,4.66531673737336e-07,15.0,180.0
-180.70227192849347,44.88268117582639,52.37308459997295,-8.495053407386877e-07,15.0,180.0
-180.4192876707914,45.38359501133251,52.47162896630783,-6.2668414102518e-07,15.0,180.0
-180.15573027199565,45.9343265367029,52.29887781433022,1.176774048872176e-06,15.0,180.0
-180.2042374309508,46.31881604792919,51.99184673699235,1.176774048872176e-06,15.0,180.0
-180.49163607199048,46.548679648510586,51.62307093520965,-8.634317509859102e-07,15.0,180.0
-180.9076831681305,46.55881757316557,51.15699215842184,4.87421175421332e-07,15.0,180.0
-181.3245057191929,46.17029357739364,50.65008190438045,1.15588454718818e-06,15.0,180.0
-181.57352128118288,45.59174898110787,50.20560863392589,-2.437104740238283e-07,15.0,180.0
-181.63214761584263,45.2978448805604,49.7803422793732,1.323001015407499e-07,15.0,180.0
-181.5196712798676,45.3845150485492,49.46029460310767,1.323001015407499e-07,15.0,180.0
-181.3603049243204,45.46659966617442,49.34207434368757,-4.526052634901134e-07,15.0,180.0
-181.3753413132572,45.33161731208796,49.26252943191248,-4.526052634901134e-07,15.0,180.0
-181.4573082962476,45.142419049455775,49.24064007211135,-1.956647793122102e-06,15.0,180.0
-181.41376769633123,45.00545048651897,49.40304189174525,-5.222368599788751e-07,15.0,180.0
-181.24328844028892,44.991670581719966,49.691232237702415,1.782568915587035e-06,15.0,180.0
-180.9519645434088,45.05203788559815,49.982988948230776,5.500896804733202e-07,15.0,180.0
-180.696625644978,45.05330721950654,50.18190043213528,-9.748418960953133e-08,15.0,180.0
-180.6173131039056,45.12108404858747,50.25857118207573,-7.450580596923828e-07,15.0,180.0
-180.6273215403033,45.275628892498986,50.32404837883818,-4.108262601221213e-07,15.0,180.0
-180.67946260065943,45.32186053464308,50.43731061041484,-4.108262601221213e-07,15.0,180.0
-180.86316106063268,45.26765863474019,50.509360605603874,3.481579824438086e-07,15.0,180.0
-181.2199487076948,45.08020795331768,50.62527771050605,1.183739186672028e-07,15.0,180.0
-181.7069103906317,44.764172909832624,50.9000153162122,-1.476189709137543e-06,15.0,180.0
-182.2738400596573,44.47420768312586,51.23535630042591,-8.634317509859102e-07,15.0,180.0
-182.8581781700213,44.194431515143314,51.59010864325929,7.380949682556093e-07,15.0,180.0
-183.34814712640704,44.02201948300022,51.79770677832721,-1.949683792190626e-07,15.0,180.0
-183.74463245791628,44.05477596353343,51.70219748174062,-1.949683792190626e-07,15.0,180.0
-184.26312627705272,44.31951324215235,51.62632233147741,-6.963157375139417e-07,15.0,180.0
-184.8359992043342,44.79512595075214,51.6910809860933,-3.969000772485742e-07,15.0,180.0
-185.09549547207263,45.074343699989946,51.90432279281065,-8.564684321754612e-07,15.0,180.0
-185.0190742797144,45.03564433272346,52.33978326249304,-4.943842668581055e-07,15.0,180.0
-184.89658056310856,44.963410877288325,52.73710188817252,5.083106771053281e-07,15.0,180.0
-184.8501997549648,44.98585211925421,52.93391317799984,-3.384095407454879e-06,15.0,180.0
-184.84677825204588,45.22034099371157,53.05318318940152,4.66531673737336e-07,15.0,180.0
-184.84726185714675,45.510243164330994,53.23550932572777,4.66531673737336e-07,15.0,180.0
-184.84349950897365,45.6026460645274,53.39866156329579,1.10017936094664e-06,15.0,180.0
-184.9694610997402,45.62194268917007,53.43299941347284,-6.197210495884065e-07,15.0,180.0
-185.15825616353345,45.75644087003755,53.394124985007096,-2.228209723398322e-07,15.0,180.0
-185.1150181580832,45.920861065760825,53.30478096991552,5.292001787893241e-07,15.0,180.0
-184.8677413319085,46.03292927480872,53.18260746112495,-1.880052877822891e-07,15.0,180.0
-184.65806378391807,46.19860413845981,53.169238559837005,1.392641024722252e-08,15.0,180.0
-184.55821567489585,46.26441682356347,53.23902105217272,1.392641024722252e-08,15.0,180.0
-184.6310839689189,46.1890424260264,53.298281990440735,1.114105998567538e-07,15.0,180.0
-184.9161827393877,46.22247072761353,53.43051899489843,-8.355777936230879e-08,15.0,180.0
-185.27067064226145,46.43212763393663,53.59925675509746,-2.0889274310320626e-08,15.0,180.0
-185.5892124626448,46.71985941351437,53.77168691277176,1.051437266141875e-06,15.0,180.0
-185.95632452938585,46.84259170667848,53.86443267765767,6.40610778646078e-07,15.0,180.0
-186.31877758339576,46.662825900444005,53.78606872115017,2.207321585956379e-06,15.0,180.0
-186.50060022803137,46.30792686963541,53.80985597345186,-8.495053407386877e-07,15.0,180.0
-186.60293754855007,45.98944256730212,54.015633435246585,-8.495053407386877e-07,15.0,180.0
-186.7799850498002,45.98369360730115,54.04323292108796,2.437107013975037e-07,15.0,180.0
-186.9795301790392,46.28277495537513,53.66728758919086,-1.100179133572965e-06,15.0,180.0
-187.08028349341976,46.532646259834834,53.23285162632931,-1.065363221641746e-06,15.0,180.0
-187.09354253256905,46.6085582511642,53.12999490350077,-1.970573975995649e-06,15.0,180.0
-187.0115495302472,46.57191743318751,53.2729367543216,-4.317157618061174e-07,15.0,180.0
-186.87800716939,46.47276933831071,53.52427714123301,-2.743484628808801e-06,15.0,180.0
-186.82304160333203,46.38540111160773,53.75753275386208,-2.743484628808801e-06,15.0,180.0
-186.8726150358292,46.33434876641753,53.76799241828853,-2.994156602653675e-07,15.0,180.0
-187.0122561809655,46.31724212731322,53.50671093773445,-1.434410705769551e-06,15.0,180.0
-187.04300504531608,46.42679099935822,53.17742804585176,-2.652963530636043e-06,15.0,180.0
-186.83635756486584,46.70735202750842,52.97701304602127,1.601526946615195e-07,15.0,180.0
-186.52501661270412,47.01680531440562,52.83521669549995,2.297842911502812e-07,15.0,180.0
-186.3431207059492,47.30760128960157,52.68768705274169,-9.052087079908233e-08,15.0,180.0
-186.37484660084084,47.61178059224789,52.57133494686808,3.41194891007035e-07,15.0,180.0
-186.55271178198475,47.983092205328,52.526201586711466,3.41194891007035e-07,15.0,180.0
-186.925776516114,48.38018794870161,52.67588682136619,-4.247526703693438e-07,15.0,180.0
-187.43032587437983,48.58096965219954,52.9599129059468,-2.645999757078243e-07,15.0,180.0
-187.89363044084132,48.57779662291244,53.25494412050316,1.664195224293508e-06,15.0,180.0
-188.3017212178996,48.48504629043072,53.43874099284135,-5.361632702260977e-07,15.0,180.0
-188.6553849511456,48.357124177427856,53.22505290055368,-2.214284677393152e-06,15.0,180.0
-188.929501639627,48.305989566480704,52.69495285800855,-1.107142225009738e-06,15.0,180.0
-189.12143864391192,48.247623666690615,52.381403199388686,-1.789531779650133e-06,15.0,180.0
-189.0878182899893,48.12782255420936,52.61001635054476,-1.789531779650133e-06,15.0,180.0
-188.7846962176457,48.05932760172567,53.17539766382503,-2.158578809030587e-07,15.0,180.0
-188.48720974926945,48.0072599290488,53.72785178057825,-2.249100361950696e-06,15.0,180.0
-188.34879139832972,47.97912660105618,54.0182206369075,-1.065363221641746e-06,15.0,180.0
-188.3453421422305,47.9135378865068,53.92368688524654,4.87423221784411e-08,15.0,180.0
-188.49688090089435,47.73512967314549,53.66456182306023,5.500896804733202e-07,15.0,180.0
-188.7167816858297,47.56085823867243,53.54640096555272,-4.247526703693438e-07,15.0,180.0
-188.9354493032808,47.426601438387166,53.55793373078132,-4.247526703693438e-07,15.0,180.0
-189.18497060501983,47.362074458587145,53.59909916965076,9.330635748483472e-07,15.0,180.0
-189.4088267211138,47.41419700774766,53.54734714427389,1.852200512075797e-06,15.0,180.0
-189.44600854820345,47.46848670544908,53.398062544741215,-1.559747715873527e-06,15.0,180.0
-189.19811923926204,47.55326366714108,53.41688138060513,-2.297840637766058e-07,15.0,180.0
-188.75186303396904,47.771208114221,53.65720447890431,-5.709789547836408e-07,15.0,180.0
-188.42852976675664,47.96340940897226,53.99104566708334,3.335353540023789e-06,15.0,180.0
-188.6024978802606,47.97853443432021,54.27437137552261,-4.874209480476566e-08,15.0,180.0
-189.2093422348829,47.830720330050696,54.45989494839524,-4.874209480476566e-08,15.0,180.0
-189.83100668806875,47.50747683742482,54.66869919188501,-5.013473582948791e-07,15.0,180.0
-190.2953317402776,47.12120833292339,54.820491986114654,-6.615000529563986e-07,15.0,180.0
-190.68925114764485,46.991846088542445,54.90560936592908,-1.016621126836981e-06,15.0,180.0
-191.00088222437284,47.16983683409974,55.0604317458662,-7.311316494451603e-07,15.0,180.0
-191.1590692817512,47.39030238557953,55.04640063741268,7.241687853820622e-07,15.0,180.0
-191.2095463676252,47.38245005797445,54.81162600113868,-6.823895546403946e-07,15.0,180.0
-191.15658190237951,47.17838668502887,54.68936255815424,-6.823895546403946e-07,15.0,180.0
-191.07544878886145,46.97376007035166,54.718633185599096,-5.083104497316526e-07,15.0,180.0
-191.1913124920459,46.75025523539171,54.82640878829861,8.07726564744371e-07,15.0,180.0
-191.4843327789054,46.62005229303571,55.1003437843674,1.058400357578648e-06,15.0,180.0
-191.7182194081317,46.67417119765611,55.44112459447252,-3.760105755645782e-07,15.0,180.0
-191.90530658606764,46.73701394697167,55.552455394826445,3.829738943750272e-07,15.0,180.0
-192.33835290130628,46.76626093058376,55.36952567532073,-3.969000772485742e-07,15.0,180.0
-192.978379233716,46.86897452022781,55.15432940548136,9.191371646011248e-07,15.0,180.0
-193.31832764748043,47.05775885098364,54.98734792686788,9.191371646011248e-07,15.0,180.0
-193.25880664652465,47.30295786553839,54.75020168382528,-2.158578809030587e-07,15.0,180.0
-193.17955248768484,47.68244636773968,54.5211307591902,-1.46226284414297e-07,15.0,180.0
-193.21381230116168,48.07373407692937,54.32824845875811,6.475738700828515e-07,15.0,180.0
-193.2414090826564,48.22309779008983,54.15237614424478,1.643305722609512e-06,15.0,180.0
-193.1720012130253,48.19871254977572,54.07789086294435,1.239442553924164e-06,15.0,180.0
-193.1702378232678,48.16326109140738,54.14845202280316,-1.183736912935274e-07,15.0,180.0
-193.44828158702703,48.12551662817648,54.32047661456719,-5.709789547836408e-07,15.0,180.0
-193.99182446827496,48.22641951506373,54.61152598619105,-5.709789547836408e-07,15.0,180.0
-194.599386632174,48.508838526091736,55.07661300572666,-2.235174179077148e-06,15.0,180.0
-195.1879340399772,48.67744315447377,55.63550413959646,-2.228209723398322e-07,15.0,180.0
-195.85580365161127,48.58838109744718,56.1155562188567,7.032792836980661e-07,15.0,180.0
-196.48520180948057,48.4792233226968,56.3616258748924,-3.272684807598125e-07,15.0,180.0
-196.80162447712704,48.57531670569994,56.34774356858324,-1.67115786098293e-07,15.0,180.0
-196.70266778345865,48.69490406904096,56.22542206341462,-2.228209723398322e-07,15.0,180.0
-196.4310398842918,48.80118090449314,56.23707976283494,-2.228209723398322e-07,15.0,180.0
-196.31384218459763,49.04951134583124,56.40945829017393,-3.481568455754314e-08,15.0,180.0
-196.43906230229143,49.31419351492565,56.53085537538582,-1.016621126836981e-06,15.0,180.0
-196.74592966795635,49.573016184357485,56.63904950151674,9.052109817275776e-08,15.0,180.0
-197.02897318754484,49.93557535270958,56.82140064245306,-3.098605930063059e-06,15.0,180.0
-197.1006404342728,50.17561000067437,56.84170548911722,-6.615000529563986e-07,15.0,180.0
-197.03720708959867,49.99337923113861,56.75296942257826,1.392631929775234e-07,15.0,180.0
-197.0438720921933,49.54563676462404,56.77543338425692,1.977537294806098e-06,15.0,180.0
-197.3634089461499,49.18643048925024,56.75858304994047,1.977537294806098e-06,15.0,180.0
-197.8423012093751,49.04445829676119,56.62431618872304,3.4815911931218586e-08,15.0,180.0
-198.1087859026636,49.076787003363776,56.537312324176,3.481579824438086e-07,15.0,180.0
-198.2687179720411,49.28860270691808,56.56514802833951,-1.128031726693735e-06,15.0,180.0
-198.40697253034008,49.56058141693941,56.65964738144444,5.0301863666391e-05,15.0,180.0
-198.3515528061559,49.799823962338,56.830269208990686,0.004276605322957,15.0,180.0
-198.18588931843072,50.13419711879436,56.96681581724513,0.0292782261967659,15.0,180.0
-198.20632537077017,50.43632625470741,56.879248430531895,0.0292782261967659,15.0,180.0
-198.615879386812,50.55520186371146,56.73686911585426,0.0838254913687706,15.0,180.0
-199.13729888052688,50.64725720029533,56.7543657472005,0.1636884212493896,15.0,180.0
-199.27029591491845,50.774539430717255,56.882433412575296,0.2555253505706787,15.0,180.0
-199.1170478870812,50.75818463064294,57.0319749589819,0.3512884676456451,15.0,180.0
-198.9341561279768,50.49650136580409,57.11604409074239,0.4492835998535156,15.0,180.0
-198.7307320329936,50.17879619259813,57.19385963372087,0.54808109998703,15.0,180.0
-198.71747473079228,50.00908479985807,57.3239953423406,0.6473245620727539,15.0,180.0
-199.0427247363976,49.941471773517776,57.34111394412265,0.6473245620727539,15.0,180.0
-199.4713025465964,49.8894168383549,57.27217624232831,0.747021496295929,15.0,180.0
-199.7580262249829,49.90034640556162,57.46647754005666,0.8468860983848572,15.0,180.0
-199.8470680798632,49.91598547613833,57.943352001389975,0.9468145370483398,15.0,180.0
-199.7542855453215,49.817408687545885,58.29226784964244,1.046720147132874,15.0,180.0
-199.55863469665508,49.565830037261016,58.31894818901407,1.146721363067627,15.0,180.0
-199.4101317244757,49.10702310035399,58.22948979909267,1.24669337272644,15.0,180.0
-199.4431254128958,48.77327039829399,58.34558179824684,1.346810817718506,15.0,180.0
-199.5861355077588,48.86870997975269,58.72952567311482,1.346810817718506,15.0,180.0
-199.7074265120327,48.99720832220716,59.31783521720727,1.446759343147278,15.0,180.0
-199.9276579773292,48.88817809378091,60.04215273538476,1.54669189453125,15.0,180.0
-200.3468590310993,48.62392946930706,60.56772039024322,1.646622061729431,15.0,180.0
-200.7285809153932,48.28129436442672,60.74343296030244,1.746598482131958,15.0,180.0
-200.88347199332492,48.12271149143205,60.739382612817,1.84660542011261,15.0,180.0
-200.9557474603907,48.2458282899277,60.65659275117458,1.946523308753967,15.0,180.0
-201.07105563745225,48.36926769880295,60.51174102866519,1.946523308753967,15.0,180.0
-201.12506812272133,48.395010666505584,60.28976818863685,2.046602487564087,15.0,180.0
-200.93592678798137,48.46981047893097,60.04421390936781,2.146676778793335,15.0,180.0
-200.6027671773218,48.572202435603536,59.95354262201528,2.246630430221558,15.0,180.0
-200.5666419266209,48.64275004038287,60.10996668409371,2.346597909927368,15.0,180.0
-200.9521992994788,48.6493497649866,60.29957237897906,2.446610450744629,15.0,180.0
-201.4885831065949,48.65529191087924,60.4136308586135,2.546626091003418,15.0,180.0
-202.05250515177428,48.8460132751627,60.51402525843827,2.646690130233765,15.0,180.0
-202.7169260389049,49.10982201264562,60.508464138611714,2.646690130233765,15.0,180.0
-203.50377620253508,49.240529274052896,60.37034750785725,2.746740818023682,15.0,180.0
-204.1824584869381,49.252777472745535,60.21247536247762,2.84656286239624,15.0,180.0
-204.5827150948616,49.240920694702886,60.29842178717139,2.94664192199707,15.0,180.0
-204.73024109218792,49.28668449575468,60.61076788926257,3.046585559844971,15.0,180.0
-204.5742686522003,49.47759204191475,60.722027496686096,3.146480798721313,15.0,180.0
-204.2880107751188,49.915789401651296,60.5154491622483,3.246636867523193,15.0,180.0
-204.28612707342995,50.46352412673791,60.19870720234031,3.246636867523193,15.0,180.0
-204.5229992671228,50.84129474291427,59.94288876977164,3.34662389755249,15.0,180.0
-204.6510981813578,51.04782626638284,59.74696388441088,3.446661710739136,15.0,180.0
-204.7396627181163,51.329385258712826,59.48860878717619,3.546618700027466,15.0,180.0
-204.97611857762,51.68515490799009,59.29382520060198,3.646467924118042,15.0,180.0
-205.25718907752488,51.85696716580429,59.371400631011234,3.746525287628174,15.0,180.0
-205.4025607425733,51.81254202060658,59.4992262476894,3.84649658203125,15.0,180.0
-205.4117081071284,51.609821954436136,59.58756293809875,3.946499347686768,15.0,180.0
-205.5351386979011,51.35188737578221,59.84823753993789,3.946499347686768,15.0,180.0
-205.810752085934,51.12605266827707,60.15394925117306,4.046695232391357,15.0,180.0
-206.0269197007788,50.94137250332055,60.30553262797891,4.146605968475342,15.0,180.0
-206.28171488656537,50.78048206140097,60.29197417773366,4.246662616729736,15.0,180.0
-206.7076099492864,50.49599182417669,60.18744749493348,4.346771240234375,15.0,180.0
-207.1894563472337,50.1826720619947,60.10786533290821,4.446631908416748,15.0,180.0
-207.536211429662,50.08515467194377,60.14617684861892,4.546456813812256,15.0,180.0
-207.58389988557087,50.12351441972592,60.305349331694856,4.546456813812256,15.0,180.0
-207.4744568291049,50.19077266570002,60.42227667916758,4.646586894989014,15.0,180.0
-207.37466221459573,50.26433542997134,60.609677041304245,4.746584892272949,15.0,180.0
-207.22813678170104,50.27130455619234,61.14014073985591,4.846663475036621,15.0,180.0
-207.1163325900592,50.32557738680622,61.78610010021467,4.946664333343506,15.0,180.0
-207.0732230321527,50.48469574679877,62.17883637108633,5.046591281890869,15.0,180.0
-207.18039739479647,50.66397923489555,62.20418094451681,5.146622180938721,15.0,180.0
-207.50398983328049,50.84188053955779,61.91461246898302,5.246547222137451,15.0,180.0
-207.734672459135,50.9661438308135,61.45815775179633,5.246547222137451,15.0,180.0
-207.77777569563392,51.08094613451644,61.01692723680661,5.346487522125244,15.0,180.0
-207.80485488994088,51.27023926829029,60.80001445712371,5.446544647216797,15.0,180.0
-207.91449887832368,51.48287727765464,60.759016991681705,5.546591281890869,15.0,180.0
-208.16264193646725,51.71079686647916,60.68501020644211,5.646616458892822,15.0,180.0
-208.46634953192,51.95764800166236,60.5439705969773,5.746638774871826,15.0,180.0
-208.8297205186853,52.11693674537194,60.39695436496069,5.846625804901123,15.0,180.0
-209.26281693006368,52.09369757079445,60.3807904171026,5.94663667678833,15.0,180.0
-209.43637388794312,51.90695729658552,60.49270524049055,5.94663667678833,15.0,180.0
-209.2699096056961,51.73239535826398,60.590043242514106,6.046657085418701,15.0,180.0
-209.17824578007423,51.74690600532391,60.65598150284607,6.146577835083008,15.0,180.0
-209.28831596604527,51.78994526414565,60.69597913575974,6.246572971343994,15.0,180.0
-209.3806668035511,51.63253467372629,60.687400591291485,6.346734046936035,15.0,180.0
-209.40715739459736,51.37177507614416,60.780941797823,6.446700096130371,15.0,180.0
-209.4148070399881,51.16563112667262,61.18850756041228,6.54680061340332,15.0,180.0
-209.4283112226229,51.04515097135852,61.848088707198414,6.54680061340332,15.0,180.0
-209.4932734646848,50.96852415159948,62.51936365007981,6.646703720092773,15.0,180.0
-209.6808037061016,50.84742200989739,63.065028525539965,6.746614933013916,15.0,180.0
-210.03357600683628,50.68068719333093,63.258707126558335,6.84660005569458,15.0,180.0
-210.4479063416426,50.61532955905202,62.940369374809926,6.946625709533691,15.0,180.0
-210.81607908182409,50.65578692078453,62.585856990338,7.046669960021973,15.0,180.0
-211.10715436380303,50.582889113981935,62.61642094124686,7.146719932556152,15.0,180.0
-211.3434773495576,50.49195680469679,62.83007216805993,7.246655941009521,15.0,180.0
-211.68441473658905,50.71074420167906,62.91594926027242,7.246655941009521,15.0,180.0
-212.20815939514628,51.08895148953901,62.779463049574176,7.346643447875977,15.0,180.0
-212.797389624904,51.47197005521591,62.53275879145794,7.446596622467041,15.0,180.0
-213.43300189106367,51.980670046261146,62.27685208858468,7.546473026275635,15.0,180.0
-214.0495883817269,52.53468748285457,61.98449688758696,7.646457672119141,15.0,180.0
-214.4575435161269,52.90543328878962,61.62475608264505,7.746328353881836,15.0,180.0
-214.59895170257943,52.85601048548304,61.38905423700859,7.846676826477051,15.0,180.0
-214.45007851603523,52.46363143970764,61.532234752366215,7.846676826477051,15.0,180.0
-214.1615734358512,52.178330647711135,61.83805818186164,7.946793079376221,15.0,180.0
-213.9514353106935,52.17573439156494,61.95388794467905,8.046686172485352,15.0,180.0
-213.7908749466152,52.29328646440513,62.042648990641226,8.146540641784668,15.0,180.0
-213.66623339227456,52.39071787192216,62.21359395321655,8.246535301208496,15.0,180.0
-213.6183464108809,52.34608835922479,62.35507448728359,8.346614837646484,15.0,180.0
-213.59388070392595,52.186086681022985,62.53070045340446,8.446514129638672,15.0,180.0
-213.64366470176503,52.01742374031713,62.70565461053506,8.546560287475586,15.0,180.0
-213.7852177909162,51.91536755724934,62.94689039652263,8.546560287475586,15.0,180.0
-213.76006654908176,51.88040573541669,63.35349234228156,8.64645004272461,15.0,180.0
-213.45584070564536,51.87903637154953,63.63378635127032,8.746622085571289,15.0,180.0
-213.12920728477675,51.91168794055047,63.61066398677788,8.84666919708252,15.0,180.0
-213.0548905444082,51.91090820866584,63.48382316585352,8.946391105651855,15.0,180.0
-213.2681815653376,51.94845676524089,63.44248732096906,9.046568870544434,15.0,180.0
-213.57868223729423,51.99809052282846,63.50624056162738,9.146645545959473,15.0,180.0
-213.75481520101533,51.81069236391128,63.52700242737856,9.246678352355955,15.0,180.0
-213.80603579254463,51.469721137189225,63.42873206834285,9.246678352355955,15.0,180.0
-213.769891403962,51.25703117921413,63.301615034976486,9.346742630004885,15.0,180.0
-213.51209893713585,51.08035255576831,63.20744848159986,9.446673393249512,15.0,180.0
-213.089865402102,50.78992091105917,63.33865388592525,9.54653549194336,15.0,180.0
-212.63543123917404,50.59116421186964,63.75758038182845,9.646578788757324,15.0,180.0
-212.2064378808768,50.61725804365179,64.22454662263236,9.74661636352539,15.0,180.0
-211.91396522924327,50.73884569329383,64.60655340604498,9.846524238586426,15.0,180.0
-211.69946751506268,50.83618661563087,64.68562771379284,9.846524238586426,15.0,180.0
-211.32886997273104,50.86856592766057,64.36601569781097,9.946624755859377,15.0,180.0
-210.78656881571817,50.61555321264562,63.99555387328961,10.04655456542969,15.0,180.0
-210.37571223165853,50.05200738769665,63.78961716712986,10.14650917053223,15.0,180.0
-210.1783841048946,49.45758141524021,63.54727323410163,10.2466459274292,15.0,180.0
-210.08425181895407,48.90509320289952,62.93658458910989,10.34660053253174,15.0,180.0
-210.00352047881344,48.52250399936997,62.021336716910895,10.44659328460693,15.0,180.0
-209.59305740441727,48.51600679811786,61.267469967563365,10.54659461975098,15.0,180.0
-208.84310391917225,48.76302965590305,60.928009482673176,10.54659461975098,15.0,180.0
-207.99480801493723,48.97302858132277,60.83940674657814,10.6466178894043,15.0,180.0
-207.07563983810263,49.01468080456838,60.9397834675277,10.74687671661377,15.0,180.0
-206.26883727857245,48.861901217715975,61.288155742471766,10.84679794311523,15.0,180.0
-205.66706163858527,48.69306639245778,61.56111339605618,10.94658851623535,15.0,180.0
-205.3224829565952,48.674736156217705,61.50401706347891,11.04660129547119,15.0,180.0
-205.231669811086,48.64232935172178,61.28727543089153,11.14653587341309,15.0,180.0
-205.0602368160071,48.53168736318163,61.21796534971232,11.14653587341309,15.0,180.0
-204.75080929416328,48.58649877297108,61.38884205926633,11.24667835235596,15.0,180.0
-204.53760886553704,48.85322914633849,61.56037421374788,11.34665298461914,15.0,180.0
-204.4607995499284,49.06358117218952,61.62039884128566,11.44655513763428,15.0,180.0
-204.28905428303028,49.17782516097345,61.52188432232446,11.54672431945801,15.0,180.0
-203.84253391405127,49.34005117417517,61.15087012686857,11.64671039581299,15.0,180.0
-203.27013080957772,49.48528099307313,60.62053862850781,11.74670124053955,15.0,180.0
-202.66725062911323,49.53662465304037,60.129846382980205,11.84662628173828,15.0,180.0
-202.01413459258487,49.63179216172349,59.77987724817092,11.84662628173828,15.0,180.0
-201.56091358765465,49.73974758712693,59.55857161726863,11.94655704498291,15.0,180.0
-201.45559827459115,49.68813584637971,59.44136478215361,12.04660320281982,15.0,180.0
-201.45344082038844,49.59406232447618,59.439637179757085,12.14669036865234,15.0,180.0
-201.51356722325977,49.68237792758963,59.347226225923485,12.2467212677002,15.0,180.0
-201.68281610619653,49.91111996642603,58.97427386436144,12.34665203094482,15.0,180.0
-201.7337861725232,50.069135163349245,58.51003605304045,12.44662380218506,15.0,180.0
-201.59006528358023,49.94831133645889,58.26186697596263,12.44662380218506,15.0,180.0
-201.44075066071764,49.465188601234,58.3806480121402,12.54648685455322,15.0,180.0
-201.2095031590976,48.876623256270896,58.72322032145959,12.64653778076172,15.0,180.0
-200.8524126063411,48.47975399894055,58.96526741253064,12.74669933319092,15.0,180.0
-200.54709338119497,48.305844570772535,58.92510297464176,12.84654140472412,15.0,180.0
-200.15039545226892,48.12343630379058,58.74905925743328,12.94662475585938,15.0,180.0
-199.69324153667728,47.90390988144,58.72253375142851,13.04668617248535,15.0,180.0
-199.3735598303049,47.828785016221175,58.94227695840503,13.14633464813232,15.0,180.0
-199.27067912369745,47.74782524361879,59.2497574114609,13.14633464813232,15.0,180.0
-199.4144404912809,47.550935319109776,59.39342128101399,13.24647521972656,15.0,180.0
-199.5539414384225,47.40151020442852,59.23249929508049,13.34662532806396,15.0,180.0
-199.48872640489577,47.29456655806867,58.82466667733398,13.44672775268555,15.0,180.0
-199.27265345198248,47.035869424959074,58.380931660829255,13.54678916931152,15.0,180.0
-199.0461727020813,46.81310168524784,58.1086673677648,13.6465482711792,15.0,180.0
-198.87733623353813,46.84811346928707,57.92695929090789,13.74653625488281,15.0,180.0
-198.75847466673207,46.91002077248697,57.585764300759706,13.84675312042236,15.0,180.0
-198.707278165303,46.811381396369306,57.2263600417444,13.84675312042236,15.0,180.0
-198.6565405136812,46.54207583925037,57.090027721514105,13.94663906097412,15.0,180.0
-198.37608445955783,46.29884321985327,57.007646499175614,14.04630756378174,15.0,180.0
-197.7347440697532,46.23011273379998,56.7900575705401,14.14638423919678,15.0,180.0
-196.8602911226071,46.186149253780926,56.463626295328325,14.24667263031006,15.0,180.0
-195.9689812744309,46.24378271470544,56.12011933699368,14.346999168396,15.0,180.0
-195.1734661737719,46.510446604381656,55.97688508393502,14.44678688049316,15.0,180.0
-194.45341107813343,46.71740829144195,56.16959766965563,14.44678688049316,15.0,180.0
-193.8469677788698,46.72231391140414,56.51130183384056,14.54650688171387,15.0,180.0
-193.3833237742325,46.75965537516007,56.62634287972141,14.6465425491333,15.0,180.0
-193.0041620795691,46.96532907552095,56.3199050197676,14.74672985076904,15.0,180.0
-192.6596353068462,47.15607397213312,55.76207589098743,14.8466157913208,15.0,180.0
-192.323710311769,47.228595207379264,55.09758006790719,14.94643974304199,15.0,180.0
-192.15451012442065,47.128777574196825,54.613153788246976,15.04625225067139,15.0,180.0
-192.20469532349256,46.86659970762758,54.61367642236021,15.14653873443604,15.0,180.0
-192.2638071846221,46.700478020602354,54.71446916125952,15.14653873443604,15.0,180.0
-192.25464888667867,46.6234961628025,54.61734068022424,15.24682712554932,15.0,180.0
-192.08290542993177,46.43400566449974,54.691645065031466,15.34663867950439,15.0,180.0
-191.73967320845296,46.10233926003389,54.96751876400661,15.44664096832275,15.0,180.0
-191.5450125689765,45.716892323239655,55.11345577237558,15.54655933380127,15.0,180.0
-191.620022231403,45.52359249124567,55.11586055626526,15.64651775360107,15.0,180.0
-191.6953416128364,45.53309501278562,55.02304139474114,15.74665927886963,15.0,180.0
-191.50159272230152,45.460744632569295,55.02647221131018,15.74665927886963,15.0,180.0
-191.027409720484,45.268256718830415,55.25092750673575,15.8465690612793,15.0,180.0
-190.44699490239373,45.07837345862463,55.48696455720098,15.94638061523438,15.0,180.0
-189.8219360127988,44.96316104015398,55.57722159448052,16.046630859375,15.0,180.0
-189.15834367324453,44.83923669601428,55.5278682071159,16.14672088623047,15.0,180.0
-188.4583948446224,44.50010263796541,55.45830027531016,16.24666595458984,15.0,180.0
-187.7943968687922,44.05366842091848,55.3330798350958,16.34667015075684,15.0,180.0
-187.32371775084303,43.75997967603649,55.11114318515389,16.44663047790527,15.0,180.0
-187.01691598556383,43.782433055972106,54.94536888860099,16.44663047790527,15.0,180.0
-186.7693580530228,43.96998736279749,55.04521173609592,16.54666137695312,15.0,180.0
-186.39830696040252,44.01508576266196,55.417723632495886,16.64670562744141,15.0,180.0
-185.83329751615267,43.95228589542244,55.69001963175617,16.74661827087402,15.0,180.0
-185.2949152255754,43.89692328632663,55.60641342459848,16.84667015075684,15.0,180.0
-184.8917972663324,43.95488680305394,55.30819829257933,16.94672012329102,15.0,180.0
-184.65195779593543,44.15181242575544,54.99140426277533,17.04668426513672,15.0,180.0
-184.4848711145836,44.40511192110944,54.85017394048523,17.14666557312012,15.0,180.0
-184.15451916380664,44.47490338026468,54.99448445751631,17.14666557312012,15.0,180.0
-183.64773196706585,44.08241893020466,55.18113763035416,17.24654197692871,15.0,180.0
-183.2390650230374,43.452279493823085,55.120263746382406,17.34669494628906,15.0,180.0
-183.2409309956858,42.95828341730257,54.80258283913609,17.44677543640137,15.0,180.0
-183.36286328436844,42.58052871816442,54.39661467638005,17.54654693603516,15.0,180.0
-183.061634375129,42.158042145706965,54.01103561951009,17.64642524719238,15.0,180.0
-182.45918853868525,41.72903773499919,53.603782698108006,17.74644470214844,15.0,180.0
-181.7896467051895,41.49402846826712,53.07966662561381,17.74644470214844,15.0,180.0
-180.98239413538187,41.51011115938079,52.56087289677331,17.84647941589355,15.0,180.0
-180.16677804679625,41.6967238090464,52.27196449805285,17.9467945098877,15.0,180.0
-179.50181268003251,41.90900565214772,52.078717718541895,18.04662895202637,15.0,180.0
-178.90702151739106,42.01485909441578,51.85654151533578,18.14654541015625,15.0,180.0
-178.3497001356855,42.07515289510688,51.60523242435815,18.24656867980957,15.0,180.0
-177.91291664642358,42.095224045761725,51.34709980869379,18.34656524658203,15.0,180.0
-177.67147734097395,41.98467418788498,51.28199690087169,18.44669723510742,15.0,180.0
-177.48557579984617,41.72140668340327,51.32366496626315,18.44669723510742,15.0,180.0
-177.17003345027408,41.44106741488096,51.320207670248806,18.54666328430176,15.0,180.0
-176.85248821240918,41.43035169996694,51.42072835977415,18.64652633666992,15.0,180.0
-176.7316290812433,41.69756866125437,51.606556852220095,18.74655151367188,15.0,180.0
-176.67962820023968,41.94292278280527,51.66390324919965,18.84665107727051,15.0,180.0
-176.33110580017978,42.119039178855054,51.41693634591287,18.9466667175293,15.0,180.0
-175.61667157317507,42.25303423974628,50.8628353049908,19.04668426513672,15.0,180.0
-174.92908016077018,42.2964684011789,50.29882314806907,19.04668426513672,15.0,180.0
-174.46003971057436,42.29361405543241,49.97018346377817,19.14673614501953,15.0,180.0
-173.9750924339829,42.1923965444233,49.94221201859262,19.24655151367188,15.0,180.0
-173.46221175449335,42.10396442769128,50.05587372232616,19.34665679931641,15.0,180.0
-173.08984802715747,42.02870503546315,49.9372300767272,19.44665718078613,15.0,180.0
-172.84705329799655,41.8359126887284,49.46900492205686,19.54653739929199,15.0,180.0
-172.54237747340653,41.708953466323045,48.906076917315325,19.64666366577148,15.0,180.0
-172.13086831117045,41.67485417281369,48.49376290538189,19.74668312072754,15.0,180.0
-171.83176393739154,41.63758387695649,48.16152786577974,19.74668312072754,15.0,180.0
-171.63114270142944,41.66374819189296,47.77050842669826,19.84668731689453,15.0,180.0
-171.26014861882268,41.83652395168088,47.303219395213496,19.94673538208008,15.0,180.0
-170.62622593339788,42.05015223769428,46.86179075600115,20.04657363891602,15.0,180.0
-169.8648990269488,42.101128540448975,46.60187523762676,20.14665222167969,15.0,180.0
-169.12935859240565,42.07509971594887,46.49370776936101,20.24674034118652,15.0,180.0
-168.41238549033432,42.03975177580189,46.34456779139902,20.34667778015137,15.0,180.0
-167.75951701466946,41.85811178491777,46.18676368080243,20.34667778015137,15.0,180.0
-167.4875327916953,41.58215352047562,46.179036277670136,20.44671249389648,15.0,180.0
-167.51360246246884,41.254329653737415,46.16422107239201,20.54661178588867,15.0,180.0
-167.36730450049785,40.901667060136674,46.06081786200317,20.64644813537598,15.0,180.0
-167.05988038655957,40.78294242902746,46.03301777999575,20.74660491943359,15.0,180.0
-166.80017615085927,40.90550436119064,45.92159717923478,20.84658050537109,15.0,180.0
-166.4249463213981,41.1176832499712,45.63527966249906,20.94657325744629,15.0,180.0
-165.88147933979587,41.52128583556072,45.54894952178384,21.0467529296875,15.0,180.0
-165.3852494106625,42.05407269748037,45.62476423571727,21.0467529296875,15.0,180.0
-165.12589544303154,42.46311144901794,45.40833868171535,21.14658737182617,15.0,180.0
-165.03170748087513,42.65613331837007,44.97600703062206,21.24656295776367,15.0,180.0
-164.77258140219143,42.73297093969163,44.6114934263541,21.34662246704102,15.0,180.0
-164.30730271469747,42.80210166514644,44.24885893427167,21.4465160369873,15.0,180.0
-163.74698022322605,42.79806258724774,44.12790565033878,21.54649353027344,15.0,180.0
-163.0097596621899,42.63781650692849,44.46186695650572,21.64660835266113,15.0,180.0
-162.34221246966797,42.39571669387605,44.92417367620821,21.74683380126953,15.0,180.0
-162.0080795755625,42.16840825005323,45.40489550234893,21.74683380126953,15.0,180.0
-161.62225641729935,41.96234812521535,45.74502044625247,21.84687995910645,15.0,180.0
-160.98790833316446,41.90835026731843,45.66949376757127,21.9466381072998,15.0,180.0
-160.24977534614584,42.04051128638107,45.26875450027665,22.04631614685059,15.0,180.0
-159.55227700685975,41.994085687082254,44.804146210150186,22.14640998840332,15.0,180.0
-158.9929623950779,41.68168716112274,44.47963366265464,22.24646949768066,15.0,180.0
-158.42863796887926,41.36596052860777,44.1822702046832,22.34649467468262,15.0,180.0
-157.91927325443442,41.227721010108496,43.75090829613498,22.34649467468262,15.0,180.0
-157.5507102260633,41.35363032662361,43.18912260424485,22.4465446472168,15.0,180.0
-157.14794177152038,41.64308088369657,42.61464341479312,22.5466423034668,15.0,180.0
-156.68525315877463,41.91009080254223,42.2457644078789,22.64663505554199,15.0,180.0
-156.2530729334266,42.10900086551461,42.04140061620393,22.74668121337891,15.0,180.0
-155.81245557089818,42.36042673804521,41.92611791736939,22.84652137756348,15.0,180.0
-155.3541214234051,42.5560039005453,42.06262607046008,22.94667816162109,15.0,180.0
-154.9484482745288,42.54098392009289,42.51169538614283,23.04657173156738,15.0,180.0
-154.57941562695984,42.49586224846739,43.034575816677794,23.04657173156738,15.0,180.0
-154.13280396673306,42.54716112191661,43.19624060378714,23.14656639099121,15.0,180.0
-153.57820081037084,42.54592243405396,42.983573590631565,23.24668121337891,15.0,180.0
-152.9964904959246,42.44991943183546,42.72765590828544,23.34661102294922,15.0,180.0
-152.3843016246281,42.37032597284293,42.60241520497758,23.44661521911621,15.0,180.0
-151.6944089739917,42.20606576514309,42.591236371560285,23.54673194885254,15.0,180.0
-150.94301147008184,41.89844162794338,42.48528620671832,23.64666557312012,15.0,180.0
-150.21136576384225,41.55762744605036,42.19348239850779,23.64666557312012,15.0,180.0
-149.4910129812597,41.31081064542879,41.80970008371383,23.74664688110352,15.0,180.0
-148.82552197642602,41.24371908200913,41.57131057392473,23.84657859802246,15.0,180.0
-148.2843264451196,41.35833823407887,41.55209008376117,23.94653129577637,15.0,180.0
-147.66416348948206,41.674965714849804,41.5678046442996,24.04665184020996,15.0,180.0
-147.0185911373784,42.05092020569981,41.46319595067963,24.14664077758789,15.0,180.0
-146.5411638153114,42.22726683438093,41.19818034666434,24.24648475646973,15.0,180.0
-145.99419447028282,42.22031025861744,40.89473420501157,24.34646034240723,15.0,180.0
-145.3264698132569,42.10934467073166,40.62002119355181,24.34646034240723,15.0,180.0
-144.90235129288033,41.75945732607982,40.44409187408388,24.44646644592285,15.0,180.0
-144.76442263894256,41.07274594951881,40.44694724482145,24.54656791687012,15.0,180.0
-144.7294527171963,40.10067210445145,40.5738241613011,24.64673042297363,15.0,180.0
-144.8791911108066,39.232588163843126,40.70606407213613,24.74658203125,15.0,180.0
-145.11026694621444,38.8581366025102,40.67461175297522,24.84664726257324,15.0,180.0
-145.21543442755654,38.82596993115945,40.52306807497991,24.94667625427246,15.0,180.0
-145.29046339840878,38.80535071119157,40.435695740560455,25.04644203186035,15.0,180.0
-145.27526642069165,38.69077546608375,40.32311851144839,25.04644203186035,15.0,180.0
-144.9682107621211,38.63207807434456,40.1443355233848,25.14642333984375,15.0,180.0
-144.5456147288415,38.62175010954068,40.08083204780958,25.24664306640625,15.0,180.0
-144.20266572894627,38.565481755514725,40.09653509460136,25.34675788879395,15.0,180.0
-143.78605558163676,38.6596984901101,40.010566766196206,25.44674491882324,15.0,180.0
-143.15538281981975,38.75949998162305,39.8609592211446,25.54659843444824,15.0,180.0
-142.30140614518234,38.50664520526124,39.679317470594725,25.64657211303711,15.0,180.0
-141.43678161472383,38.18974734054154,39.36668840844533,25.64657211303711,15.0,180.0
-140.82398264651195,38.16225008173304,38.8872916118658,25.74654769897461,15.0,180.0
-140.2721241443885,38.368795371447874,38.4176929783406,25.84653282165527,15.0,180.0
-139.62698642097396,38.57390630926662,38.084509375920575,25.94656372070312,15.0,180.0
-139.05084220892687,38.592878770414615,37.798931026548445,26.0466194152832,15.0,180.0
-138.60084596486203,38.63983236395882,37.50240228255905,26.14667510986328,15.0,180.0
-138.1736845482872,38.84002948753982,37.10979015770732,26.24688911437988,15.0,180.0
-137.64794130489074,39.069353717620906,36.70450869370361,26.34675788879395,15.0,180.0
-137.06537641256782,39.3186554935258,36.49600287865567,26.34675788879395,15.0,180.0
-136.51291270691345,39.43819374321388,36.509841460098606,26.4465160369873,15.0,180.0
-136.09065888251808,39.34661628313615,36.61575876794741,26.54656791687012,15.0,180.0
-135.72848083049735,39.21627988311985,36.69276452384391,26.64655113220215,15.0,180.0
-135.3418967157424,39.07302710116776,36.71879818225102,26.7467041015625,15.0,180.0
-135.10875045182527,39.04324242370962,36.64118659465606,26.8468132019043,15.0,180.0
-134.91676046291929,39.407337861900736,36.39679633593466,26.94647598266602,15.0,180.0
-134.47442310196303,39.94560424510557,36.05844917130708,26.94647598266602,15.0,180.0
-133.90293042515785,40.14013643398747,35.76587430340634,27.04643249511719,15.0,180.0
-133.3002316895844,39.906888826943145,35.612480036369845,27.1466121673584,15.0,180.0
-132.52683066342072,39.60757152168477,35.680236148528024,27.24675178527832,15.0,180.0
-131.73154757459247,39.36295754830146,35.86969425441439,27.34670257568359,15.0,180.0
-131.1628168500219,38.94283581286479,36.017277882036296,27.44658660888672,15.0,180.0
-130.86780420018815,38.45577811644101,36.05703337892288,27.54641151428223,15.0,180.0
-130.66660637935104,38.13600753963346,35.810270925413,27.64669799804688,15.0,180.0
-130.3378194949749,37.88830102518377,35.273109405593885,27.64669799804688,15.0,180.0
-129.88140605404098,37.665434054563214,34.89618442475104,27.74687957763672,15.0,180.0
-129.46776411994324,37.55508774032455,34.94257132924572,27.84587478637695,15.0,180.0
-129.1799027446182,37.55442524137091,35.05596790660499,27.94585037231445,15.0,180.0
-128.91995790962855,37.54943488276201,35.11599207992428,28.04636764526367,15.0,180.0
-128.70488746260253,37.46640077898515,35.378824720388806,28.14709281921387,15.0,180.0
-128.61725396346958,37.33576777793317,35.7900613095479,28.24721908569336,15.0,180.0
-128.57928497402688,37.2239133509397,36.08108034374129,28.24721908569336,15.0,180.0
-128.4163289847872,37.16854272215998,36.12391066553533,28.34636306762695,15.0,180.0
-128.1040657874978,37.16212000410773,36.07110899442373,28.4464054107666,15.0,180.0
-127.74568335618338,37.22240634302283,36.16743422398556,28.5466365814209,15.0,180.0
-127.35820333192736,37.343323700504,36.494428130941856,28.64696502685547,15.0,180.0
-127.01679348139966,37.58601082855336,36.82585608969401,28.74638175964355,15.0,180.0
-126.8114201097613,37.92202123171988,36.85953059522369,28.84642028808594,15.0,180.0
-126.64202578934764,38.06748786669531,36.59425759629976,28.94677925109863,15.0,180.0
-126.4223342423384,37.963771090302274,36.22786179408441,28.94677925109863,15.0,180.0
-126.21374681726438,37.81228747429608,35.82064412754972,29.04692459106445,15.0,180.0
-125.96671272426411,37.76888571975858,35.09775366255123,29.14693450927734,15.0,180.0
-125.5870306920534,37.84752180976774,34.05806272306861,29.2466869354248,15.0,180.0
-125.13005893117293,37.88092454009693,33.30507981563717,29.34660720825195,15.0,180.0
-124.61277406095178,37.748179188847416,33.14018824766959,29.4466667175293,15.0,180.0
-124.0664101905583,37.51531664059284,33.185618810854514,29.54657745361328,15.0,180.0
-123.468310503567,37.16696498463377,33.21211935486002,29.64666938781738,15.0,180.0
-122.63778852905394,36.66591213928519,33.34501053985992,29.64666938781738,15.0,180.0
-121.6355115654442,36.23454571778826,33.38930593231444,29.74650573730469,15.0,180.0
-120.82054535880346,36.092085352662,33.115613600813994,29.8466682434082,15.0,180.0
-120.407845191511,36.11001212887013,32.644422785185135,29.94684219360352,15.0,180.0
-120.27603685962472,36.013003567192925,32.229081211328854,30.04659843444824,15.0,180.0
-120.19962844166376,35.84007237644428,32.001241952102994,30.14660835266113,15.0,180.0
-119.91794196056388,35.73460626928149,31.882284336131733,30.24665069580078,15.0,180.0
-119.32272223404703,35.673634333646795,31.804558532135434,30.24665069580078,15.0,180.0
-118.71204231092108,35.6386631088031,31.70456418147724,30.34673309326172,15.0,180.0
-118.33145889449877,35.64436812027195,31.49108385483836,30.44677925109863,15.0,180.0
-118.16450807093332,35.65859024588622,31.11237598564847,30.5467414855957,15.0,180.0
-118.04308500603398,35.69076184678408,30.65281191128909,30.64665985107422,15.0,180.0
-117.7425330394833,35.782672436547195,30.290456315880657,30.74650382995605,15.0,180.0
-117.2747390091686,35.79878846032873,30.18770444200128,30.84655570983887,15.0,180.0
-116.87914649472808,35.59592461751379,30.329412120532623,30.94645118713379,15.0,180.0
-116.6292973738312,35.202329077299844,30.41951445882924,30.94645118713379,15.0,180.0
-116.25690971280756,34.80016104541465,30.309516735075125,31.04656600952148,15.0,180.0
-115.73595166301403,34.631818969550544,30.161766081536825,31.14656066894531,15.0,180.0
-115.26983123282504,34.647521746707255,30.032940869252293,31.24660873413086,15.0,180.0
-114.84337710352123,34.622514292559025,29.803375128857088,31.34672546386719,15.0,180.0
-114.42501754803114,34.49089462329417,29.49601864348405,31.44651794433594,15.0,180.0
-114.02470961337522,34.43063756940712,29.27875112362076,31.54659843444824,15.0,180.0
-113.5829035137583,34.545421545324324,29.226674524406302,31.54659843444824,15.0,180.0
-113.117319531834,34.559334560466084,29.25329520630231,31.64656639099121,15.0,180.0
-112.86733094517606,34.44092037130504,29.25458389358513,31.74646759033203,15.0,180.0
-112.92086935156118,34.35926490471212,29.14941313395253,31.84663772583008,15.0,180.0
-113.05013892371784,34.28344328765288,29.10054905614868,31.94664573669434,15.0,180.0
-112.92291172115678,34.16273931731562,29.123646575479764,32.04663467407227,15.0,180.0
-112.47644497983502,33.931716996038,28.85965579573295,32.14670181274414,15.0,180.0
-112.09449227118763,33.60547668579776,28.531696941749647,32.24662017822266,15.0,180.0
-111.89227723157288,33.433959233507274,28.636532064312863,32.24662017822266,15.0,180.0
-111.6466286765244,33.560473117959354,29.154357679250403,32.34654235839844,15.0,180.0
-111.30311974510168,33.85280712342936,29.67412574286958,32.44663238525391,15.0,180.0
-110.90946731333182,34.1954618084037,29.96322168700536,32.54656600952148,15.0,180.0
-110.46756212307294,34.447446882383176,29.99493599441212,32.64656829833984,15.0,180.0
-109.9947721080351,34.50954794887468,29.792989462098955,32.74656677246094,15.0,180.0
-109.46458120759075,34.33469312334584,29.61217006518381,32.84653854370117,15.0,180.0
-108.88539920203957,34.11672972960301,29.480216391448,32.94671249389648,15.0,180.0
-108.39307870107744,34.147003862472395,29.27700539674843,32.94671249389648,15.0,180.0
-107.9081238200034,34.426135414711766,28.97707569108496,33.04668426513672,15.0,180.0
-107.48416444496696,34.82704744270967,28.54520592644809,33.14655685424805,15.0,180.0
-107.34392035528538,35.17382129209994,28.06018123135008,33.24667739868164,15.0,180.0
-107.31090414589453,35.35636850812179,27.722737533760284,33.34659194946289,15.0,180.0
-107.19904251405175,35.25821752201327,27.69755766367702,33.44667816162109,15.0,180.0
-107.08929121400838,34.91792161624067,27.90070489706574,33.54684829711914,15.0,180.0
-106.95075186189536,34.5227609987985,28.09301358534618,33.54684829711914,15.0,180.0
-106.64774178762336,34.152620498677635,28.23792668897096,33.64662170410156,15.0,180.0
-106.0890795217675,34.01212420894899,28.47234596603008,33.74667739868164,15.0,180.0
-105.28000326270976,34.206818329312924,28.66209196242722,33.84666442871094,15.0,180.0
-104.50603693208102,34.468621821233164,28.54115555006131,33.94654083251953,15.0,180.0
-104.0052908543568,34.55658272294543,28.21961016852021,34.04664993286133,15.0,180.0
-103.676723245489,34.52795939900414,27.991002408175905,34.14662170410156,15.0,180.0
-103.22273333884796,34.418060368948005,27.878143658191608,34.24665832519531,15.0,180.0
-102.46545780957514,34.1012086022133,27.71180104531434,34.24665832519531,15.0,180.0
-101.64458453875714,33.62437363116546,27.41919592452512,34.34671783447266,15.0,180.0
-101.01373344785878,33.09986803239709,27.016665365220284,34.44651412963867,15.0,180.0
-100.52991103432012,32.60463274390227,26.61130955622436,34.54656219482422,15.0,180.0
-100.14455277504484,32.18799545456725,26.437254812788385,34.64665222167969,15.0,180.0
-99.91066601916803,31.66275062093144,26.573698677590446,34.74655151367188,15.0,180.0
-99.77428101149336,30.93258749695301,26.87650504458194,34.84670639038086,15.0,180.0
-99.49771096551709,30.29812718244489,27.16737889978453,34.84670639038086,15.0,180.0
-99.00226065885136,29.96777872312297,27.317742351303338,34.94667816162109,15.0,180.0
-98.55381451045903,29.85467453025496,27.312160261665365,35.04662322998047,15.0,180.0
-98.32111713143146,29.873474140992595,27.17039310525679,35.14653396606445,15.0,180.0
-98.12796746021758,30.03361332569011,27.000316641816138,35.24650573730469,15.0,180.0
-97.82249808753748,30.36895752445593,27.00879948810433,35.34641647338867,15.0,180.0
-97.45538507403144,30.768064295204155,27.06421822063559,35.44657516479492,15.0,180.0
-96.9284678716899,31.11572748825864,26.912357424777007,35.5467414855957,15.0,180.0
-96.2191163757851,31.525810758166497,26.634584030904737,35.5467414855957,15.0,180.0
-95.61221404801074,32.08790763489293,26.37595259652094,35.64666748046875,15.0,180.0
-95.12794368992488,32.67266690256886,26.232513931375497,35.74660491943359,15.0,180.0
-94.59512071237424,33.12245805067387,26.13368247776794,35.84642028808594,15.0,180.0
-94.1228326468188,33.39844349055056,26.03882751246547,35.94642639160156,15.0,180.0
-93.91791584919235,33.525735148952414,26.1623483736639,36.0467529296875,15.0,180.0
-93.84746742635728,33.514443098411085,26.307776739830608,36.14654541015625,15.0,180.0
-93.60878189403896,33.391251250761435,26.229919522337827,36.24611663818359,15.0,180.0
-93.24884139093392,33.21229343262634,26.14487008125689,36.24611663818359,15.0,180.0
-92.9144174025408,33.150297044031646,26.0897448877468,36.3463134765625,15.0,180.0
-92.41871151197924,33.28792044224371,25.900962571915613,36.44672775268555,15.0,180.0
-91.68086418223466,33.36126656450847,25.40145797007194,36.54708099365234,15.0,180.0
-90.93169551108552,33.14069028582828,24.66292730110699,36.64682769775391,15.0,180.0
-90.32956274565264,32.71320525821284,24.24222986100985,36.74636840820312,15.0,180.0
-90.12147062055604,32.21625130591113,24.397240606976712,36.8464241027832,15.0,180.0
-90.52283560023436,31.78025512572201,24.654508492987844,36.8464241027832,15.0,180.0
-91.07206160575242,31.54178184819588,24.652741560573944,36.94682312011719,15.0,180.0
-91.21039926668615,31.48415324933079,24.51379355713892,37.04683303833008,15.0,180.0
-90.93094586457627,31.445951509603127,24.39660661346754,37.14628219604492,15.0,180.0
-90.39854203202944,31.1251136955536,24.3349930260666,37.2464485168457,15.0,180.0
-89.88745627446382,30.425334460260377,24.26650828629309,37.34669494628906,15.0,180.0
-89.50093144043424,29.700991009117384,24.15347243640449,37.44681930541992,15.0,180.0
-89.0950190842686,29.079896476236364,24.18287925307273,37.5467414855957,15.0,180.0
-88.69694541909467,28.445631720000648,24.47968871557924,37.5467414855957,15.0,180.0
-88.31687994819443,27.975819659042045,24.7884007539208,37.64668273925781,15.0,180.0
-87.969331855318,27.86465840158938,25.03295427883885,37.74664306640625,15.0,180.0
-87.72299390771326,28.148979966390733,25.35998471168971,37.84656143188477,15.0,180.0
-87.51923866514984,28.701778798549924,25.54248399477792,37.94674301147461,15.0,180.0
-87.42848170969962,29.260146946237217,25.36432756402712,38.04670715332031,15.0,180.0
-87.46375882183523,29.60247246505382,24.9549716376674,38.14649200439453,15.0,180.0
-87.23828221687391,29.64831842569258,24.44601681742818,38.14649200439453,15.0,180.0
-86.60631660660306,29.409570339391063,23.83169655896902,38.24662399291992,15.0,180.0
-85.88529542503035,29.012005467375303,23.3247858597278,38.34657287597656,15.0,180.0
-85.2588787931823,28.7079754957082,23.09795704889365,38.44672012329102,15.0,180.0
-84.73436029680971,28.53517679470053,22.91923754890921,38.54682540893555,15.0,180.0
-84.16377344462472,28.31026613965753,22.637890688708648,38.64657592773438,15.0,180.0
-83.41485584301319,28.04834699427348,22.169216379708576,38.74658966064453,15.0,180.0
-82.68873925423532,27.995048796757622,21.63879198326898,38.84662628173828,15.0,180.0
-82.11753537875079,28.04016905346273,21.318744168230573,38.84662628173828,15.0,180.0
-81.6732567308302,27.981567791374527,21.196844330288982,38.94669723510742,15.0,180.0
-81.37124963691568,27.99368558237402,21.15352062609371,39.04668045043945,15.0,180.0
-81.13933119906332,28.034007332833657,21.102582544519823,39.14641189575195,15.0,180.0
-80.90217974985322,27.92025875059269,21.08438428257493,39.24649429321289,15.0,180.0
-80.71633594107168,27.64814606693329,21.06618524622517,39.34656524658203,15.0,180.0
-80.62312258147384,27.25851252834883,20.913385119592427,39.44667434692383,15.0,180.0
-80.44910284077118,26.84145685024721,20.68151446808328,39.44667434692383,15.0,180.0
-80.01267140024454,26.46393488889264,20.494516276766547,39.5464973449707,15.0,180.0
-79.5233451179252,25.96261715553525,20.45538937424162,39.6466178894043,15.0,180.0
-79.24639952346305,25.36539321521249,20.427402098751067,39.74666976928711,15.0,180.0
-78.97960453706781,24.95529660334405,20.12215941070176,39.84659576416016,15.0,180.0
-78.48099177290918,24.7694020397838,19.80896651438669,39.94667053222656,15.0,180.0
-77.90280029998335,24.897941368977847,19.679931136912604,40.04671096801758,15.0,180.0
-77.41978132119364,25.340620599728485,19.563771706867914,40.14667510986328,15.0,180.0
-76.97181258051012,25.751954498331045,19.621526438734804,40.14667510986328,15.0,180.0
-76.53284271118844,26.037926456205533,19.878983589841425,40.24668121337891,15.0,180.0
-76.1286353464517,26.29558117634773,20.20381820377291,40.34653091430664,15.0,180.0
-75.68658564106354,26.466319976591407,20.495957784963807,40.44668579101562,15.0,180.0
-75.25247878515526,26.6151840069456,20.62656436828388,40.54669189453125,15.0,180.0
-74.92380881222482,26.805001980774104,20.57782464583691,40.64653015136719,15.0,180.0
-74.70682797689108,27.0517982564533,20.39022660216226,40.74652862548828,15.0,180.0
-74.61903156963832,27.2958523004614,20.141178515790145,40.84620666503906,15.0,180.0
-74.60943865702154,27.32437876487209,19.825496522018447,40.84620666503906,15.0,180.0
-74.62474950099354,27.086190608274247,19.456736258710738,40.9462776184082,15.0,180.0
-74.54285856465042,26.68653769851256,19.043096241528456,41.04680633544922,15.0,180.0
-74.0994295532646,26.32642162547294,18.66463536498597,41.14681625366211,15.0,180.0
-73.20754596310991,26.14971128431557,18.455882086582,41.24657821655273,15.0,180.0
-72.20358279221654,25.97245781394665,18.313836678592217,41.34619903564453,15.0,180.0
-71.53482018353405,25.600465520734485,18.269539009716624,41.44641494750977,15.0,180.0
-71.26471694224651,25.17638586166964,18.414807733774648,41.44641494750977,15.0,180.0
-71.12005122237407,24.94965134358035,18.70779015174655,41.54694747924805,15.0,180.0
-70.799489729214,24.96550772458228,19.17245058717213,41.64645385742188,15.0,180.0
-70.3608057359653,25.018649232776564,19.56996027952214,41.74567794799805,15.0,180.0
-70.03318151591904,24.96863594006079,19.57832381017487,41.84629058837891,15.0,180.0
-69.79215891601618,24.81740150300148,19.26918240126152,41.9470100402832,15.0,180.0
-69.48958380814204,24.43444156535305,18.911329194816183,42.04744338989258,15.0,180.0
-69.04237577282046,23.9001445526086,18.43761419142953,42.1467170715332,15.0,180.0
-68.57693228964631,23.63612279961502,17.667345500394745,42.1467170715332,15.0,180.0
-68.22797999093717,23.806043470997512,17.05197677821799,42.24617385864258,15.0,180.0
-67.99937835631856,24.260833825510574,16.95672207599043,42.34658432006836,15.0,180.0
-67.9682175517156,24.747729026456213,16.933474770003,42.44700622558594,15.0,180.0
-67.96665805663456,25.027380765793005,16.56684829347855,42.54654693603516,15.0,180.0
-67.71778819332634,25.094173013249407,16.01795326567606,42.64559936523438,15.0,180.0
-67.2558609220414,24.992317933432247,15.55683511327558,42.74631118774414,15.0,180.0
-66.6343703176963,24.657347087556264,15.18228678062675,42.74631118774414,15.0,180.0
-65.92126027517556,24.37814059703184,14.850899291595644,42.84678268432617,15.0,180.0
-65.236332003912,24.38808268791501,14.701856904381446,42.94745254516602,15.0,180.0
-64.65128451323527,24.38950877736417,14.89272667896858,43.04676055908203,15.0,180.0
-64.11546104478433,24.267227115953872,15.360710889266796,43.14582061767578,15.0,180.0
-63.75630417744924,24.127830697700723,15.816314833798982,43.24649810791016,15.0,180.0
-63.89220649813103,23.82154487898721,16.096109426382952,43.3469352722168,15.0,180.0
-64.35163542155638,23.344727646688384,16.248106177128783,43.44706344604492,15.0,180.0
-64.5678765740468,23.114509045802635,16.38381687220031,43.44706344604492,15.0,180.0
-64.10245910959142,23.20620325126347,16.536716267746126,43.54621505737305,15.0,180.0
-63.17132695600991,23.26923398705388,16.53829958134742,43.64661026000977,15.0,180.0
-62.33049424221106,23.19457913756076,16.383045050449063,43.7469367980957,15.0,180.0
-61.74783257026854,23.05285045834418,16.253320723991283,43.84722518920898,15.0,180.0
-61.41352153523878,22.81622163762644,16.232210511063357,43.94675064086914,15.0,180.0
-61.24091293511289,22.48803307575553,16.28642831704676,44.04654693603516,15.0,180.0
-61.03742291944205,22.21516849210636,16.39027954655937,44.14664077758789,15.0,180.0
-60.749934207804685,21.9973029935955,16.599460921913735,44.14664077758789,15.0,180.0
-60.51036726386229,21.74798295888554,16.82750441862181,44.24654769897461,15.0,180.0
-60.129525536660665,21.622027799715624,16.964376167443632,44.34678268432617,15.0,180.0
-59.36321010917444,21.7052073379676,17.01816268814884,44.44647598266602,15.0,180.0
-58.60057630486692,21.900665194585308,16.988568385284257,44.54656219482422,15.0,180.0
-58.14965217815008,22.17378809007172,16.94327644745836,44.64680099487305,15.0,180.0
-57.90172293291078,22.497788456244148,16.871992178082174,44.74662399291992,15.0,180.0
-57.66667349068744,22.80007612542152,16.609014233271466,44.74662399291992,15.0,180.0
-57.3880833766159,23.00586584304208,16.274870637862918,44.84664154052734,15.0,180.0
-57.18846482745485,23.06119258818234,15.982909289392348,44.94670486450195,15.0,180.0
-56.902901079025455,22.98858259192819,15.672482344731424,45.04669570922852,15.0,180.0
-56.31705294308826,22.78747043952574,15.40839381039736,45.14664840698242,15.0,180.0
-55.67518853764797,22.47488379261814,15.234652625361525,45.24667358398438,15.0,180.0
-55.25665506271963,22.13808755214845,15.204373894891408,45.34663009643555,15.0,180.0
-55.0271857560336,21.739674615748665,15.155962581949858,45.44668197631836,15.0,180.0
-54.89008047726831,21.3175026424352,15.00238212984724,45.44668197631836,15.0,180.0
-54.82923655009003,21.100551211060985,14.900623248333975,45.54676055908203,15.0,180.0
-54.815856238201526,21.094037380405727,14.73279890829327,45.64665222167969,15.0,180.0
-54.754615826168994,21.05957094233339,14.476210951279354,45.74657821655273,15.0,180.0
-54.62683519692917,20.817050338698603,14.302915679812685,45.84658050537109,15.0,180.0
-54.61081940828802,20.460767195614075,14.215119438959787,45.94660186767578,15.0,180.0
-54.74334790128936,20.277245316474264,14.223646145706178,46.04663848876953,15.0,180.0
-54.71967453552087,20.17319176786416,14.221710864241702,46.04663848876953,15.0,180.0
-54.49429541792789,19.87998384715171,14.17786084412357,46.14657211303711,15.0,180.0
-54.35784400651258,19.51733772238178,14.285585454627528,46.24659729003906,15.0,180.0
-54.39601284319219,19.391485944007457,14.473555027484643,46.34664154052734,15.0,180.0
-54.457452586524994,19.506599276214896,14.47481909848723,46.44657897949219,15.0,180.0
-54.342219438654176,19.626319858555885,14.130915147064297,46.54668807983398,15.0,180.0
-54.05662060121966,19.78975603472477,13.503208063874911,46.64662551879883,15.0,180.0
-53.7221814216886,19.93856488942724,13.00639576552719,46.74648666381836,15.0,180.0
-53.3128927546184,19.82958582848028,12.966517083388212,46.74648666381836,15.0,180.0
-52.79518445123738,19.631632886314108,13.144556203099407,46.84651947021484,15.0,180.0
-52.358805325205374,19.56565605408436,13.298003952173907,46.94659423828125,15.0,180.0
-52.13039352470504,19.580715990831305,13.283722469377086,47.04671859741211,15.0,180.0
-51.99272290929721,19.664595931953727,13.09443916017408,47.14670562744141,15.0,180.0
-51.82751846662635,19.812013533532724,12.985331241117349,47.24659729003906,15.0,180.0
-51.534086501871535,19.98334649480637,13.041411992921638,47.34661483764648,15.0,180.0
-51.13120106092889,20.21267697003933,13.211566583467595,47.34661483764648,15.0,180.0
-50.70806991953639,20.346407003089016,13.277934371698723,47.44669723510742,15.0,180.0
-50.41295899682944,20.200922881599563,13.139503998005054,47.54668045043945,15.0,180.0
-50.35610297533594,19.870014347082485,13.031100153017764,47.64657974243164,15.0,180.0
-50.39674132864212,19.530623235140297,13.012326873828522,47.74662399291992,15.0,180.0
-50.251150050596415,19.30790386031731,12.948114107195522,47.84654998779297,15.0,180.0
-49.73903922971328,19.185988610357573,12.698806655378435,47.94662857055664,15.0,180.0
-49.05056576522972,18.99620257999981,12.233400076429708,48.04676818847656,15.0,180.0
-48.43957402824691,18.61394946324354,11.651878021062997,48.04676818847656,15.0,180.0
-48.0251127170373,18.18041293917377,11.017049083219336,48.14664840698242,15.0,180.0
-47.88492259258687,18.017484938053308,10.590052341341297,48.24662780761719,15.0,180.0
-47.76789804269676,18.209518134372946,10.474735601426946,48.34650421142578,15.0,180.0
-47.31321745520516,18.46414287563425,10.373491156784338,48.44659042358398,15.0,180.0
-46.502860791762025,18.62770681766422,10.14290904461511,48.54671478271484,15.0,180.0
-45.700534388932496,18.75381128274797,9.804780056047498,48.64666366577148,15.0,180.0
-45.26055707307263,18.790421387095115,9.548293045545766,48.74668121337891,15.0,180.0
-45.207097698103865,18.78851314070097,9.392621648548296,48.74668121337891,15.0,180.0
-45.30791030185223,18.846100973760173,9.010612688419512,48.84664916992188,15.0,180.0
-45.33610786648285,18.83292889878098,8.587023133676817,48.94664764404297,15.0,180.0
-45.32229097393878,18.71345543773068,8.480659942335025,49.046630859375,15.0,180.0
-45.15021620748255,18.624753272424545,8.547580037523849,49.14662551879883,15.0,180.0
-44.6469291678452,18.65606597907675,8.635847449745217,49.24652099609375,15.0,180.0
-43.972742014831766,18.83743597200858,8.621140146542022,49.34662246704102,15.0,180.0
-43.38276276855365,18.979766922922177,8.572459143232397,49.34662246704102,15.0,180.0
-42.92668528781033,18.96131926683908,8.733622576480098,49.44663619995117,15.0,180.0
-42.4334293880083,18.807103551246616,9.03857939514205,49.5466194152832,15.0,180.0
-41.88093658087011,18.50806462674976,9.410312008919924,49.64670944213867,15.0,180.0
-41.40413138500072,18.23406263316788,9.625752360469717,49.74670028686523,15.0,180.0
-41.10736420752707,18.12692129676626,9.369679723469464,49.84660339355469,15.0,180.0
-40.97053287640743,18.08046377046348,8.864988604427635,49.94659805297852,15.0,180.0
-40.8343239484616,17.994627592512487,8.436819820520945,50.04645156860352,15.0,180.0
-40.64133063243041,17.857043870851246,8.010610817824443,50.04645156860352,15.0,180.0
-40.57286028054611,17.690862955031978,7.511994513345046,50.14652633666992,15.0,180.0
-40.72091177576555,17.536717953233264,7.06300926269704,50.24671936035156,15.0,180.0
-40.819899211472986,17.426265682410737,6.663378143467746,50.34663391113281,15.0,180.0
-40.70113331554988,17.375193359160978,6.139554000019171,50.44655227661133,15.0,180.0
-40.46424226490754,17.323687856106396,5.560100845900237,50.54658508300781,15.0,180.0
-40.16637659547697,17.24244424395913,5.395389013008914,50.64653778076172,15.0,180.0
-39.835611046783285,17.201008878097372,5.801117393056212,50.64653778076172,15.0,180.0
-39.50942452577332,17.160898037635928,6.404841051948662,50.74656295776367,15.0,180.0
-39.09333696979054,16.951346613128777,6.9304689421304415,50.84651184082031,15.0,180.0
-38.48124685660179,16.618764652561563,7.221351552837585,50.94646835327148,15.0,180.0
-37.801914764897866,16.32956282960885,7.249948765499167,51.04661560058594,15.0,180.0
-37.24860923793527,16.050813205008144,7.165979947791044,51.14662933349609,15.0,180.0
-36.8235883923767,15.83466742163093,7.005957861121244,51.24666595458984,15.0,180.0
-36.4096257578748,15.841439930899496,6.747797552783052,51.34660720825195,15.0,180.0
-35.87022970164455,15.912707012044075,6.308589484226544,51.34660720825195,15.0,180.0
-35.280330847962105,15.876173305395662,5.689020940811384,51.4465446472168,15.0,180.0
-34.923652334424425,15.754924377505455,5.304471893901741,51.54662322998047,15.0,180.0
-34.92408713900712,15.451459876142431,5.339383077904448,51.64676284790039,15.0,180.0
-35.1563364932007,14.972127089945282,5.2820460831586695,51.74662780761719,15.0,180.0
-35.416613241513275,14.450678263137824,4.891548702231094,51.84639739990234,15.0,180.0
-35.554874562835295,13.924946251384032,4.555436417237128,51.94649887084961,15.0,180.0
-35.46987792781032,13.714974012299368,4.5648830390983495,52.04665756225586,15.0,180.0
-35.22119753305015,14.04022968493712,4.78756096756995,52.04665756225586,15.0,180.0
-34.943562559679066,14.489176941783402,5.061715246158077,52.14675521850586,15.0,180.0
-34.738217357497305,14.76460249077967,5.510879568253642,52.24676513671875,15.0,180.0
-34.6118323756954,14.92101429661683,6.12345185313774,52.34664535522461,15.0,180.0
-34.487362251712554,15.00091595412642,6.751524248696967,52.4467658996582,15.0,180.0
-34.298131349401665,14.957609019059486,7.325141004421618,52.54667663574219,15.0,180.0
-33.88944176210488,14.833821926196215,7.717926534485987,52.64658737182617,15.0,180.0
-33.34927915713409,14.799121120789437,7.810733045472395,52.64658737182617,15.0,180.0
-32.78291994765821,14.818158189262498,7.7087984546035955,52.74669647216797,15.0,180.0
-31.98742769965791,14.723496267909308,7.726894344876175,52.84645843505859,15.0,180.0
-31.021945293093783,14.613782962626765,7.937257756524289,52.94662857055664,15.0,180.0
-30.101619011049124,14.794945750619362,7.947702969378511,53.04656982421875,15.0,180.0
-29.33410081026353,15.28139755659396,7.473201577971219,53.14657592773438,15.0,180.0
-28.84244324466644,15.756748301674063,6.841876990457339,53.24671173095703,15.0,180.0
-28.685838668742345,16.00788531395584,6.366037620544854,53.34649276733398,15.0,180.0
-28.651693946282187,15.9747822262107,6.042641880288218,53.34649276733398,15.0,180.0
-28.43790247488769,15.640045568971711,5.90948162756559,53.44653701782227,15.0,180.0
-28.2029510660647,15.067902644026391,5.972602230339359,53.54666900634766,15.0,180.0
-28.11337110279125,14.515078549247368,6.028667167636907,53.64651489257812,15.0,180.0
-27.973484301713643,14.263159766935908,5.950017671059677,53.74655151367188,15.0,180.0
-27.62327432470916,14.231931533044593,5.875508960522913,53.84670639038086,15.0,180.0
-27.16670204057072,14.174998116011876,5.766167266390764,53.94660949707031,15.0,180.0
-26.839592387014108,14.049623158722156,5.55404140840405,53.94660949707031,15.0,180.0
-26.6463673298559,13.910566126579866,5.135351039586101,54.04667663574219,15.0,180.0
-26.46234612216832,13.793378800489476,4.360022120921258,54.14667510986328,15.0,180.0
-26.235067318070094,13.69507292187268,3.602216652930176,54.24660873413086,15.0,180.0
-26.182707510179693,13.548355331593475,3.1614717686756952,54.34669876098633,15.0,180.0
-26.34755124519745,13.270862422502711,2.7581683964138746,54.44654083251953,15.0,180.0
-26.416917028214023,12.820514063824266,2.34563419330113,54.54661178588867,15.0,180.0
-26.333310419622126,12.354237434232855,2.232755357472091,54.64667510986328,15.0,180.0
-26.166401477432387,12.141936426703795,2.325752175977118,54.64667510986328,15.0,180.0
-25.96726844555293,12.242309926983324,2.246040742372702,54.74668502807617,15.0,180.0
-25.732806498903265,12.394184627724936,1.979575304793589,54.84664535522461,15.0,180.0
-25.435971009870887,12.473987761639908,1.7990412789857784,54.94661331176758,15.0,180.0
-25.15546117159201,12.661531747430224,1.8584705143177496,55.04659652709961,15.0,180.0
-24.97161590023236,12.994708331994278,2.2597001207125844,55.14661026000977,15.0,180.0
-24.76062078084408,13.452246392467991,2.8334689315630444,55.24674224853516,15.0,180.0
-24.375546576029635,13.982123288557542,3.071422989030622,55.24674224853516,15.0,180.0
-23.9370967045253,14.38427937849734,3.0170082771058047,55.34667205810547,15.0,180.0
-23.621698895408507,14.478875526880657,2.989752187121548,55.44660949707031,15.0,180.0
-23.465401185681174,14.324970346511671,2.8790391139991227,55.54657363891602,15.0,180.0
-23.20453999802292,14.11952827923174,2.7186188370218094,55.64653015136719,15.0,180.0
-22.61582939963193,13.91935652763852,2.7409368164592074,55.7467041015625,15.0,180.0
-21.87070725296673,13.733409348315394,3.0695461722055626,55.84661102294922,15.0,180.0
-21.17576123649153,13.518598280829686,3.50239386651862,55.94656372070312,15.0,180.0
-20.62040778280525,13.14234477168199,3.74608255079484,55.94656372070312,15.0,180.0
-20.18590846441383,12.695145547961538,3.921021083933593,56.0467643737793,15.0,180.0
-19.75366609480001,12.438585277365965,4.166148599760897,56.14668655395508,15.0,180.0
-19.459941670667845,12.314802757267609,4.347381364135716,56.24671173095703,15.0,180.0
-19.40403133610439,12.13417976274339,4.349655400200768,56.34662246704102,15.0,180.0
-19.41382857579361,11.97637008356272,4.2690326745488365,56.44646835327148,15.0,180.0
-19.507185226984856,12.045549935898633,4.167751671312729,56.54660034179688,15.0,180.0
-19.598334100984733,12.189373502550811,3.9531852979593625,56.64660263061523,15.0,180.0
-19.509611576046968,11.995651010678742,3.4448916771801352,56.64660263061523,15.0,180.0
-19.320218506012484,11.532517675823778,2.687445988538906,56.74663925170898,15.0,180.0
-19.129756074605936,11.192337224759289,2.1077167255333764,56.84669494628906,15.0,180.0
-19.037712733667817,11.071759044958908,1.870392240346504,56.94651031494141,15.0,180.0
-19.010900053281933,11.08331809949131,1.7672691980873791,57.04647064208984,15.0,180.0
-18.869920796465955,11.183426743976964,1.807384430578859,57.14654541015625,15.0,180.0
-18.70905305491928,11.243208102948396,2.065144743735246,57.246337890625,15.0,180.0
-18.620564696782736,11.25194125439735,2.1785581773646925,57.246337890625,15.0,180.0
-18.479937695913733,11.44329804698788,1.949322196405589,57.34628295898438,15.0,180.0
-18.310173394035207,11.801994614443744,1.7302452081809987,57.44662475585938,15.0,180.0
-18.16188670149673,12.092806482427893,1.6714509123207035,57.54681015014648,15.0,180.0
-17.93507211460199,12.239174325081658,1.63366162544839,57.64674377441406,15.0,180.0
-17.75606611585191,12.28238146940622,1.65796226828214,57.74668121337891,15.0,180.0
-17.766206791881185,12.286408683105313,1.9190159828297475,57.84645080566406,15.0,180.0
-17.72866838423912,12.115213438250011,2.3352589275193107,57.94656372070312,15.0,180.0
-17.483296389632258,11.795873089259072,2.68799367406743,57.94656372070312,15.0,180.0
-17.073054571915698,11.661364883604136,2.981290577849381,58.046630859375,15.0,180.0
-16.615946649510942,11.561668036130351,3.31508025327762,58.14650344848633,15.0,180.0
-16.204875455814506,11.174570313744928,3.411422007989146,58.24650192260742,15.0,180.0
-15.764229374089677,10.673426395676683,3.044822222600461,58.34674453735352,15.0,180.0
-15.27652309767778,10.271015545813842,2.6560862456403065,58.44669342041016,15.0,180.0
-14.801005488234344,9.943073303055986,2.301832978892892,58.5467529296875,15.0,180.0
-14.235183693723569,9.693212419183482,1.6602040818607868,58.5467529296875,15.0,180.0
-13.681349393441938,9.512545513228677,0.9150984514738418,58.6466064453125,15.0,180.0
-13.41615169581344,9.338047268647776,0.3163713176299545,58.74665451049805,15.0,180.0
-13.409221433025738,9.24990797343775,-0.1514617074415483,58.84674453735352,15.0,180.0
-13.656228149653682,9.3268380275116,-0.592540817753302,58.94667816162109,15.0,180.0
-13.974734863663617,9.356080839164784,-1.0573813207924232,59.04668045043945,15.0,180.0
-13.95524588014148,9.140439816119889,-1.5225036090221025,59.14665985107422,15.0,180.0
-13.71437913191048,8.870533276895623,-1.8116747820486865,59.24658584594727,15.0,180.0
-13.478837201424454,8.741690844426348,-1.7054561394253258,59.24658584594727,15.0,180.0
-13.14992237797052,8.59424212844084,-1.2501026919080758,59.3466796875,15.0,180.0
-12.80285610032934,8.348121808881446,-0.7876908354484842,59.44655990600586,15.0,180.0
-12.592509620793024,8.198504957245682,-0.5322670566737182,59.54650115966797,15.0,180.0
-12.483828351118628,8.207699340210606,-0.2604047475488595,59.64665985107422,15.0,180.0
-12.390893233159945,8.25031561875656,0.0492718125521811,59.74655151367188,15.0,180.0
-12.19881349864592,8.28581586484777,0.0145342015752962,59.84659576416016,15.0,180.0
-11.91510867344572,8.28312794805246,-0.3741574779593284,59.94667434692383,15.0,180.0
-11.476943694828185,8.146214397443318,-0.7800801083902424,59.94667434692383,15.0,180.0
-10.81863743949492,7.979395156003748,-1.097420098357598,60.04656219482422,15.0,180.0
-10.198612755926526,8.046939458134686,-1.440603680604332,60.14661407470703,15.0,180.0
-9.74419289060172,8.382110577615975,-1.773881282055108,60.24657440185547,15.0,180.0
-9.436430217081996,8.698851013953654,-1.984113386114278,60.34666061401367,15.0,180.0
-9.22787458099076,8.831467851404716,-2.149461450095849,60.44670867919922,15.0,180.0
-8.907924570804859,8.911448367196584,-2.318097021009728,60.546630859375,15.0,180.0
-8.483916258314245,8.942744919892357,-2.411204727509194,60.546630859375,15.0,180.0
-8.199687505802995,8.781802602498775,-2.4187435582283445,60.64652252197266,15.0,180.0
-8.033069240080113,8.46938862330327,-2.5257522285929843,60.74657821655273,15.0,180.0
-7.724206417674633,8.143034201346204,-2.8509080549172747,60.84682083129883,15.0,180.0
-7.228071036870155,7.837008444446882,-3.025612885298293,60.94673156738281,15.0,180.0
-6.7302927245936,7.618184500078553,-2.920733010516841,61.04658126831055,15.0,180.0
-6.3424892481895405,7.541855568631688,-2.9900680835687226,61.14654541015625,15.0,180.0
-6.144077786343161,7.494343521912379,-3.3230301972088725,61.24652099609375,15.0,180.0
-6.070604179850228,7.436172041227104,-3.653659638126333,61.24652099609375,15.0,180.0
-5.947985533263232,7.306417214714971,-3.8176149289833967,61.34664535522461,15.0,180.0
-5.841632223983819,7.098047788866876,-3.735601549177336,61.44649505615234,15.0,180.0
-5.788036929776631,7.111851942559738,-3.379912742913519,61.54650497436523,15.0,180.0
-5.737341780313301,7.39601209750948,-2.848026478221628,61.64644622802734,15.0,180.0
-5.63997986907005,7.628738186828963,-2.3978981958257,61.74652099609375,15.0,180.0
-5.30926666115268,7.696945981045641,-2.372117310344268,61.84676742553711,15.0,180.0
-4.7590659065560885,7.72559601971764,-2.8250347901181634,61.84676742553711,15.0,180.0
-4.205187660360785,7.835658125170802,-3.299071427971099,61.94674301147461,15.0,180.0
-3.82232823698552,8.013713247794712,-3.5170218381115044,62.04671096801758,15.0,180.0
-3.7616856649005896,8.018931479953391,-3.532347641187488,62.14658355712891,15.0,180.0
-3.891199085310088,7.786576213560008,-3.4035417047879566,62.24654006958008,15.0,180.0
-4.016497425079418,7.492774497203474,-3.2764169236466945,62.34664154052734,15.0,180.0
-4.014081604667148,7.246342941448308,-3.2969548460621265,62.44674682617188,15.0,180.0
-3.6660901720926375,7.28309792433509,-3.3459262949253565,62.54658889770508,15.0,180.0
-2.964265213750533,7.684071067697973,-3.2815047471975527,62.54658889770508,15.0,180.0
-2.149861481735297,8.057746229541593,-3.179601127207169,62.6465950012207,15.0,180.0
-1.4527812167175398,8.02003818417248,-3.112346062087892,62.7466926574707,15.0,180.0
-0.8091934227751061,7.624093451687164,-3.2062902674929825,62.84664535522461,15.0,180.0
-0.0791771571755575,7.202682412311155,-3.3750658664100825,62.94662857055664,15.0,180.0
0.7331222118015575,6.943409634758296,-3.3870682727323134,63.04660415649414,15.0,180.0
1.448518538241128,6.8465183120085005,-3.3513740101026253,63.14639282226562,15.0,180.0
1.898425234936884,6.765656566011145,-3.5504943113188974,63.14639282226562,15.0,180.0
2.3254584425416205,6.556087105940598,-3.883199663444324,63.24660873413086,15.0,180.0
2.9495565378803903,6.304543121126522,-4.05802097265623,63.3466682434082,15.0,180.0
3.5521838186520824,6.042596534945384,-4.1495216875071375,63.44654083251953,15.0,180.0
3.8922679890937033,5.810954164639702,-4.3257169763822585,63.54646301269531,15.0,180.0
4.038381764456215,5.704304132537764,-4.737697467281889,63.64654159545898,15.0,180.0
4.121021510389252,5.626227969416007,-5.280228533385458,63.74668884277344,15.0,180.0
4.2337259447192,5.503557831750404,-5.63206611456879,63.84682846069336,15.0,180.0
4.40176627523417,5.42159472985424,-5.758299314856735,63.84682846069336,15.0,180.0
4.625436082803137,5.479928356261839,-5.881366537644041,63.94662094116211,15.0,180.0
4.869895452434886,5.578399683228257,-6.14699476780986,64.04661560058594,15.0,180.0
5.01073072532721,5.407001520569797,-6.409721606602844,64.14653778076172,15.0,180.0
5.086230479094644,4.944261568872262,-6.651108401311584,64.24664306640625,15.0,180.0
5.240133704189992,4.607858764854347,-6.774172352992228,64.34674835205078,15.0,180.0
5.420375245410163,4.563388700894115,-6.669998018430602,64.44645690917969,15.0,180.0
5.496060979532881,4.618836212690687,-6.741489940755876,64.54635620117188,15.0,180.0
5.64150094079114,4.643187204425448,-7.052774065368983,64.54635620117188,15.0,180.0
5.946368497721197,4.767111983040621,-7.106491635263874,64.64666748046875,15.0,180.0
6.210848420321876,5.070207516947446,-6.633946387929781,64.74662780761719,15.0,180.0
6.363462105346525,5.27327517374664,-5.899037293318237,64.84672546386719,15.0,180.0
6.464045470634812,5.280551985928881,-5.317451473388315,64.9466552734375,15.0,180.0
6.618113543722847,5.190425302358818,-4.887453998604523,65.04637145996094,15.0,180.0
6.906016496533281,4.887750971335207,-4.59713026373499,65.14649200439453,15.0,180.0
7.309558195460452,4.419289236855999,-4.601429711614269,65.14649200439453,15.0,180.0
7.720346770017054,3.988234404931408,-4.70305503360207,65.2466812133789,15.0,180.0
8.14275894640765,3.5876575312847234,-4.6890579294638375,65.34661102294922,15.0,180.0
8.592526973738654,3.305370734096384,-4.564002399738553,65.44649505615234,15.0,180.0
8.976099710764267,3.32259630654891,-4.423107090380042,65.54647827148438,15.0,180.0
9.315474255021332,3.5859355498886565,-4.359992301810353,65.6467056274414,15.0,180.0
9.53651988587491,3.761242652163794,-4.246947969574482,65.74677276611328,15.0,180.0
9.644840812815794,3.7295737077371887,-4.180400487898856,65.84673309326172,15.0,180.0
9.736526642960335,3.890941397708982,-4.363317924693377,65.84673309326172,15.0,180.0
9.793947432115822,4.389815508643517,-4.667331790374927,65.94657135009766,15.0,180.0
9.897869978291077,4.813942041314956,-5.129064553380476,66.04656219482422,15.0,180.0
10.052264114375046,4.926866516512116,-5.673723047093221,66.14651489257812,15.0,180.0
10.39859698872825,4.908912394583419,-6.031165945506558,66.24671173095703,15.0,180.0
10.995832841504658,4.845721449781588,-6.268862822116379,66.34656524658203,15.0,180.0
11.53100106545103,4.655405937017567,-6.3403529668317695,66.44659423828125,15.0,180.0
11.94969089913126,4.446966996722715,-6.207878375109321,66.44659423828125,15.0,180.0
12.348710548762448,4.317391702229466,-6.016821453177943,66.54669952392578,15.0,180.0
12.65991489848722,4.116982398682492,-5.779338080591716,66.64663696289062,15.0,180.0
12.72481750354078,3.862050160949512,-5.5029012486817335,66.74666595458984,15.0,180.0
12.553616290174766,3.746744983300476,-5.343836089813792,66.84673309326172,15.0,180.0
12.417890698841717,3.704288435119713,-5.6485463963807865,66.94662475585938,15.0,180.0
12.419641833205628,3.583577884832826,-6.300927442466425,67.04660034179688,15.0,180.0
12.695100820442876,3.3784005408305333,-6.761585757892295,67.1466293334961,15.0,180.0
13.296054949750662,3.145323588395021,-7.031992724616913,67.1466293334961,15.0,180.0
13.869135783446428,3.0501398495852605,-7.527314960043057,67.24671936035156,15.0,180.0
14.180386085681654,3.0484662189548217,-8.328906362860065,67.34663391113281,15.0,180.0
14.29537743582786,2.911824652819049,-9.167047646803342,67.44660949707031,15.0,180.0
14.412669692469812,2.7138752928912213,-9.801166452280398,67.5464859008789,15.0,180.0
14.598640515491375,2.511910207437212,-10.148360717630869,67.64653778076172,15.0,180.0
14.8552910311127,2.2304052749502694,-10.402357043324278,67.7466812133789,15.0,180.0
15.252858145660907,2.009894864148764,-10.645627648370253,67.84659576416016,15.0,180.0
15.76374444662464,2.068361098697055,-10.577607000003798,67.84659576416016,15.0,180.0
16.145149267988085,2.4176510291718034,-10.197364595029171,67.94658660888672,15.0,180.0
16.120840958976245,2.7933731983800474,-9.778047577806069,68.04651641845703,15.0,180.0
15.867667441675696,2.9949133768878453,-9.461542593046428,68.14645385742188,15.0,180.0
15.72273289582441,3.0689143325298707,-9.323710024765324,68.24666595458984,15.0,180.0
15.70557154163432,3.0695286516022886,-9.432960522471536,68.3465805053711,15.0,180.0
15.756928617423531,2.9416539872358776,-9.857153150086113,68.44654846191406,15.0,180.0
15.895752361264504,2.7190854575862984,-10.415802123657755,68.44654846191406,15.0,180.0
16.190548335469646,2.5788505185100266,-10.789195479636565,68.54662322998047,15.0,180.0
16.694989071330742,2.55349651637061,-10.995428582543688,68.64664459228516,15.0,180.0
17.38202800161136,2.605670604526799,-11.290374364745665,68.74666595458984,15.0,180.0
18.01640061344461,2.65490960342618,-11.556894619923485,68.84654998779297,15.0,180.0
18.29386849813337,2.528784852790822,-11.674982018653438,68.94654846191406,15.0,180.0
18.286710453891583,2.3223764217778413,-11.713367815309551,69.0466537475586,15.0,180.0
18.206560269193098,2.265264428270669,-11.554498664942962,69.14645385742188,15.0,180.0
18.06925656707234,2.3067050989060265,-11.315563989920223,69.14645385742188,15.0,180.0
18.02491998754513,2.212368381987341,-11.02928624010671,69.24652099609375,15.0,180.0
18.3501732593116,1.9073849704999704,-10.596293340403664,69.34686279296875,15.0,180.0
18.89801105801284,1.60120753994596,-10.207979428496392,69.44686126708984,15.0,180.0
19.223026452086444,1.3605718752869236,-9.958386817932183,69.54669952392578,15.0,180.0
19.290220397631263,1.1264116086339069,-9.649980167809286,69.64676666259766,15.0,180.0
19.40781363264336,1.1560612716497558,-9.232072597355764,69.74657440185547,15.0,180.0
19.609004653704183,1.5501183737607866,-9.050350537300808,69.74657440185547,15.0,180.0
19.70115165205954,2.0588784518496204,-9.143287136861428,69.84667205810547,15.0,180.0
19.770897237592667,2.495129745987482,-9.271485281299004,69.94684600830078,15.0,180.0
20.02484534762709,2.664348628755043,-9.530127543782513,70.04658508300781,15.0,180.0
20.46918203589692,2.558978927858424,-9.92569304386372,70.14634704589844,15.0,180.0
21.03761703710781,2.4187825398956546,-10.198365685881935,70.24661254882812,15.0,180.0
21.58724570417076,2.347598420989822,-10.381497962141763,70.34680938720703,15.0,180.0
22.064930596486565,2.3339985405271,-10.601265362268313,70.44670104980469,15.0,180.0
22.48157242562553,2.270506424500639,-10.783826219960018,70.44670104980469,15.0,180.0
22.75024222838373,2.177024756377381,-11.004365934493595,70.54667663574219,15.0,180.0
22.911680744495303,2.151915112808493,-11.316433151927129,70.64649200439453,15.0,180.0
23.18933354290241,2.0661678655309634,-11.528167072037313,70.74662017822266,15.0,180.0
23.62483556378952,1.876327375591802,-11.564904887527046,70.84672546386719,15.0,180.0
23.898871536754363,1.650666500302752,-11.588971051748082,70.946533203125,15.0,180.0
24.022143533018763,1.4640311400557289,-11.634091485331126,71.04638671875,15.0,180.0
24.326264598462785,1.3239038675202122,-11.6087942868467,71.04638671875,15.0,180.0
24.6619913713082,1.048933321770194,-11.51635840795252,71.14640808105469,15.0,180.0
24.85270495488882,0.6988067600168648,-11.37875357037712,71.24674224853516,15.0,180.0
25.145131399914284,0.580268627499164,-11.213392009541923,71.34685516357422,15.0,180.0
25.541610825360664,0.8502628647707633,-11.111274972421302,71.44670104980469,15.0,180.0
25.85126045360383,1.3484204849087833,-11.118850906962368,71.5466079711914,15.0,180.0
26.230925657018485,1.754041167812833,-11.217235494076062,71.64656066894531,15.0,180.0
26.742650899139623,2.012099977374513,-11.473088903771671,71.74649810791016,15.0,180.0
27.20715438677193,2.17491744056425,-11.81616521945328,71.74649810791016,15.0,180.0
27.481127700918844,2.193541152581772,-11.930374909889668,71.84656524658203,15.0,180.0
27.45297075847721,1.9026242434808665,-11.985819385601822,71.9463119506836,15.0,180.0
27.33710154482884,1.3398719639836982,-12.299452939897414,72.04647064208984,15.0,180.0
27.410384709343106,0.91281059471273,-12.52674456969235,72.14682006835938,15.0,180.0
27.775227783436826,0.7065291589942921,-12.594553258244945,72.24687194824219,15.0,180.0
28.49213246514031,0.4515176742038367,-12.821070687036435,72.34674072265625,15.0,180.0
29.3209739906979,0.0872463496895004,-13.209462116135068,72.44657135009766,15.0,180.0
30.06346368260196,-0.3967192425157453,-13.52457621126378,72.44657135009766,15.0,180.0
30.76723395699855,-0.9821410778996283,-13.574796590419307,72.54656982421875,15.0,180.0
31.26211135533543,-1.426746390365814,-13.498283188969548,72.64664459228516,15.0,180.0
31.36703655124376,-1.6370299497400405,-13.44587700578716,72.74658966064453,15.0,180.0
31.35052247567199,-1.6893817376495843,-13.341674281874482,72.84651947021484,15.0,180.0
31.519756046031763,-1.6442664406524368,-13.180935716073758,72.94654083251953,15.0,180.0
31.77285785901892,-1.5013931823020277,-12.97868146321444,73.0467300415039,15.0,180.0
32.03676813280792,-1.301540496366317,-12.745742143001978,73.0467300415039,15.0,180.0
32.35154860142196,-1.3038205188562109,-12.59170527717248,73.1465835571289,15.0,180.0
32.54848829507714,-1.5229057295417765,-12.634111195996336,73.2466812133789,15.0,180.0
32.44698568507671,-1.7305084350171107,-12.832060118624913,73.34661865234375,15.0,180.0
32.10115903294363,-1.9721893176611405,-12.880233765132282,73.44661712646484,15.0,180.0
31.70344908063702,-2.327501144375588,-12.712843900272304,73.54668426513672,15.0,180.0
31.36975882108337,-2.704116309382994,-12.573389354611326,73.64647674560547,15.0,180.0
31.22243855658272,-2.9812984276309025,-12.529937548622865,73.74637603759766,15.0,180.0
31.33132503966812,-3.079211349837247,-12.60930589786468,73.74637603759766,15.0,180.0
31.659670848803085,-3.113835767443055,-12.77430235613686,73.8465347290039,15.0,180.0
32.13173697858032,-3.133657387130208,-12.894511602544384,73.94677734375,15.0,180.0
32.64552655399165,-2.931032771120411,-12.93685329559405,74.04666137695312,15.0,180.0
33.143983399494424,-2.571265007123809,-13.013173568177113,74.1466293334961,15.0,180.0
33.497198989601344,-2.3788176676708206,-13.18781431683426,74.24654388427734,15.0,180.0
33.67265086210725,-2.338535224943182,-13.43317388201704,74.34671020507812,15.0,180.0
33.95600260345135,-2.297823492309437,-13.677850966229588,74.34671020507812,15.0,180.0
34.44008063579812,-2.328123844928522,-13.723054180072666,74.44672393798828,15.0,180.0
34.861081900738704,-2.4571103556166896,-13.60451066008519,74.54642486572266,15.0,180.0
35.20347005031218,-2.620553126399562,-13.545141418494303,74.6463851928711,15.0,180.0
35.59655445730247,-2.778066853778795,-13.519195058820484,74.74658966064453,15.0,180.0
35.98122430649833,-2.847926003611932,-13.427896187670058,74.84661865234375,15.0,180.0
36.27714041609569,-2.7803074987756062,-13.369584814189956,74.94678497314453,15.0,180.0
36.47648851743875,-2.7050482832501705,-13.420460224862843,75.04667663574219,15.0,180.0
36.70430381175869,-2.639174431314532,-13.693191617026176,75.04667663574219,15.0,180.0
36.96625754985498,-2.590472264434444,-14.195497524775256,75.14655303955078,15.0,180.0
37.08811625352959,-2.8434655108400544,-14.57628830983303,75.24662780761719,15.0,180.0
37.15651731847189,-3.3973500671424146,-14.650462895580034,75.34659576416016,15.0,180.0
37.29344009996552,-3.853873132042533,-14.685807079259414,75.4466781616211,15.0,180.0
37.33238638849775,-4.161453723037052,-14.971651090791289,75.54647827148438,15.0,180.0
37.35160488462382,-4.538683443511053,-15.415163144030949,75.64653778076172,15.0,180.0
37.60049787867864,-4.905612959343918,-15.91394236627803,75.74679565429688,15.0,180.0
37.893272846116105,-5.140511457577148,-16.371156777330857,75.74679565429688,15.0,180.0
38.04855250976,-5.3833402634089165,-16.558461349800012,75.84668731689453,15.0,180.0
38.10535065525758,-5.68319017845576,-16.449462990849263,75.9467544555664,15.0,180.0
38.123297420630095,-5.779151994703393,-16.166132029661547,76.04681396484375,15.0,180.0
38.15809573480672,-5.674948242973547,-15.94017384548421,76.1466064453125,15.0,180.0
38.23658177013351,-5.517083375563256,-15.983611263160398,76.24657440185547,15.0,180.0
38.461285221965085,-5.273497247324576,-16.230064400013596,76.34656524658203,15.0,180.0
38.80687374664277,-5.127564144359869,-16.480838749038572,76.34656524658203,15.0,180.0
39.12778397415409,-5.241947463924521,-16.66498927334372,76.44622039794922,15.0,180.0
39.36762313761949,-5.489809721846118,-16.806703103356124,76.54647827148438,15.0,180.0
39.573853546509525,-5.655917015966208,-16.925884081264293,76.6468505859375,15.0,180.0
39.80072404448532,-5.537161235614729,-17.091086853460393,76.74662017822266,15.0,180.0
40.04344207620649,-5.227642708484276,-17.32457518201229,76.8467025756836,15.0,180.0
40.3497300987833,-5.10778787725562,-17.45178540715554,76.9465560913086,15.0,180.0
40.64893890890664,-5.322510661609942,-17.287433033952063,77.04658508300781,15.0,180.0
40.72455287062115,-5.724526722793259,-16.92239261407265,77.04658508300781,15.0,180.0
40.51319873888514,-6.032654448306633,-16.529152440791805,77.1468276977539,15.0,180.0
40.2026561169606,-6.0479125065040025,-16.099108009397746,77.2464828491211,15.0,180.0
40.085278839013306,-5.776051709554401,-15.69633022102114,77.34617614746094,15.0,180.0
40.22589149542036,-5.356836882115444,-15.489489584880747,77.44649505615234,15.0,180.0
40.55999484287933,-4.955914815055852,-15.412374007156286,77.54678344726562,15.0,180.0
41.13425871525503,-4.547252315503109,-15.2336031375302,77.64656829833984,15.0,180.0
41.9355291873865,-4.114219863692589,-14.940714569038189,77.64656829833984,15.0,180.0
42.69597891272893,-3.7803254766118215,-14.713443677108057,77.74656677246094,15.0,180.0
43.21749814617002,-3.770741469380515,-14.636284240359892,77.8467788696289,15.0,180.0
43.67765210323064,-4.170188387976205,-14.57969047219978,77.94694519042969,15.0,180.0
44.207065611542674,-4.707398274033904,-14.441650160923585,78.04681396484375,15.0,180.0
44.75999839864694,-5.114807861472433,-14.41749769587307,78.14591217041016,15.0,180.0
45.33381222901411,-5.295102142034931,-14.68858398565099,78.24508666992188,15.0,180.0
45.917777594075446,-5.3215870373559735,-15.134999911251048,78.34603118896484,15.0,180.0
46.36976651779351,-5.394653930617557,-15.60358465372786,78.34603118896484,15.0,180.0
46.54451709629851,-5.576793890904862,-16.096190359139307,78.4469223022461,15.0,180.0
46.645661507151445,-5.646117436126016,-16.566160194793326,78.54710388183594,15.0,180.0
46.86939811528383,-5.399914234917092,-16.888160059899786,78.64644622802734,15.0,180.0
47.15945373833458,-4.909219600135325,-17.074712694591362,78.74637603759766,15.0,180.0
47.54771393704593,-4.495421032783858,-17.277460315163584,78.84689331054688,15.0,180.0
48.14725265850987,-4.395989656874644,-17.496892369829627,78.9471206665039,15.0,180.0
48.847985521769886,-4.543975167937466,-17.633321986229006,79.04644775390625,15.0,180.0
49.38705285960633,-4.978857593758844,-17.65507910862209,79.04644775390625,15.0,180.0
49.83158583001868,-5.728303032391773,-17.49346275542591,79.145751953125,15.0,180.0
50.21879992605641,-6.535946634531011,-17.163131489412145,79.2463607788086,15.0,180.0
50.34585343386135,-7.14110501661756,-16.789045112064716,79.34721374511719,15.0,180.0
50.22810918161981,-7.364530049673735,-16.56813778801429,79.44744110107422,15.0,180.0
50.14142531828759,-7.2023741354487,-16.5854671997557,79.54681396484375,15.0,180.0
50.27311032156644,-6.815616752095587,-16.644546292274732,79.64649963378906,15.0,180.0
50.4963597671368,-6.261104669546045,-16.553093584680386,79.64649963378906,15.0,180.0
50.6630329840453,-5.700992714270897,-16.30735324378118,79.74661254882812,15.0,180.0
50.74149683150252,-5.36816747077558,-16.06625281892114,79.84703826904297,15.0,180.0
50.91529025498066,-5.17212769379316,-15.989183581125296,79.94690704345703,15.0,180.0
51.35718091681916,-4.995421673415898,-16.150218338926315,80.04653930664062,15.0,180.0
51.81879796637055,-4.875327323341718,-16.596507655537778,80.14680480957031,15.0,180.0
52.11485918134874,-4.895571382701855,-17.251179892100208,80.24687194824219,15.0,180.0
52.48134899827826,-5.133659366639585,-17.854662679757357,80.34681701660156,15.0,180.0
53.03911506715762,-5.617763600064948,-18.269535503043773,80.34681701660156,15.0,180.0
53.52086168311448,-6.278636737176875,-18.593990762470312,80.44662475585938,15.0,180.0
53.82476663549862,-6.942629157284944,-18.84070834490256,80.54660034179688,15.0,180.0
53.994028523800274,-7.507702179930229,-18.938134103898832,80.64659118652344,15.0,180.0
53.83417625509537,-7.912768077847473,-18.850582577011345,80.74665832519531,15.0,180.0
53.35180403244219,-8.182457364544852,-18.701956520980424,80.8466796875,15.0,180.0
52.86727603597512,-8.236079127944052,-18.60999552360493,80.94657897949219,15.0,180.0
52.61924209501369,-8.001709731359956,-18.468976028642707,80.94657897949219,15.0,180.0
52.646105799981314,-7.836728484008013,-18.19368656853268,81.0466537475586,15.0,180.0
52.80008237911037,-7.983284192742591,-17.889080604884924,81.14659881591797,15.0,180.0
53.03785984976791,-8.256592853722886,-17.78446874828206,81.24658966064453,15.0,180.0
53.40604623319896,-8.484649433735743,-17.74736966336905,81.34662628173828,15.0,180.0
53.7504917168971,-8.776075876674845,-17.601177932022736,81.44658660888672,15.0,180.0
54.097976770069565,-9.286623521260166,-17.616627706135294,81.54666900634766,15.0,180.0
54.63854157749101,-9.919129739896007,-17.800648313573102,81.6465835571289,15.0,180.0
55.21500612972017,-10.537799962855884,-17.973453684529623,81.6465835571289,15.0,180.0
55.77565075256241,-11.02581282339442,-18.285148803602336,81.74665069580078,15.0,180.0
56.41992800926758,-11.202242440023166,-18.67066673398845,81.84654235839844,15.0,180.0
57.00107358207007,-11.170490277978736,-18.81774401109878,81.946533203125,15.0,180.0
57.54928074274964,-11.104632037117447,-18.61924168252333,82.04653930664062,15.0,180.0
58.00992355191276,-10.971592948358053,-18.162342030183776,82.1465835571289,15.0,180.0
58.2074922846671,-10.87411732452371,-17.66094883294084,82.2467041015625,15.0,180.0
58.33716744010818,-10.83704926353407,-17.324474801039777,82.2467041015625,15.0,180.0
58.46504361682754,-10.738539796534164,-17.302566888782568,82.34663391113281,15.0,180.0
58.51442319904338,-10.623694122509288,-17.572878003918817,82.44667053222656,15.0,180.0
58.57383090805721,-10.627636333713582,-17.964277241298408,82.54659271240234,15.0,180.0
58.53926463322158,-10.72431337752866,-18.34330259828642,82.64647674560547,15.0,180.0
58.4398276399309,-10.72386802404982,-18.549776232580125,82.74661254882812,15.0,180.0
58.573073754293446,-10.609984814819914,-18.711679455264484,82.84659576416016,15.0,180.0
58.85258715068572,-10.477132336127532,-19.181666816652395,82.9465103149414,15.0,180.0
59.094646118259405,-10.336380301788212,-19.885109134899064,82.9465103149414,15.0,180.0
59.28488962731514,-10.310038944261317,-20.439886088759167,83.04656219482422,15.0,180.0
59.49538575536327,-10.39954176977198,-20.62712680918116,83.14656829833984,15.0,180.0
59.79004425358923,-10.383735819068658,-20.623775860825543,83.24677276611328,15.0,180.0
59.925497888196496,-10.2141845221089,-20.66394518661672,83.34659576416016,15.0,180.0
59.88676129941672,-9.979727365266788,-20.78242123048013,83.44646453857422,15.0,180.0
59.98757422654556,-9.8441399636111,-20.996417591601904,83.54657745361328,15.0,180.0
60.25016965675333,-9.85893967366083,-21.154529271063137,83.64656829833984,15.0,180.0
60.58066793510446,-9.876911462003733,-21.02332015001187,83.64656829833984,15.0,180.0
60.91239188229465,-9.954866229814028,-20.696665411603178,83.7466812133789,15.0,180.0
61.29081225220486,-10.267700411351134,-20.528826657990702,83.84664916992188,15.0,180.0
61.88831807124069,-10.545461982877905,-20.71182926524254,83.94660949707031,15.0,180.0
62.68548003997593,-10.402620084524902,-21.091116513316308,84.04662322998047,15.0,180.0
63.50728660856579,-10.073282981104873,-21.40460070967471,84.14662170410156,15.0,180.0
64.22193704431535,-9.9255326924235,-21.587262212627472,84.24655151367188,15.0,180.0
64.92616710795869,-10.009639628164477,-21.63727530146183,84.24655151367188,15.0,180.0
65.69272831633454,-10.30758188859367,-21.53943331651765,84.34664154052734,15.0,180.0
66.19831634660832,-10.63955916163942,-21.39093316437017,84.44667053222656,15.0,180.0
66.11621246861627,-10.84957126101398,-21.2329310767634,84.54664611816406,15.0,180.0
65.81923634591817,-11.044323661655646,-21.05469259246712,84.64679718017578,15.0,180.0
65.90552110742273,-11.278053243367369,-20.894364491561884,84.7467041015625,15.0,180.0
66.25301439730072,-11.425586578987176,-20.740967038055807,84.8467025756836,15.0,180.0
66.48588650795399,-11.434539306918262,-20.55875046375872,84.94668579101562,15.0,180.0
66.73109738673489,-11.360775689966616,-20.1817359259866,84.94668579101562,15.0,180.0
67.18049320394982,-11.241631046078552,-19.551614986483,85.04650115966797,15.0,180.0
67.79694894409366,-10.96726585393899,-19.14475097965556,85.14647674560547,15.0,180.0
68.42775726672949,-10.42237167172173,-19.281769137828466,85.24676513671875,15.0,180.0
68.75103491083266,-9.922703089289088,-19.650615133516084,85.34671020507812,15.0,180.0
68.7092491696181,-9.808943183916986,-19.835287989563867,85.44666290283203,15.0,180.0
68.52378741854889,-10.012526314042898,-19.757700863342222,85.54658508300781,15.0,180.0
68.45245932361387,-10.40521442768206,-19.61888005146849,85.54658508300781,15.0,180.0
68.60159883438057,-10.918576844902296,-19.639135975988133,85.64643859863281,15.0,180.0
68.80437569144895,-11.506533736876015,-19.876569399036875,85.7465591430664,15.0,180.0
68.99101954915548,-12.01848443544247,-20.20746637228276,85.84666442871094,15.0,180.0
69.11048670229019,-12.22486334499412,-20.56845934428892,85.94661712646484,15.0,180.0
69.13549853105157,-12.201408981638096,-21.001064623926005,86.04660034179688,15.0,180.0
69.24312858613156,-12.143277777493642,-21.375769237948383,86.1467514038086,15.0,180.0
69.54746558499798,-12.06897416949462,-21.50628938542888,86.24675750732422,15.0,180.0
69.95833595917097,-11.88332906423988,-21.512740211766555,86.24675750732422,15.0,180.0
70.2638800854007,-11.622539314089966,-21.60457529951794,86.34662628173828,15.0,180.0
70.48605042548348,-11.559671926769283,-21.8470709625152,86.44658660888672,15.0,180.0
70.70967270510938,-11.76366880515919,-22.193371862132107,86.54635620117188,15.0,180.0
70.84654886712252,-12.0248150119645,-22.42883919229343,86.64642333984375,15.0,180.0
70.96268282248853,-12.139155214745024,-22.480434168393504,86.74667358398438,15.0,180.0
71.1321544106339,-12.071265729598403,-22.51120747257273,86.84688568115234,15.0,180.0
71.39366198455195,-11.94049715404488,-22.5293231120757,86.94668579101562,15.0,180.0
71.65257018242094,-11.727446096874752,-22.46527233927572,86.94668579101562,15.0,180.0
71.65099654836447,-11.363667554133125,-22.34310981857164,87.04660034179688,15.0,180.0
71.44089419861147,-10.959038256725812,-22.38473346072235,87.14665985107422,15.0,180.0
71.37910502904217,-10.690610913831778,-22.72669641400961,87.2466812133789,15.0,180.0
71.58277207127395,-10.637129508688718,-23.052022647923867,87.34664154052734,15.0,180.0
71.89022435338875,-10.695300568420496,-23.143907109672227,87.44644927978516,15.0,180.0
72.18079409398564,-10.671231983852197,-23.118490068286945,87.54617309570312,15.0,180.0
72.33209293117775,-10.627557544523382,-23.23285938589346,87.54617309570312,15.0,180.0
72.42156496375196,-10.828639980108605,-23.60541082504429,87.64667510986328,15.0,180.0
72.70373941720266,-11.16628737905218,-23.89675987955709,87.74669647216797,15.0,180.0
73.10625348218727,-11.474777457352808,-23.91210953481393,87.84656524658203,15.0,180.0
73.43644963036124,-11.707670200158208,-23.861707350242177,87.94664001464844,15.0,180.0
73.81010798319573,-11.780343616767588,-23.949164800007694,88.04657745361328,15.0,180.0
74.28625991129891,-11.734613210876734,-24.13735249887513,88.14664459228516,15.0,180.0
74.74072972447682,-11.671650378882909,-24.22104699754892,88.24669647216797,15.0,180.0
74.97583857968695,-11.762183929944282,-24.21365441803868,88.24669647216797,15.0,180.0
74.78195506669641,-11.856298189059078,-24.170317213278185,88.34658813476562,15.0,180.0
74.35433064715312,-11.722952118914364,-24.015229387703343,88.44636535644531,15.0,180.0
74.0581519440361,-11.54613941171252,-23.71223770355492,88.54647064208984,15.0,180.0
73.98664887647482,-11.485097014275254,-23.41397768554388,88.64665985107422,15.0,180.0
74.03160804828713,-11.456096786864173,-23.324483098017467,88.74669647216797,15.0,180.0
74.10672605679207,-11.388824041312086,-23.38873309592216,88.84678649902344,15.0,180.0
74.35280118418774,-11.23965830116656,-23.66905787497806,88.84678649902344,15.0,180.0
74.81581145761834,-10.99746032434746,-24.351423653315297,88.94654846191406,15.0,180.0
75.29876929343652,-10.794488648746391,-25.203985697119226,89.04650115966797,15.0,180.0
75.70853380063387,-10.716027216520082,-25.78288249113102,89.14665985107422,15.0,180.0
76.08716061392857,-10.77842865218329,-26.02406855077157,89.24649810791016,15.0,180.0
76.4429901278805,-10.900206894156888,-26.05861130699375,89.34654998779297,15.0,180.0
76.67000496187535,-11.036416628719202,-25.894880638923937,89.44661712646484,15.0,180.0
76.75103373493013,-11.286160968121958,-25.4703199788027,89.54674530029297,15.0,180.0
76.8171321256102,-11.65813407051737,-24.79791996759012,89.54674530029297,15.0,180.0
76.97745998365407,-12.091868601007882,-24.0439191789622,89.64678955078125,15.0,180.0
77.17750689073917,-12.49238019563553,-23.31539462000289,89.74663543701172,15.0,180.0
77.28526448342933,-12.730775134765803,-22.747449635899365,89.84656524658203,15.0,180.0
77.48533264961088,-12.661809670056885,-22.414982802728364,89.94670867919922,15.0,180.0
77.93085798026755,-12.424992772643307,-22.26384966962984,90.04657745361328,15.0,180.0
78.44322778460423,-12.23457394466553,-22.36003897594064,90.14651489257812,15.0,180.0
78.9524040731666,-11.952988011743432,-22.76900872781905,90.14651489257812,15.0,180.0
79.45930493519452,-11.596440824673804,-23.38404155019517,90.2462158203125,15.0,180.0
79.82200297075846,-11.316172571964104,-24.09372886270917,90.34654235839844,15.0,180.0
79.99604979601027,-11.07758884780894,-24.770736959763664,90.44693756103516,15.0,180.0
80.15221919673232,-10.829924730062771,-25.15711298177217,90.54678344726562,15.0,180.0
80.35760771081219,-10.531682302314277,-25.37300937830454,90.64647674560548,15.0,180.0
80.53147304952111,-10.268671469558466,-25.725090668495536,90.74622344970705,15.0,180.0
80.76302621826629,-10.232106295366831,-26.12632981983417,90.84664916992188,15.0,180.0
81.04287402216033,-10.269356189052155,-26.418259330930663,90.84664916992188,15.0,180.0
81.2340619242949,-10.245416454564534,-26.66055510631552,90.94695281982422,15.0,180.0
81.3154463991932,-10.385785250298923,-26.958808726735423,91.04646301269533,15.0,180.0
81.33627482564063,-10.667704848070692,-27.093221005691323,91.14604949951172,15.0,180.0
81.40078041386478,-10.980833713719578,-26.98024658713725,91.24655151367188,15.0,180.0
81.41387128424192,-11.30964342092842,-26.89334186260254,91.34720611572266,15.0,180.0
81.37965119721724,-11.497587908097287,-26.85394935479238,91.44708251953124,15.0,180.0
81.42984327852751,-11.46558311344658,-26.7100505922429,91.54669189453124,15.0,180.0
81.5391483829173,-11.32625772175964,-26.477327522919023,91.54669189453124,15.0,180.0
81.62454836139958,-11.293455672273604,-26.213425958045164,91.64627838134766,15.0,180.0
81.66170649582583,-11.438977757473932,-25.82005970031181,91.74658203125,15.0,180.0
81.9116856674838,-11.710007015955613,-25.33866290428187,91.8470230102539,15.0,180.0
82.59587503391936,-11.96452467103845,-25.03095886343289,91.9465789794922,15.0,180.0
83.53635990707357,-11.967175181258977,-24.97246997696872,92.04573822021484,15.0,180.0
84.4257201191076,-11.813693238731624,-25.034669474457846,92.14616394042967,15.0,180.0
85.06594527694003,-11.69610677197254,-25.05026658360661,92.14616394042967,15.0,180.0
85.36883923084123,-11.718391329603778,-24.92365579516177,92.2468490600586,15.0,180.0
85.43624925393743,-11.947696089103305,-24.74859444569192,92.34713745117188,15.0,180.0
85.45829590390102,-12.17666446516058,-24.53755736651836,92.4467544555664,15.0,180.0
85.52883502290874,-12.299757212941351,-24.14660409530324,92.54595947265624,15.0,180.0
85.60399443850116,-12.302610434238932,-23.770136308508743,92.64639282226562,15.0,180.0
85.65053158053772,-12.240216319677767,-23.807718765678693,92.74710845947266,15.0,180.0
85.6934086294634,-12.2628390845147,-24.140461895988047,92.8467254638672,15.0,180.0
85.73682610540834,-12.264491263147534,-24.34820584423152,92.8467254638672,15.0,180.0
85.82575898740191,-12.21855116451952,-24.50745193013732,92.94602966308594,15.0,180.0
85.87733940940583,-12.307489081819549,-24.76619578264406,93.04625701904295,15.0,180.0
85.8150967547705,-12.452365897511562,-25.00236025690016,93.1466827392578,15.0,180.0
85.70384281990275,-12.549323620880497,-25.26983016548868,93.2471923828125,15.0,180.0
85.69509448234588,-12.774861248111442,-25.60017705138248,93.34683227539062,15.0,180.0
86.01179548207458,-13.114731221766489,-25.90398831049871,93.4463119506836,15.0,180.0
86.53282325935467,-13.372688165673791,-26.063705576495902,93.4463119506836,15.0,180.0
87.0252259126575,-13.486819771709175,-26.10001578376284,93.54646301269533,15.0,180.0
87.6401895021963,-13.51311844442132,-26.0211556335865,93.64667510986328,15.0,180.0
88.43938200647801,-13.62094177648328,-25.823742123811165,93.74686431884766,15.0,180.0
89.13635023104823,-13.855453801951864,-25.74706717743821,93.84627532958984,15.0,180.0
89.58709229635176,-13.948655880716808,-25.81341854835689,93.9464874267578,15.0,180.0
89.85702062046028,-13.832191033137583,-25.85579077538604,94.04669952392578,15.0,180.0
90.02384901120672,-13.711934647779415,-25.857535372114608,94.14698028564452,15.0,180.0
90.17524335632466,-13.49799883987072,-25.89975493801576,94.14698028564452,15.0,180.0
90.38710498858522,-13.060489893229528,-25.991236040034988,94.24681091308594,15.0,180.0
90.62936978427558,-12.674754935941372,-26.04387161286389,94.34683990478516,15.0,180.0
90.80371834278164,-12.59080206767804,-26.118412484929305,94.44670867919922,15.0,180.0
90.96792686611172,-12.661278015509009,-26.22688452522238,94.54666900634766,15.0,180.0
91.18891147757992,-12.744212544253616,-26.1810198019152,94.64675903320312,15.0,180.0
91.31521072357104,-12.8618553196771,-26.05708064823,94.74663543701172,15.0,180.0
90.9820839238064,-13.029767112081563,-26.101695212078138,94.84657287597656,15.0,180.0
90.36919638429632,-13.268574249105232,-26.27291808345398,94.84657287597656,15.0,180.0
90.1881795513262,-13.443081539396276,-26.388782200980625,94.94676971435548,15.0,180.0
90.35898395494304,-13.4421631057031,-26.465440378340723,95.04669952392578,15.0,180.0
90.4397810085992,-13.534232533935295,-26.64240330739785,95.14671325683594,15.0,180.0
90.46854399784688,-13.885036607440082,-26.91650764568157,95.2467269897461,15.0,180.0
90.64094332071592,-14.217878159529882,-27.19252414523969,95.34666442871094,15.0,180.0
90.99395753006392,-14.26443069688281,-27.57911812067068,95.4467544555664,15.0,180.0
91.3994165530446,-14.073801066535662,-28.0433165067292,95.4467544555664,15.0,180.0
91.81589886983026,-13.823957925172444,-28.22893794582325,95.54672241210938,15.0,180.0
92.23362757050464,-13.595226763980095,-28.05726683268552,95.64654541015624,15.0,180.0
92.61237183001175,-13.408945793779717,-27.74457963723843,95.74656677246094,15.0,180.0
92.94868817473204,-13.321286481301993,-27.467462930420886,95.84651184082033,15.0,180.0
93.24501687981066,-13.428917585631645,-27.27876508767517,95.94652557373048,15.0,180.0
93.4997425171012,-13.80745466595431,-27.26570670609707,96.04666900634766,15.0,180.0
93.67647470240352,-14.407044946274585,-27.38043043604356,96.14656066894533,15.0,180.0
93.74112036252482,-15.006598651733771,-27.35878462131604,96.14656066894533,15.0,180.0
93.77048567339682,-15.435945808585176,-27.228422856069827,96.24662017822266,15.0,180.0
93.99057699903082,-15.609604332547889,-27.235201691613057,96.34666442871094,15.0,180.0
94.49382711566416,-15.650571005787713,-27.562408473285583,96.44644165039062,15.0,180.0
95.16693208143924,-15.770313100909227,-28.22192505520929,96.5466079711914,15.0,180.0
95.88313481206018,-15.841932559809573,-28.9026443731881,96.64656829833984,15.0,180.0
96.56074150067934,-15.906827223795167,-29.193735862553343,96.74649810791016,15.0,180.0
97.09377135416588,-16.168679692807224,-29.052491089147484,96.74649810791016,15.0,180.0
97.351455391534,-16.49453853475814,-28.72362649763639,96.84668731689452,15.0,180.0
97.16250400242944,-16.676418793398653,-28.28015127876372,96.94656372070312,15.0,180.0
96.17815628584448,-16.501998830029798,-27.707119974680207,97.04656219482422,15.0,180.0
94.57545678627928,-15.865621633861505,-27.027443447390343,97.14675903320312,15.0,180.0
93.20242570393924,-15.12431650688182,-26.355126362210623,97.24663543701172,15.0,180.0
92.54062493315764,-14.695826433808136,-25.95769004353783,97.34661102294922,15.0,180.0
92.52199766999412,-14.489605180908244,-25.901194274294525,97.44660186767578,15.0,180.0
92.8988670262473,-14.294919011831473,-25.9550441716686,97.44660186767578,15.0,180.0
93.3411869531242,-14.217941945233154,-26.027082729487592,97.54663848876952,15.0,180.0
93.73938147236248,-14.264673720336171,-26.128834679404022,97.64673614501952,15.0,180.0
94.22385187616833,-14.290617647702565,-26.27481426449503,97.74656677246094,15.0,180.0
94.82163547762936,-14.291773305745906,-26.48398874145354,97.84658813476562,15.0,180.0
95.35727747401774,-14.271822576382366,-26.654373021396594,97.94671630859376,15.0,180.0
95.63884758354236,-14.323984336906715,-26.80738179046806,98.04674530029295,15.0,180.0
95.76452056112058,-14.416334647479784,-27.0135980743464,98.04674530029295,15.0,180.0
95.90839602989688,-14.408958580300418,-27.09432748660332,98.14653778076172,15.0,180.0
95.96119271642172,-14.488000910295453,-26.96006974289483,98.24665832519533,15.0,180.0
95.74330859734658,-14.726091510352392,-26.7542754139642,98.34658813476562,15.0,180.0
95.38394264876118,-14.916516589653856,-26.460393475117904,98.44664764404295,15.0,180.0
95.14059938590472,-15.010719185388584,-26.154838183718443,98.54670715332033,15.0,180.0
95.08893498043712,-15.011548633551111,-25.989230729868137,98.64653778076172,15.0,180.0
95.26279661011196,-14.902249850362091,-25.9510521429114,98.74652862548828,15.0,180.0
95.6474499862927,-14.766999001663578,-26.06608958055053,98.74652862548828,15.0,180.0
96.07623930176584,-14.656795334628145,-26.2991822667424,98.84656524658205,15.0,180.0
96.26216336352874,-14.564047378484895,-26.67799392860938,98.94644927978516,15.0,180.0
96.09741612036352,-14.49310549912538,-27.37219289829646,99.04649353027344,15.0,180.0
95.94298627028446,-14.623667454257728,-27.97211672292586,99.14663696289062,15.0,180.0
96.06920959962736,-15.074262310718822,-28.058589869430094,99.24675750732422,15.0,180.0
96.29343537237104,-15.588268427395056,-27.84817293113738,99.34679412841795,15.0,180.0
96.48361215486472,-15.946010630432934,-27.349237777449865,99.44660186767578,15.0,180.0
96.58571421206,-16.1565033871081,-26.66837465159979,99.44660186767578,15.0,180.0
96.49606868223748,-16.2750219535245,-26.09753092829552,99.54654693603516,15.0,180.0
96.28516668164016,-16.255894503946024,-25.685105170744126,99.6466293334961,15.0,180.0
96.12328778919225,-16.07012198188588,-25.393608930347803,99.7466278076172,15.0,180.0
96.206001194623,-15.75338116242079,-25.223204609152017,99.84272003173828,15.0,180.0
96.50651823106416,-15.307767836434824,-25.13533119048566,99.91790771484376,15.0,180.0
96.7857229342704,-14.915902230984916,-24.972425304773225,99.96295166015624,15.0,180.0
96.92964370295262,-14.867674572920754,-24.72213282264271,99.96295166015624,15.0,180.0
96.97361002681996,-15.131131642270374,-24.516063180987416,99.98176574707033,15.0,180.0
97.1541956496648,-15.410367391256006,-24.54120584989724,99.99099731445312,15.0,180.0
97.57912955143472,-15.67588411667847,-24.804149536209955,99.99557495117188,15.0,180.0
98.22797320850124,-15.937538577651084,-25.08081939627453,99.99783325195312,15.0,180.0
99.07992381162676,-16.041827239898986,-25.22490907337263,99.99894714355467,15.0,180.0
99.81633902573404,-16.002712439041268,-25.204055130070174,99.99949645996094,15.0,180.0
100.2724147049638,-15.941917655960385,-25.096573679394965,99.9997787475586,15.0,180.0
100.55297743733205,-15.877121940059771,-25.022966591790446,99.9997787475586,15.0,180.0
100.61272012109838,-15.815411435323009,-25.00529076034409,99.99992370605467,15.0,180.0
100.434971126461,-15.733623062038395,-25.020309348445483,99.99999237060548,15.0,180.0
100.17260922338647,-15.474154616364189,-25.099003024938963,100.0000381469727,15.0,180.0
99.83754525799156,-15.1059340234625,-25.15144885161772,100.0000534057617,15.0,180.0
99.4572510317066,-14.839700813442947,-25.08507084590164,100.0000610351562,15.0,180.0
99.32197977649388,-14.743693031723872,-25.0754044712852,100.0000686645508,15.0,180.0
99.3952687986558,-14.709786299403456,-25.22730656107077,100.0000686645508,15.0,180.0
99.32044826604306,-14.666670675055446,-25.48367415434233,100.0000686645508,15.0,180.0
99.05436874203872,-14.796739644790632,-25.696077261022968,100.0000610351562,15.0,180.0
98.845225776629,-15.126693556999792,-25.762573457084308,100.0000610351562,15.0,180.0
98.71266604198271,-15.408006739745648,-25.922991452384164,100.0000610351562,15.0,180.0
98.55926180037896,-15.62150991768404,-26.375696774718275,100.0000534057617,15.0,180.0
98.75653452526586,-15.98564265668753,-26.966567253849288,100.0000457763672,15.0,180.0
99.39304614373968,-16.45902253817824,-27.402624321029144,100.0000457763672,15.0,180.0
99.975219799468,-16.827941178016165,-27.604444276497688,100.0000457763672,15.0,180.0
100.29171267259524,-17.0514905034447,-27.62175885685729,100.0000381469727,15.0,180.0
100.5270622439374,-17.328735742515278,-27.485688391805702,100.0000305175781,15.0,180.0
100.95945283241566,-17.61970186384457,-27.39012479552966,100.0000305175781,15.0,180.0
101.4947726344666,-17.580230091952593,-27.456646752981708,100.0000228881836,15.0,180.0
101.83536896321984,-17.20969871137464,-27.59399756151202,100.0000228881836,15.0,180.0
101.97203787191788,-16.840774957475823,-27.66712835392871,100.0000228881836,15.0,180.0
102.18309599743628,-16.68405865026576,-27.559971276000965,100.0000228881836,15.0,180.0
102.62192447016812,-16.56412587581666,-27.21466303720439,100.0000228881836,15.0,180.0
103.03196471968268,-16.329628371523135,-26.72756464751537,100.0000152587891,15.0,180.0
103.34725245275128,-16.14359539394124,-26.30805081740301,100.0000152587891,15.0,180.0
103.62719989313868,-16.021157484953047,-26.24869500820205,100.0000152587891,15.0,180.0
103.86651695690684,-15.780145044840811,-26.59828084554708,100.0000076293945,15.0,180.0
104.15764462862737,-15.53199094849241,-26.81023115669311,100.0000076293945,15.0,180.0
104.38432778230488,-15.499443665361923,-26.62964656389941,100.0000076293945,15.0,180.0
104.44415751900604,-15.692723330987883,-26.424092949197465,100.0000076293945,15.0,180.0
104.38084082741148,-15.961479437570793,-26.20212168902709,100.0000076293945,15.0,180.0
104.2561971360381,-16.14259722106443,-25.74144984019137,100.0000076293945,15.0,180.0
104.20731897058668,-16.37986925548734,-25.330453725624768,100.0000076293945,15.0,180.0
104.20575983234536,-16.853302558256146,-25.18612141440794,100.0,15.0,180.0
104.07503669702716,-17.38985217516198,-25.221296853653254,100.0000076293945,15.0,180.0
103.98210599998262,-17.782091422732652,-25.417845213635005,100.0,15.0,180.0
104.16900652361736,-18.09322984085326,-25.646579261933425,100.0,15.0,180.0
104.4883645386042,-18.46996360410601,-25.985259307472525,100.0,15.0,180.0
104.72465264920154,-18.95355880910841,-26.52272543523924,100.0,15.0,180.0
104.99005983721322,-19.361787250782346,-27.036829065369687,100.0,15.0,180.0
105.46079726843806,-19.616856108156323,-27.37944987260331,100.0,15.0,180.0
106.02819083670175,-19.768119973283355,-27.461560102818886,100.0,15.0,180.0
106.50161702144332,-19.72205081511832,-27.47341962562141,100.0,15.0,180.0
106.85410258609537,-19.64022431107979,-27.674588404942487,100.0,15.0,180.0
107.13812120716536,-19.48708242450266,-27.96175463065657,100.0,15.0,180.0
107.32791764407482,-19.0874605443866,-28.16388020870233,100.0,15.0,180.0
107.5104338199714,-18.77097788783396,-28.228662830725515,100.0,15.0,180.0
107.62925430929592,-18.66173806766799,-28.2936527950036,100.0,15.0,180.0
107.51965941976076,-18.527876159316804,-28.29270555780029,100.0,15.0,180.0
107.23832042271184,-18.450788064841337,-28.05116639524377,100.0,15.0,180.0
106.8754908126037,-18.527775138815738,-27.70114002409592,100.0,15.0,180.0
106.55392156281673,-18.555921750523083,-27.41471199650532,99.99999237060548,15.0,180.0
106.38012610434711,-18.561647662713632,-27.319446557605904,99.99999237060548,15.0,180.0
106.36345171138753,-18.75244488670355,-27.35846808308892,100.0,15.0,180.0
106.39665120933888,-19.09982645819445,-27.38658040323452,100.0,15.0,180.0
106.39785026403004,-19.387381082566005,-27.33387110506702,100.0,15.0,180.0
106.48562938882596,-19.46395803596353,-27.045880544618512,100.0,15.0,180.0
106.787272298315,-19.41176369793483,-26.522662818935352,100.0,15.0,180.0
107.1358520967338,-19.442611002281733,-26.020645585975164,100.0,15.0,180.0
107.45063104693688,-19.57297278591514,-25.772923927321862,100.0,15.0,180.0
107.89188624659,-19.676569947727728,-25.91091007434972,100.0,15.0,180.0
108.40854117314328,-19.777201074716366,-26.375729989495543,100.0,15.0,180.0
108.84505504703722,-19.7659501029496,-26.886823258268013,100.0,15.0,180.0
109.10907663966448,-19.57354158395387,-27.244679413918483,100.0,15.0,180.0
109.15194659701244,-19.43836196091376,-27.51442896930684,100.0,15.0,180.0
109.07583058043396,-19.38048388026621,-27.77777496101551,100.0,15.0,180.0
109.16439187824534,-19.315729950808333,-28.03937702632197,100.0,15.0,180.0
109.46323542154542,-19.3527476980304,-28.252784758840367,100.0,15.0,180.0
109.86598971927698,-19.42710405607677,-28.34121743857133,100.0,15.0,180.0
110.3276603703501,-19.386457182550693,-28.393530460746085,100.0,15.0,180.0
110.58508641124354,-19.260387232094622,-28.34214850222465,100.0,15.0,180.0
110.53782181530062,-19.008743319690552,-27.98171519651037,100.0,15.0,180.0
110.2481924900075,-18.57870755673701,-27.3303398543662,100.0,15.0,180.0
109.87628285014918,-18.184661297735005,-26.478642150118155,100.0,15.0,180.0
109.73681954713,-18.10572271935216,-25.700744115928483,100.0,15.0,180.0
109.89293322972632,-18.31665976150756,-25.22727542698337,100.0,15.0,180.0
110.15233886105123,-18.60757105026637,-24.963066017131165,100.0,15.0,180.0
110.32295341332424,-18.909025258765503,-24.757649131207348,100.0,15.0,180.0
110.52964648097915,-19.254503712946544,-24.6447249693544,100.0,15.0,180.0
110.8907121644704,-19.712478363981177,-24.89648600842401,100.0,15.0,180.0
111.27516134567485,-20.179421982641685,-25.5672553780638,100.0,15.0,180.0
111.72748690555048,-20.44066699113158,-26.269792253946434,100.0,15.0,180.0
112.17422621409273,-20.62747474358697,-26.721906856245425,100.0,15.0,180.0
112.4190998478943,-20.89415189306128,-27.07449599166958,100.0,15.0,180.0
112.6172131692528,-21.05674880843144,-27.44295056827628,100.0,15.0,180.0
112.8578154047326,-21.05322631669818,-27.66415509357006,100.0,15.0,180.0
113.16056715771816,-21.23257745547435,-27.763847893427336,100.0,15.0,180.0
113.54882080742928,-21.677037765916907,-27.85736206025187,100.0,15.0,180.0
113.92211092172992,-21.996483365990485,-27.830228466501985,100.0,15.0,180.0
114.40760657180104,-22.114112882531707,-27.73405053807049,100.0,15.0,180.0
114.92732166587624,-22.217961469885463,-27.71531691788477,100.0,15.0,180.0
115.17751939620486,-22.35207307536845,-27.85192750339892,100.0,15.0,180.0
115.26013803214968,-22.461683253544948,-28.28836626832202,100.0,15.0,180.0
115.26273530832154,-22.50992216887283,-28.79192579942222,100.0,15.0,180.0
115.04833046542426,-22.484282267046773,-29.034805261088763,100.0,15.0,180.0
114.76614154642178,-22.46665508141437,-29.14671900329436,100.0,15.0,180.0
114.60944960385964,-22.57029067938799,-29.26963179237204,100.0,15.0,180.0
114.55753511196164,-22.686395955964983,-29.2410471975089,100.0,15.0,180.0
114.54674107177142,-22.6259460101885,-28.93411242943692,100.0,15.0,180.0
114.50734231370475,-22.44692858674102,-28.601317305663912,100.0,15.0,180.0
114.47364727392298,-22.297224355706103,-28.492536698422192,100.0,15.0,180.0
114.38629523176677,-22.24618062004266,-28.62559075196992,100.0,15.0,180.0
114.1779396069557,-22.332345630747906,-29.017213942152026,100.0,15.0,180.0
114.0287319639472,-22.35346155789768,-29.48103386145884,100.0,15.0,180.0
114.14512986703726,-22.222930899337904,-29.73609632424037,100.0,15.0,180.0
114.45987382393764,-22.012011655743937,-29.709561986141665,100.0,15.0,180.0
114.80345022895808,-21.773664861701192,-29.60575232175232,100.0,15.0,180.0
115.15436607827432,-21.76178892110447,-29.621189290545143,100.0,15.0,180.0
115.38743864354817,-22.06977492937993,-29.63338499375387,100.0,15.0,180.0
115.52090116223955,-22.619552808311887,-29.595907903438235,100.0,15.0,180.0
115.66731416125629,-23.26575883705445,-29.63555527841249,100.0,15.0,180.0
115.71134253596348,-23.74033620204944,-29.810502908409795,100.0,15.0,180.0
115.69281120377444,-23.931068489752924,-30.014316904944465,100.0,15.0,180.0
115.74960822030836,-23.890635203748506,-30.11800294871991,100.0,15.0,180.0
115.89987006295485,-23.85210902636189,-30.18617139202817,100.0,15.0,180.0
116.14057196594136,-23.98763630188872,-30.40716142851541,100.0,15.0,180.0
116.4192129529096,-24.07949064428281,-30.88285989803537,100.0,15.0,180.0
116.59541925169653,-23.90553586576901,-31.307948431040607,100.0,15.0,180.0
116.64068379910732,-23.49183367937357,-31.295606901836862,100.0,15.0,180.0
116.6558625756668,-23.135642506150937,-30.9750980561016,100.0,15.0,180.0
116.68782114320094,-23.017788714805604,-30.546457269412205,100.0,15.0,180.0
116.77490199606996,-22.92552269688604,-30.04602724962992,100.0,15.0,180.0
116.91004906025849,-22.77089426727864,-29.579294880338324,100.0,15.0,180.0
117.10120875485995,-22.704109476107043,-29.2806008578156,100.0,15.0,180.0
117.30083322197058,-22.75181563243837,-29.199368043497824,100.0,15.0,180.0
117.40108584128625,-22.78923198626176,-29.25415789464157,100.0,15.0,180.0
117.39611988669596,-22.822945031004927,-29.402703728436656,100.0,15.0,180.0
117.3611180941282,-22.84897662721392,-29.535794500822373,100.0,15.0,180.0
117.25616504880188,-22.84219743340388,-29.542653310129552,100.0,15.0,180.0
116.99352037077249,-23.03898502699709,-29.452548732070827,100.0,15.0,180.0
116.77507612788588,-23.49252904057521,-29.4377460832109,100.0,15.0,180.0
116.75622444905277,-23.86430041790629,-29.550778327974434,100.0,15.0,180.0
116.86800322236851,-24.011227268260093,-29.551498176148968,100.0,15.0,180.0
117.07496353899847,-24.03238084770173,-29.46852524052476,100.0,15.0,180.0
117.41233692917412,-23.942846101332723,-29.62759543744296,100.0,15.0,180.0
117.82662097578032,-23.84839502843066,-30.12420763116736,100.0,15.0,180.0
118.12944265350202,-23.81355610167511,-30.680471680340112,100.0,15.0,180.0
118.33505385510716,-23.827379233156385,-30.97357758168512,100.0,15.0,180.0
118.58028495520772,-24.00604022689583,-30.93427157982864,100.0,15.0,180.0
118.75129559153991,-24.32954864867356,-30.66348224631325,100.0,15.0,180.0
118.77765850872078,-24.61936120844621,-30.28971607507404,100.0,15.0,180.0
118.69655606301951,-24.73427247163483,-29.905624645666325,100.0,15.0,180.0
118.43245001603336,-24.67840163849972,-29.65373785904737,100.0,15.0,180.0
118.12558390214896,-24.56086615329002,-29.58805444567431,100.0,15.0,180.0
118.06464096726744,-24.464188449253264,-29.552169068110505,100.0,15.0,180.0
118.07417127043092,-24.43224618047229,-29.49452782341161,100.0,15.0,180.0
117.85339041597972,-24.50525288984496,-29.514157016119423,100.0,15.0,180.0
117.49586345825378,-24.591402326770524,-29.743330518348856,100.0,15.0,180.0
117.11189317927528,-24.64094897008931,-30.13173530083708,100.0,15.0,180.0
116.7581590077707,-24.74304626231222,-30.54325240680557,100.0,15.0,180.0
116.49435947158182,-24.839358841357235,-30.94594002938805,100.0,15.0,180.0
116.20589419844592,-24.870961769395592,-31.2051040056294,100.0,15.0,180.0
115.92842754176588,-25.057590893506056,-31.27342455783368,100.0,15.0,180.0
115.88204111796789,-25.5123824964722,-31.237111935112367,100.0,15.0,180.0
116.08600840102866,-25.89679120232256,-31.32459931337077,100.0,15.0,180.0
116.4727778753533,-26.01794961394405,-31.52215944909983,100.0,15.0,180.0
116.86079064151366,-26.023114653052204,-31.49612976641617,100.0,15.0,180.0
117.01765645619058,-25.92561542053893,-31.425029283393435,100.0,15.0,180.0
116.9626545489088,-25.657124366638232,-31.508287931086404,100.0,15.0,180.0
116.93812129490549,-25.43762846134191,-31.62986585128413,100.0,15.0,180.0
117.09776679213664,-25.41056510147321,-31.677579070576726,100.0,15.0,180.0
117.24716747081928,-25.423020649785663,-31.429933227759324,100.0,15.0,180.0
117.26213501781754,-25.39735786995182,-30.94120658503007,100.0,15.0,180.0
117.25953166990176,-25.23171859377333,-30.54692318077572,100.0,15.0,180.0
117.25256386540656,-24.99346155331088,-30.43934084362728,100.0,15.0,180.0
117.1928556186248,-24.946325326297902,-30.508592392011217,100.0,15.0,180.0
117.17946459448136,-25.118677877251727,-30.509852333867347,100.0,15.0,180.0
117.35683077513214,-25.34711873928317,-30.42060373001199,100.0,15.0,180.0
117.71544689975406,-25.62667811193507,-30.438367722581884,100.0,15.0,180.0
118.15201234033964,-25.792021016300087,-30.66959393972005,100.0,15.0,180.0
118.47938766184656,-25.54406392417969,-30.911222067358704,100.0,15.0,180.0
118.64198938019052,-25.097147993344294,-31.11401431004868,100.0,15.0,180.0
118.9037083333448,-24.6862878150438,-31.403054062714453,100.0,15.0,180.0
119.4161744736993,-24.415170316183687,-31.65747776725296,100.0,15.0,180.0
119.96922508491048,-24.27934180936213,-31.80385056880642,100.0,15.0,180.0
120.34657400170629,-24.16575897892793,-31.80876152693084,100.0,15.0,180.0
120.34474420449745,-24.13676776159744,-31.573600330379914,100.0,15.0,180.0
119.91551720532706,-24.20212508890222,-31.10285904262704,100.0,15.0,180.0
119.40552128994882,-24.24868471981123,-30.45365796793218,100.0,15.0,180.0
119.11246834317078,-24.29380940431676,-29.766969007991733,100.0,15.0,180.0
119.13183570900227,-24.517677913347303,-29.1799762841462,100.0,15.0,180.0
119.30538104468172,-24.802737986711467,-28.763518405358127,100.0,15.0,180.0
119.2968549828733,-24.925561605079984,-28.65654941678331,100.0,15.0,180.0
119.05718177664312,-25.043587254589788,-28.74912373756216,100.0,15.0,180.0
118.82969623089976,-25.41561758858077,-28.90048210106461,100.0,15.0,180.0
118.75707756826884,-26.020498315659903,-29.255884671752163,100.0,15.0,180.0
118.80406752931728,-26.61609761033965,-29.62466883362891,100.0,15.0,180.0
118.94743831725027,-26.93897030083292,-29.63926885210216,100.0,15.0,180.0
119.11253786100164,-26.94261466774899,-29.278351292532,100.0,15.0,180.0
119.09446431352364,-26.8335251282968,-28.839200309696427,100.0,15.0,180.0
118.9753784090213,-26.77626557168609,-28.71305833601623,100.0,15.0,180.0
118.98000661843815,-26.726725283228504,-28.91530524110186,100.0,15.0,180.0
119.02977148748016,-26.539710823791047,-29.18886346828777,100.0,15.0,180.0
119.09135838466136,-26.2700539239398,-29.38569301353516,100.0,15.0,180.0
119.1937271021952,-26.10684242533524,-29.451863902129062,100.0,15.0,180.0
119.15602538137604,-26.06655308306724,-29.42211816798196,100.0,15.0,180.0
118.96658458320204,-25.98452759368251,-29.448836585287832,100.0,15.0,180.0
118.95489539970374,-25.7530051932276,-29.61369524284767,100.0,15.0,180.0
119.18314970050756,-25.55470703861241,-29.859510538474787,100.0,15.0,180.0
119.39139901059752,-25.55532702248727,-30.11179095537892,100.0,15.0,180.0
119.49079971784356,-25.68597451667253,-30.424007166125666,100.0,15.0,180.0
119.48335656611322,-25.87049273149259,-30.881129334119528,100.0,15.0,180.0
119.37045591344074,-25.956666919818623,-31.200777741061344,100.0,15.0,180.0
119.23448895941446,-25.894399075418463,-31.137629958019687,100.0,15.0,180.0
119.15549073864776,-25.87325234152189,-30.86610111013746,100.0,15.0,180.0
119.04605810517155,-25.822108532274008,-30.48865939346684,100.0,15.0,180.0
118.72401998427542,-25.5140367338456,-30.14801270571505,100.0,15.0,180.0
118.28111468630637,-25.011940727000148,-30.092425684725217,100.0,15.0,180.0
117.93945888385164,-24.52212046209341,-30.293336123554667,100.0,15.0,180.0
117.78875260132324,-24.35396164394152,-30.46793851830059,100.0,15.0,180.0
117.88699296951243,-24.58445697831013,-30.458084797578582,100.0,15.0,180.0
118.133911762293,-24.96411539892057,-30.36711902625738,100.0,15.0,180.0
118.23030864583802,-25.370520019130023,-30.29019869214339,100.0,15.0,180.0
118.116411316645,-25.63301739388938,-30.247499112561343,100.0,15.0,180.0
117.9964046890151,-25.69884748639124,-30.05892994522912,100.0,15.0,180.0
117.92104623368344,-25.68893617531922,-29.60607528694439,100.0,15.0,180.0
117.84371122899417,-25.512856929745887,-29.100352684729263,100.0,15.0,180.0
117.79902915215696,-25.09397762165242,-28.824232007772693,100.0,15.0,180.0
117.7841503744213,-24.616369182737007,-28.75230095195856,100.0,15.0,180.0
117.87049855436076,-24.16650542393996,-28.62509340670727,100.0,15.0,180.0
118.1193037063146,-23.721611791577587,-28.45766152119336,100.0,15.0,180.0
118.37388222765532,-23.59552791872816,-28.464702784848736,100.0,15.0,180.0
118.69199669855564,-23.910154812600627,-28.700255264326547,100.0,15.0,180.0
119.12760080237877,-24.32255462535485,-28.91036503381225,100.0,15.0,180.0
119.33904786758173,-24.65242370473005,-28.88943254041846,100.0,15.0,180.0
119.247250369599,-24.92502434057679,-28.89236188298145,100.0,15.0,180.0
119.1499303224528,-25.139467105278,-29.049138044904275,100.0,15.0,180.0
119.1506994569993,-25.29917738767584,-29.07237091284001,100.0,15.0,180.0
119.14913596417531,-25.4733533092112,-28.992223755162097,100.0,15.0,180.0
119.24826116729908,-25.68171805082448,-28.87935539370057,100.0,15.0,180.0
119.52047726554846,-25.88632314518849,-28.775654311061263,100.0,15.0,180.0
119.75004674718356,-26.099761652294298,-29.02948890809713,100.0,15.0,180.0
119.84931211704954,-26.192914760353823,-29.43960982673059,100.0,15.0,180.0
119.97208213986256,-26.08564075969548,-29.591347145860617,100.0,15.0,180.0
120.0682502844198,-25.99332974635883,-29.604168246619828,100.0,15.0,180.0
119.93221575778702,-25.959721675447778,-29.608989105267987,100.0,15.0,180.0
119.71688697995886,-25.87150228487652,-29.58313004999897,100.0,15.0,180.0
119.5162192328013,-25.82373806303317,-29.60266460946443,100.0,15.0,180.0
119.27028794476712,-25.73223045909695,-29.82462673841431,100.0,15.0,180.0
119.06735554564084,-25.46762183402977,-30.248209431958063,100.0,15.0,180.0
118.92869193335508,-25.21921272635385,-30.66375614976876,100.0,15.0,180.0
118.88201725706485,-25.106632666678628,-30.937183093772965,100.0,15.0,180.0
118.9541116544384,-25.161346667633588,-31.072849626742432,100.0,15.0,180.0
119.03091960098068,-25.401125997384312,-30.933898471581564,100.0,15.0,180.0
119.13124124369014,-25.831840112369456,-30.432164405175072,100.0,15.0,180.0
119.30677378209391,-26.302906070665745,-29.875774270566936,100.0,15.0,180.0
119.39268854409367,-26.423352907314044,-29.490945281735364,100.0,15.0,180.0
119.22527549189368,-26.22010027996261,-29.393868387199,100.0,15.0,180.0
118.82914425936286,-25.86057354994412,-29.653351502449148,100.0,15.0,180.0
118.44007653876734,-25.41240390204256,-30.01765840346406,100.0,15.0,180.0
118.06027123041405,-25.137986328045013,-30.347469424579955,100.0,15.0,180.0
117.61134770311354,-25.062593742096336,-30.55090607206194,100.0,15.0,180.0
117.3746013490346,-25.21119028890144,-30.31963074178748,100.0,15.0,180.0
117.34712948754492,-25.54983602023444,-29.81073582228308,100.0,15.0,180.0
117.2924658826265,-25.79892683364454,-29.637120421708254,100.0,15.0,180.0
117.34823354269268,-25.91427226881041,-29.65611286667701,100.0,15.0,180.0
117.63260463390984,-25.940043538218564,-29.41342891619279,100.0,15.0,180.0
118.02195135719128,-25.92155859159202,-29.14137098898628,100.0,15.0,180.0
118.38283030121438,-26.01170598782848,-28.99288142568445,100.0,15.0,180.0
118.59926843817576,-26.201169234805363,-28.80232860359593,100.0,15.0,180.0
118.48977101284116,-26.286931060487063,-28.65446786755989,100.0,15.0,180.0
118.17606696957353,-26.39163008504073,-28.7656699269662,100.0,15.0,180.0
118.11575424511273,-26.741662060279257,-29.02193051309744,100.0,15.0,180.0
118.38453405191804,-27.0177698870552,-29.1710834375966,100.0,15.0,180.0
118.77551300623124,-27.086758771595107,-29.17932721718116,100.0,15.0,180.0
119.16538749855212,-27.334370195020306,-29.125962407755544,100.0,15.0,180.0
119.35686804207728,-27.85878709789804,-29.16046064220815,100.0,15.0,180.0
119.3261532179345,-28.399050554543592,-29.339291443606445,100.0,15.0,180.0
119.3784037887929,-28.553196429327567,-29.529761967809552,100.0,15.0,180.0
119.61322194198074,-28.24699508010422,-29.70219989443737,100.0,15.0,180.0
119.86085019348698,-27.848691603692025,-29.901497829161325,100.0,15.0,180.0
119.99353410749806,-27.43204489103677,-30.0733949463613,100.0,15.0,180.0
120.05523626180496,-27.01802999794628,-30.339104909754766,100.0,15.0,180.0
120.10310226599054,-26.831588977888075,-30.82929326662248,100.0,15.0,180.0
120.08081238199644,-26.825226745311472,-31.289835731735128,100.0,15.0,180.0
120.06753830198448,-26.837188874501365,-31.51453802909275,100.0,15.0,180.0
120.15351576646287,-26.768674423195726,-31.655370846910905,100.0,15.0,180.0
120.27599109469436,-26.573873443279627,-31.652131401858423,100.0,15.0,180.0
120.38604575963996,-26.33683123513496,-31.379154358666096,100.0,15.0,180.0
120.4207464943523,-26.208625009761825,-30.98913052456473,100.0,15.0,180.0
120.19494516408017,-26.33092879351313,-30.57201330922522,100.0,15.0,180.0
119.87914921872894,-26.48362355689273,-30.26594347061713,100.0,15.0,180.0
119.8333769591081,-26.408906311718724,-30.29664206796333,100.0,15.0,180.0
119.93302598692898,-26.264009958886707,-30.618217283642807,100.0,15.0,180.0
119.96117987883189,-26.158342544716668,-30.883073390554888,100.0,15.0,180.0
119.92794750603016,-26.05247961870092,-31.04345055576776,100.0,15.0,180.0
119.84994925921411,-26.090308101987773,-31.19382752416569,100.0,15.0,180.0
119.67814859443985,-26.460753558521564,-31.27488536396684,100.0,15.0,180.0
119.4380498720697,-26.90755883066695,-31.398552517091115,100.0,15.0,180.0
119.20935288930616,-26.9886365490918,-31.528264513164213,100.0,15.0,180.0
119.08051588078963,-26.805584236145204,-31.47527699926109,100.0,15.0,180.0
119.16022152446862,-26.75929303172877,-31.261587468997703,100.0,15.0,180.0
119.27004121227483,-26.9486891252581,-31.071226223493383,100.0,15.0,180.0
119.22436717801148,-27.31311946241845,-30.98871361925472,100.0,15.0,180.0
119.22420679342258,-27.768831820660512,-30.931191916342307,100.0,15.0,180.0
119.39364305404352,-28.159787935029755,-30.86924258558192,100.0,15.0,180.0
119.75924370914514,-28.30304200781784,-31.027628521520256,100.0,15.0,180.0
120.23236929062466,-28.21474376822076,-31.602394905849145,100.0,15.0,180.0
120.54930800921544,-28.16269402246312,-32.22043856540219,100.0,15.0,180.0
120.59608184836678,-28.29611634245417,-32.487548549779994,100.0,15.0,180.0
120.33584105844996,-28.59959130146575,-32.55978189107292,100.0,15.0,180.0
119.92737359057108,-28.87876985253364,-32.624464345394024,100.0,15.0,180.0
119.62907665294529,-28.91647492891424,-32.61351628883659,100.0,15.0,180.0
119.32847234449362,-28.74108729047635,-32.5785415606578,100.0,15.0,180.0
119.01212767253006,-28.49190396321669,-32.67056731044248,100.0,15.0,180.0
119.0673166464,-28.24730006603465,-32.74785549851962,100.0,15.0,180.0
119.55207080965324,-28.00462181412617,-32.61624660045592,100.0,15.0,180.0
120.18829898753468,-27.791958710725687,-32.21329030552006,100.0,15.0,180.0
120.74116330870096,-27.660790554217293,-31.67833915946186,100.0,15.0,180.0
121.09980006996776,-27.64025125597633,-31.39206370318384,100.0,15.0,180.0
121.36035599432554,-27.740066560140846,-31.35278421337499,100.0,15.0,180.0
121.62942804958512,-27.880236729341146,-31.25269212107521,100.0,15.0,180.0
121.93295768034396,-27.984824124257667,-31.032474656033084,100.0,15.0,180.0
122.26722730591872,-27.98448150742108,-30.824406987014303,100.0,15.0,180.0
122.57047545477484,-27.77890317530263,-30.634663652496947,100.0,15.0,180.0
122.75995710251529,-27.501717329501943,-30.42033193538624,100.0,15.0,180.0
122.82290802445048,-27.391364375493826,-30.339720583661105,100.0,15.0,180.0
122.83562853909338,-27.41790813494049,-30.48822345339977,100.0,15.0,180.0
122.96099172316605,-27.38187158348237,-30.627839162710487,100.0,15.0,180.0
123.22041623834306,-27.250612815692627,-30.46873531776833,100.0,15.0,180.0
123.44509888105068,-27.1244773553624,-30.200222146968937,100.0,15.0,180.0
123.39140400753294,-27.083949554128395,-30.102424265744155,100.0,15.0,180.0
122.96074704065656,-27.248695322122607,-30.06525534777059,100.0,15.0,180.0
122.4137332565702,-27.585919937062084,-30.010198454930403,100.0,15.0,180.0
121.9992040067602,-27.896875752842995,-30.16248817906456,100.0,15.0,180.0
121.81890799586031,-28.0209010521301,-30.53908690977936,100.0,15.0,180.0
121.83521475027356,-28.09422640508479,-30.899468034031354,100.0,15.0,180.0
121.75018780001034,-28.431300720669803,-31.205170486278696,100.0,15.0,180.0
121.36768159660924,-29.016670596550405,-31.488602612040296,100.0,15.0,180.0
120.98607329277225,-29.480504790711752,-31.65260136684638,100.0,15.0,180.0
120.81213091080384,-29.54256406875515,-31.664343497640875,100.0,15.0,180.0
120.76542229915546,-29.539049357023377,-31.73028081485945,100.0,15.0,180.0
120.97183727547628,-29.71551220987377,-31.93500393978131,100.0,15.0,180.0
121.27464921421908,-29.69905520227011,-32.04606330773764,100.0,15.0,180.0
121.41732750364606,-29.42834694982277,-31.821556764364868,100.0,15.0,180.0
121.61861080456892,-29.29003383785578,-31.46954548193421,100.0,15.0,180.0
121.9350567501015,-29.29196567882427,-31.31254361792602,100.0,15.0,180.0
122.16998324501778,-29.086904490475085,-31.259840165117723,100.0,15.0,180.0
122.31452683006094,-28.63775938593151,-31.10391512096533,100.0,15.0,180.0
122.40160651890336,-28.137455887252816,-30.88146804065197,100.0,15.0,180.0
122.42775968105222,-27.822134534762533,-30.953509355648208,100.0,15.0,180.0
122.4750180195172,-27.763243476042945,-31.303318910144963,100.0,15.0,180.0
122.48491427076384,-27.7321469339692,-31.50929641092616,100.0,15.0,180.0
122.40536814733755,-27.81875301956285,-31.51728406434432,100.0,15.0,180.0
122.30766002621016,-28.196129226371312,-31.405933424470668,100.0,15.0,180.0
122.30449594328968,-28.56756944712697,-31.26731827057372,100.0,15.0,180.0
122.58938213988014,-28.78854330686445,-31.21621879544024,100.0,15.0,180.0
123.02325631534876,-28.94379136721063,-31.0961325013509,100.0,15.0,180.0
123.42093551931276,-28.999379771343584,-30.89637419369331,100.0,15.0,180.0
123.73869826003832,-29.03354339234991,-30.80192572737857,100.0,15.0,180.0
123.93491885724184,-29.068875894352253,-30.753744189121488,100.0,15.0,180.0
124.2001349524889,-29.02622714285943,-30.64651697700271,100.0,15.0,180.0
124.61977009469044,-28.98663605124756,-30.49628774122792,100.0,15.0,180.0
125.0605221136701,-29.05181333949097,-30.34021986349954,100.0,15.0,180.0
125.25877592531832,-29.19906963950268,-30.2658073975876,100.0,15.0,180.0
125.06902866586591,-29.373242840755,-30.4960881963134,100.0,15.0,180.0
124.71403917664148,-29.57280470386565,-31.03018011643332,100.0,15.0,180.0
124.41005796061026,-29.73766699684206,-31.46494699926125,100.0,15.0,180.0
124.1951095035501,-29.75076158437175,-31.74371949893068,100.0,15.0,180.0
123.94301193834988,-29.561192883904592,-32.17604435276828,100.0,15.0,180.0
123.6765874216613,-29.27586743863047,-32.67952635851589,100.0,15.0,180.0
123.53940715780372,-29.022585048007628,-33.02615576334425,100.0,15.0,180.0
123.48433457932796,-28.940008179195488,-33.32858847886919,100.0,15.0,180.0
123.53359357613124,-29.08978961943125,-33.695015508373714,100.0,15.0,180.0
123.78100943136332,-29.116484596449787,-34.08729075499909,100.0,15.0,180.0
124.11627756243745,-28.96288525422547,-34.393475227256786,100.0,15.0,180.0
124.2138410148165,-29.078146166998813,-34.518403984170206,100.0,15.0,180.0
124.00933465303164,-29.559117553172293,-34.50140806852332,100.0,15.0,180.0
123.886618101784,-30.13974017479459,-34.26564464840601,100.0,15.0,180.0
124.0035018245318,-30.490151154002977,-33.89044796053852,100.0,15.0,180.0
124.17524922265147,-30.562829696363064,-33.619328952162455,100.0,15.0,180.0
124.41614749632528,-30.71512315893331,-33.47711237163409,100.0,15.0,180.0
124.8187230849658,-31.01447522153424,-33.47614859788237,100.0,15.0,180.0
125.24732310448452,-31.22485560028712,-33.56663186763227,100.0,15.0,180.0
125.49758912946452,-31.401724936739225,-33.47879672734899,100.0,15.0,180.0
125.51011569488536,-31.47238538931668,-33.077670097140675,100.0,15.0,180.0
125.38483100510982,-31.2795773261081,-32.553170012326305,100.0,15.0,180.0
125.26884793285244,-30.990863870863784,-32.05730231023346,100.0,15.0,180.0
125.198145722195,-30.71320254516344,-31.668560961721585,100.0,15.0,180.0
124.98915822505474,-30.47062764293992,-31.60355163575425,100.0,15.0,180.0
124.62768139283266,-30.290703563902618,-31.93327012074323,100.0,15.0,180.0
124.49152052192126,-30.105450009592985,-32.5393339786811,100.0,15.0,180.0
124.65523503208468,-29.815785313490213,-33.25482693418309,100.0,15.0,180.0
124.91802747795452,-29.546356854385863,-33.77107717937246,100.0,15.0,180.0
125.160357194337,-29.51551380490896,-34.01394977192792,100.0,15.0,180.0
125.2402176129036,-29.61680439001921,-34.08544404124125,100.0,15.0,180.0
125.30475085612188,-29.7265366075478,-33.99387921600389,100.0,15.0,180.0
125.45878004119952,-29.940848868435005,-33.934832569442726,100.0,15.0,180.0
125.45963068434048,-30.203450386751147,-33.95437024367807,100.0,15.0,180.0
125.19174687296014,-30.3559649653054,-33.953692294383025,100.0,15.0,180.0
124.88930418142344,-30.41224596839767,-34.08658746810062,100.0,15.0,180.0
124.85425970414136,-30.48338245314271,-34.520304594571215,100.0,15.0,180.0
124.9877136190207,-30.5469967567878,-35.095926886123195,100.0,15.0,180.0
125.0243870404,-30.472997981503475,-35.56698335494102,100.0,15.0,180.0
124.92347547246322,-30.27528556225005,-35.80376818814021,100.0,15.0,180.0
124.76268003069984,-30.1131508200684,-35.80572545568644,100.0,15.0,180.0
124.71548608795766,-30.177474758250856,-35.85417443165964,100.0,15.0,180.0
124.92606051662516,-30.4553396532859,-35.853159647958044,100.0,15.0,180.0
125.32008002747006,-30.659974846750348,-35.57441104599387,100.0,15.0,180.0
125.7500182455879,-30.721297354360864,-35.219988791099794,100.0,15.0,180.0
126.14323681493218,-30.809401359622527,-34.98431354784036,100.0,15.0,180.0
126.32150858266333,-30.788964498298814,-34.87006218367493,100.0,15.0,180.0
126.13582759490592,-30.62575170606976,-34.66297417482123,100.0,15.0,180.0
125.7671325022633,-30.52830553406707,-34.343127647739706,100.0,15.0,180.0
125.37787590916996,-30.43678567754188,-34.159321350088405,100.0,15.0,180.0
125.07747805434238,-30.281756227269323,-34.017572759953694,100.0,15.0,180.0
124.99447275632456,-30.10959477746414,-33.5989593714205,100.0,15.0,180.0
125.04501775771104,-30.130456973829908,-32.9640498491045,100.0,15.0,180.0
125.15870547432792,-30.34732835061933,-32.45715721828611,100.0,15.0,180.0
125.36313237250212,-30.400997573189912,-32.333640290058675,100.0,15.0,180.0
125.60334387450692,-30.43015346554069,-32.429162597890496,100.0,15.0,180.0
125.7872201671912,-30.67540600919946,-32.42322104186728,100.0,15.0,180.0
125.8576707727574,-30.8873295168772,-32.49434475150026,100.0,15.0,180.0
125.89891756661744,-31.060126475767643,-32.95614328420148,100.0,15.0,180.0
125.9514640265626,-31.30372504284037,-33.47409475229087,100.0,15.0,180.0
125.98562305912463,-31.416890032408173,-33.64294030453017,100.0,15.0,180.0
126.16334467939004,-31.32018312106994,-33.65880020008614,100.0,15.0,180.0
126.42675803081512,-31.12688981775516,-33.727823588239005,100.0,15.0,180.0
126.56363399920568,-30.99402200030259,-33.80687602815817,100.0,15.0,180.0
126.60358784953368,-30.980275935022576,-33.72650792161836,100.0,15.0,180.0
126.54605882609448,-31.03158002662465,-33.53035824769918,100.0,15.0,180.0
126.43155160355728,-31.011291573007306,-33.530482018482594,100.0,15.0,180.0
126.35590597587516,-30.795911896875367,-33.75315387995799,100.0,15.0,180.0
126.16421248228995,-30.570742728430155,-33.941517487532565,100.0,15.0,180.0
125.80186774954964,-30.601574301754464,-33.98802993141905,100.0,15.0,180.0
125.55351896916773,-30.838790771346574,-34.10186272666927,100.0,15.0,180.0
125.55230919232372,-31.1415394010716,-34.448039790176125,100.0,15.0,180.0
125.70163386583783,-31.59455421941248,-34.83305097121462,100.0,15.0,180.0
126.03207526785776,-32.04053119183447,-35.092756744511085,100.0,15.0,180.0
126.62300276734896,-32.22468703329383,-35.30500943777597,100.0,15.0,180.0
127.32538384724482,-32.25542254195954,-35.670185456162386,100.0,15.0,180.0
127.94027957636922,-32.18746500352079,-36.27675423676904,100.0,15.0,180.0
128.48397665650543,-31.99683026251705,-36.906490292097445,100.0,15.0,180.0
128.86369578396133,-31.83304005313524,-37.39442211975092,100.0,15.0,180.0
128.827494493921,-31.80248039586804,-37.76497875734976,100.0,15.0,180.0
128.44813417771874,-31.89000645304336,-38.08167149632615,100.0,15.0,180.0
127.95726461194712,-32.135660434202855,-38.27525286935703,100.0,15.0,180.0
127.52433190894786,-32.44009331746193,-38.187661222415535,100.0,15.0,180.0
127.34496256146284,-32.628391397554964,-37.8361819924641,100.0,15.0,180.0
127.2430867414477,-32.63869391532604,-37.44065426104397,100.0,15.0,180.0
127.05041627343778,-32.50576991792022,-37.21646592281077,100.0,15.0,180.0
127.03763438876342,-32.39508044306764,-37.065245742649545,100.0,15.0,180.0
127.15741177739515,-32.31644611915968,-36.79411641232085,100.0,15.0,180.0
127.12111762492952,-32.16832551989016,-36.478199608776045,100.0,15.0,180.0
126.97065612853244,-31.91600680436079,-36.13716442717634,100.0,15.0,180.0
126.82805614064895,-31.544819549611915,-35.584429335071206,100.0,15.0,180.0
126.72443812912756,-31.099397255210103,-34.99401069060449,100.0,15.0,180.0
126.69482107495246,-30.6066945745876,-34.71436105032086,100.0,15.0,180.0
126.8427661748464,-30.20347687913628,-34.74330655021382,100.0,15.0,180.0
127.06562731262814,-30.06608118085054,-34.880609215450114,100.0,15.0,180.0
127.05438624063034,-30.117541396226493,-34.91148475712542,100.0,15.0,180.0
126.94491675825574,-30.21844345862129,-34.81411715264793,100.0,15.0,180.0
127.1279768186364,-30.34893715046412,-34.808385988823,100.0,15.0,180.0
127.56544473939354,-30.502333853121755,-34.868766347246144,100.0,15.0,180.0
128.03092549826798,-30.75827643582817,-34.79814574717231,100.0,15.0,180.0
128.4739686341294,-31.196554699340982,-34.844537831028575,100.0,15.0,180.0
128.93349757749948,-31.64542238478224,-35.14042839113599,100.0,15.0,180.0
129.39913833138732,-31.758494434011983,-35.43603511672181,100.0,15.0,180.0
129.70831901188916,-31.51710090278124,-35.55792887627581,100.0,15.0,180.0
129.77432727047588,-31.15456000668804,-35.518863968386135,100.0,15.0,180.0
129.65905010311877,-30.67552582734412,-35.519064156719,100.0,15.0,180.0
129.3347638411591,-30.0627126349485,-35.60992200489411,100.0,15.0,180.0
128.85449099075782,-29.397377172366067,-35.877426001026755,100.0,15.0,180.0
128.48975736190667,-28.819131457862976,-36.348976798984026,100.0,15.0,180.0
128.2588851713274,-28.48654707772304,-36.5632693248993,100.0,15.0,180.0
127.88809891918774,-28.498929507524807,-36.313148221591455,100.0,15.0,180.0
127.3543036260504,-28.87832162660805,-35.95574595647386,100.0,15.0,180.0
126.96423960327157,-29.40875951768592,-35.73551390769107,100.0,15.0,180.0
126.87614095648848,-29.79783360783409,-35.605162861489134,100.0,15.0,180.0
126.92216789495438,-29.89929310313208,-35.5519211602732,100.0,15.0,180.0
126.9581582610616,-29.81288492758612,-35.69810121137933,100.0,15.0,180.0
127.00187252121655,-29.84857713930221,-36.007869864097245,100.0,15.0,180.0
127.16348660976033,-30.04345007217249,-36.38548946750824,100.0,15.0,180.0
127.5344762388035,-30.109415421632693,-36.86937277322109,100.0,15.0,180.0
127.97276126944888,-29.96945844274471,-37.27946612589943,100.0,15.0,180.0
128.37357113786527,-29.9994152502044,-37.40280240859184,100.0,15.0,180.0
128.68943660502185,-30.40890969917088,-37.30305307842332,100.0,15.0,180.0
128.78280713674698,-30.88053697769709,-37.09777622092319,100.0,15.0,180.0
128.73811479838477,-31.00893443190477,-36.94480684489535,100.0,15.0,180.0
128.66657926322367,-30.837930248005733,-36.930854192138014,100.0,15.0,180.0
128.63593910585269,-30.783479353932258,-36.95292714401304,100.0,15.0,180.0
128.75876559988814,-30.985543000342155,-37.01351210275061,100.0,15.0,180.0
129.1427011533175,-31.44442676631426,-37.11896940754919,100.0,15.0,180.0
129.73834641606825,-32.04118217919093,-37.10192964616285,100.0,15.0,180.0
130.18149761448964,-32.47468541138079,-37.06276142818458,100.0,15.0,180.0
130.42866063319707,-32.74563780756197,-37.22691051171239,100.0,15.0,180.0
130.7730360788501,-32.92237162242631,-37.38197021385376,100.0,15.0,180.0
131.13054745236252,-32.99495872300974,-37.26368073859379,100.0,15.0,180.0
131.33692617448145,-32.97351738595259,-37.064017819304766,100.0,15.0,180.0
131.38578338027662,-32.84339811317798,-37.01766967352108,100.0,15.0,180.0
131.295555072889,-32.693570693296195,-37.01828441855983,100.0,15.0,180.0
131.23358623596482,-32.48114510639331,-37.24433553097231,100.0,15.0,180.0
131.2885546064333,-32.123808370622946,-37.84609157763883,100.0,15.0,180.0
131.31644554686395,-31.85310739206003,-38.375106148098645,100.0,15.0,180.0
131.16029534269575,-31.80746245389902,-38.63022414733276,100.0,15.0,180.0
130.93992680452294,-31.89079694960436,-38.739152696784586,100.0,15.0,180.0
130.81958121062848,-31.986929056033404,-38.8912389762762,100.0,15.0,180.0
130.73928743722587,-32.06244272214534,-39.10192708471817,100.0,15.0,180.0
130.6227088786895,-32.249894321378775,-39.03607027956832,100.0,15.0,180.0
130.44074415316663,-32.476678858963204,-38.63618966152934,100.0,15.0,180.0
130.22896358416585,-32.51882145332129,-38.29492337951904,100.0,15.0,180.0
130.04026879589497,-32.36289296552575,-38.25802865083884,100.0,15.0,180.0
130.06226676631806,-32.11807972770357,-38.34359963534973,100.0,15.0,180.0
130.27969700005565,-31.932978048370003,-38.20382446892051,100.0,15.0,180.0
130.4117801720479,-31.94182617571026,-37.82464904105554,100.0,15.0,180.0
130.5052171735527,-31.95974545085113,-37.60075061831185,100.0,15.0,180.0
130.60277894899946,-31.70090949464145,-37.63689117945569,100.0,15.0,180.0
130.56428150868072,-31.27427281266319,-37.65662674125812,100.0,15.0,180.0
130.4904240583542,-30.83042807695957,-37.56009459782622,100.0,15.0,180.0
130.50886346227594,-30.38326792895118,-37.71950664347636,100.0,15.0,180.0
130.58337781997483,-30.083846172631265,-38.22731021861942,100.0,15.0,180.0
130.6833663617391,-29.99625164904269,-38.574483448054025,100.0,15.0,180.0
130.68909497136724,-29.958928275252184,-38.694142080015055,100.0,15.0,180.0
130.7462983516687,-29.93760654193326,-38.87840447780068,100.0,15.0,180.0
131.06698101115947,-30.154258573465647,-39.222184850075394,100.0,15.0,180.0
131.3702250308234,-30.54673548950216,-39.65822734878121,100.0,15.0,180.0
131.49554596732673,-30.80578870886428,-40.07764217607597,100.0,15.0,180.0
131.66171708893603,-30.96010556982683,-40.42077998051181,100.0,15.0,180.0
131.96937222075385,-31.09910261817856,-40.67121707266783,100.0,15.0,180.0
132.28892785519395,-31.318282856354653,-40.87956284606834,100.0,15.0,180.0
132.43085438646887,-31.782339153515423,-40.93939070017777,100.0,15.0,180.0
132.33027360040447,-32.35216815061821,-40.67836086821534,100.0,15.0,180.0
132.10152928896963,-32.64214181008999,-40.222796302705326,100.0,15.0,180.0
131.84600842457434,-32.52868970404158,-39.83217536920683,100.0,15.0,180.0
131.72347703914514,-32.21677592635815,-39.64519687965687,100.0,15.0,180.0
131.84596497382586,-31.845510214643426,-39.617375017389264,100.0,15.0,180.0
132.02424115892762,-31.6727809485565,-39.643871570308285,100.0,15.0,180.0
132.12559355269596,-31.79569626425246,-39.82902399304497,100.0,15.0,180.0
132.17248694188723,-31.877730231975235,-40.29315757078415,100.0,15.0,180.0
132.20223211977287,-31.843047783967968,-40.87915536646085,100.0,15.0,180.0
132.29111892616183,-31.91469237791634,-41.39125111629934,100.0,15.0,180.0
132.36858568866217,-32.15326846492844,-41.753534212332326,100.0,15.0,180.0
132.41381277407922,-32.409578952410136,-41.92590448929123,100.0,15.0,180.0
132.5656629647104,-32.53620681552331,-41.874565102813,100.0,15.0,180.0
132.84130607874863,-32.596729838052454,-41.54315104440455,100.0,15.0,180.0
133.09720851501504,-32.7702770854218,-40.99982708770881,100.0,15.0,180.0
133.28966671573795,-33.07421372837378,-40.41869762093797,100.0,15.0,180.0
133.4602148713677,-33.396448284742895,-39.99550812068865,100.0,15.0,180.0
133.49536262619426,-33.5019544199024,-39.68728378015359,100.0,15.0,180.0
133.2984890832181,-33.30699604248266,-39.3098505903038,100.0,15.0,180.0
132.95325242783343,-33.04638249295113,-38.85029087983876,100.0,15.0,180.0
132.60980041016526,-32.85917188374352,-38.4656408715592,100.0,15.0,180.0
132.28601640570696,-32.7517657939555,-38.47326180388698,100.0,15.0,180.0
132.0221041913145,-32.79717068253495,-38.746251481226246,100.0,15.0,180.0
131.92538364858768,-33.07106143857102,-38.90435681020003,100.0,15.0,180.0
131.9570328728149,-33.26218022673028,-38.988611364370456,100.0,15.0,180.0
131.9994716370905,-33.122212599795375,-39.338155055189645,100.0,15.0,180.0
131.9972867471049,-32.91182503155244,-39.91145087332031,100.0,15.0,180.0
131.9312736423962,-32.79290600700524,-40.35848717943725,100.0,15.0,180.0
131.70446020462043,-32.79650913756976,-40.723928130062816,100.0,15.0,180.0
131.38696442547243,-32.882004309205136,-40.96780933915976,100.0,15.0,180.0
131.27399188218467,-32.92279535864833,-40.96150801968423,100.0,15.0,180.0
131.43688738125294,-33.04749852899498,-40.83126340384341,100.0,15.0,180.0
131.78125610958458,-33.25822595783945,-40.74173378433151,100.0,15.0,180.0
132.43467713287885,-33.30857347035749,-40.912599688438256,100.0,15.0,180.0
133.36997493864828,-33.26698316324715,-41.23329798148185,100.0,15.0,180.0
134.16057511346816,-33.31229702096769,-41.302800455194976,100.0,15.0,180.0
134.58171933223576,-33.41312474374615,-40.94937510609975,100.0,15.0,180.0
134.81952040886495,-33.45454275138574,-40.289660425817615,100.0,15.0,180.0
135.04156978919227,-33.38947282979484,-39.5876451690953,100.0,15.0,180.0
135.21012780903297,-33.33578933159873,-39.15396967715715,100.0,15.0,180.0
135.33550028680466,-33.39213541359068,-39.17354055513045,100.0,15.0,180.0
135.4643458703109,-33.428882898743694,-39.36768561795013,100.0,15.0,180.0
135.56979470078258,-33.34752157577323,-39.57718002856568,100.0,15.0,180.0
135.56147077349272,-33.35846439392859,-40.00082671419293,100.0,15.0,180.0
135.40878952376943,-33.462436498560265,-40.5534494936494,100.0,15.0,180.0
135.2397281595525,-33.50402185087962,-40.98462218659062,100.0,15.0,180.0
135.18057784727918,-33.47683301294289,-41.03166203086655,100.0,15.0,180.0
135.25663846694297,-33.242767763746315,-40.673241543501625,100.0,15.0,180.0
135.43551142996557,-32.99170617558517,-40.15270154804636,100.0,15.0,180.0
135.61110099671657,-32.91435243267816,-39.74795254464408,100.0,15.0,180.0
135.697316831109,-32.870067037942974,-39.77403407419391,100.0,15.0,180.0
135.76708185337333,-32.874317988890496,-40.05468288693696,100.0,15.0,180.0
135.89162574028234,-32.95764447891113,-40.031877486454206,99.99972534179688,15.0,180.0
136.07382291325857,-33.08725284918257,-39.62625919154132,99.9913558959961,15.0,180.0
136.24084327404228,-33.204451571153726,-39.25459366811116,99.9913558959961,15.0,180.0
136.35903356454844,-33.32313376605466,-39.20974224993208,99.95709991455078,15.0,180.0
136.5018219389384,-33.454787354032966,-39.48648380519305,99.89427185058594,15.0,180.0
136.68396968584705,-33.69113682963014,-40.1629418756292,99.80896759033205,15.0,180.0
136.86305963073065,-34.12681602048942,-41.23021709823959,99.71592712402344,15.0,180.0
136.95304350076174,-34.52769844899967,-42.23499965399954,99.6193389892578,15.0,180.0
136.991263948412,-34.74780914410074,-42.74313145100738,99.52132415771484,15.0,180.0
137.238981512011,-34.829191389509226,-42.80509946720714,99.42230987548828,15.0,180.0
137.7213642859593,-34.871189120065,-42.73195426433182,99.42230987548828,15.0,180.0
138.156181293772,-35.009907851819364,-42.77018439758025,99.32281494140624,15.0,180.0
138.30984386226766,-35.187488423287256,-43.05018012235799,99.22311401367188,15.0,180.0
138.28196108294725,-35.29905423216935,-43.3702089881504,99.12321472167967,15.0,180.0
138.37024138204296,-35.304361221767415,-43.27792858573402,99.02328491210938,15.0,180.0
138.58614746061468,-35.223739886688286,-42.78868219766723,98.9233169555664,15.0,180.0
138.6229494563257,-35.160516133352225,-42.36158237203849,98.82330322265624,15.0,180.0
138.28823314286734,-35.148463189429314,-42.18189797456553,98.82330322265624,15.0,180.0
137.82570991812435,-35.00242566884103,-42.28158997489743,98.72340393066406,15.0,180.0
137.6087648157025,-34.679056869131195,-42.61892496105254,98.62344360351562,15.0,180.0
137.72485489948005,-34.36157049610591,-42.89602195964023,98.52336120605467,15.0,180.0
138.03016238861386,-34.10899309356698,-43.03808730401269,98.4233169555664,15.0,180.0
138.50686108324768,-34.040361012636176,-43.21133639835439,98.32335662841795,15.0,180.0
139.07034200395145,-34.1786637959596,-43.406873091410034,98.22339630126952,15.0,180.0
139.53776459999634,-34.34876167154451,-43.56711046368413,98.12338256835938,15.0,180.0
140.03740810325115,-34.330331427030735,-43.68181835497778,98.12338256835938,15.0,180.0
140.6014573528736,-34.03935889739092,-43.76162820357026,98.02335357666016,15.0,180.0
140.91715861932076,-33.54767742234131,-43.89003217268569,97.92343139648438,15.0,180.0
140.8605745972453,-33.001088651918295,-43.97716624235911,97.82340240478516,15.0,180.0
140.6190441779513,-32.68244521182866,-43.82713955446497,97.7235870361328,15.0,180.0
140.47580770690928,-32.65057931428738,-43.47477196948954,97.6233367919922,15.0,180.0
140.53045804604903,-33.01614899520341,-42.90900582467878,97.52325439453124,15.0,180.0
140.7777345958369,-33.85603462838385,-42.25003604696746,97.42341613769533,15.0,180.0
141.32343320499083,-34.83149831535034,-41.914211460156174,97.42341613769533,15.0,180.0
141.9341832466099,-35.66075250473008,-42.14674557610396,97.32341003417967,15.0,180.0
142.33221046706677,-36.29425458531432,-42.74087964357182,97.22368621826172,15.0,180.0
142.5671058602448,-36.71364158783402,-43.09342501288299,97.1233367919922,15.0,180.0
142.64141878317346,-36.81783869281569,-43.18794760209969,97.0231704711914,15.0,180.0
142.6967980409308,-36.60639050867016,-43.41486568367563,96.92349243164062,15.0,180.0
142.822019930745,-36.2940012048027,-43.4904200533813,96.82376861572266,15.0,180.0
142.7207280118218,-36.06481651179515,-43.19196860976924,96.82376861572266,15.0,180.0
142.43272569538658,-35.74978005835898,-42.89573506512803,96.7235870361328,15.0,180.0
142.25650637077945,-35.22209669547584,-42.85083794294649,96.62297058105467,15.0,180.0
142.10965976721243,-34.79695720701881,-42.92431094733157,96.52313995361328,15.0,180.0
141.86177412601293,-34.56561846579127,-43.02057620252891,96.42332458496094,15.0,180.0
141.69305447483484,-34.3715026847222,-43.14819746141802,96.32337951660156,15.0,180.0
141.83239416690444,-34.346968657583844,-43.21703501388728,96.22351837158205,15.0,180.0
142.2188724012957,-34.455581963826255,-43.18193795212727,96.12336730957033,15.0,180.0
142.7247834613746,-34.47061664827581,-43.21643642111414,96.12336730957033,15.0,180.0
143.29808734400487,-34.37234248124585,-43.50106719525157,96.02337646484376,15.0,180.0
143.80183443837154,-34.1805222538579,-43.83416073229112,95.92359924316406,15.0,180.0
144.24480651516575,-33.92839463238319,-43.94253241960905,95.82363891601562,15.0,180.0
144.72128952389295,-33.5921814302492,-44.01413482028112,95.72328186035156,15.0,180.0
145.18631583073335,-33.187997958964246,-44.30959247129094,95.62329864501952,15.0,180.0
145.6242821311898,-32.99246481124001,-44.70467377205996,95.52330017089844,15.0,180.0
145.95570712691773,-33.15045174777392,-45.034254172157006,95.52330017089844,15.0,180.0
146.14125672488845,-33.47069880492788,-45.35576521831786,95.42349243164062,15.0,180.0
146.28981746366878,-33.80885521614985,-45.72581336180006,95.32355499267578,15.0,180.0
146.4352110512452,-34.16750995557381,-46.07856986215506,95.2233657836914,15.0,180.0
146.4988629859073,-34.4570951224431,-46.34645078835331,95.12348175048828,15.0,180.0
146.3837338363348,-34.685470236931025,-46.60608361454707,95.02333068847656,15.0,180.0
146.04601779280787,-34.94852924366385,-46.805934497697926,94.92356872558594,15.0,180.0
145.44998386814137,-35.187780443405664,-46.735648279293365,94.82347106933594,15.0,180.0
144.95396575474226,-35.39579613484719,-46.590499678362406,94.82347106933594,15.0,180.0
144.97727235820517,-35.574721872848365,-46.5582028837213,94.72323608398438,15.0,180.0
145.2327268624507,-35.70848283005056,-46.430422380320415,94.62323760986328,15.0,180.0
145.35466974309497,-35.87829529938824,-46.21835499574186,94.52325439453124,15.0,180.0
145.3535347783267,-36.06969379062872,-46.12839537965039,94.4232177734375,15.0,180.0
145.33934815105977,-36.148155159493776,-46.12460332522343,94.32340240478516,15.0,180.0
145.420783099326,-36.1510969391025,-45.87415265406976,94.2234115600586,15.0,180.0
145.66519072243358,-36.14905426781051,-45.27396965496597,94.12330627441406,15.0,180.0
146.05446408963994,-36.194226005044655,-44.69497555106668,94.12330627441406,15.0,180.0
146.5850666772962,-36.44541694049374,-44.4083623411644,94.02340698242188,15.0,180.0
147.11489423052726,-36.78172623871913,-44.434693287893325,93.92327880859376,15.0,180.0
147.4609854207164,-36.92785976444701,-44.673294329825744,93.82337951660156,15.0,180.0
147.74774845424795,-36.83633453571866,-45.04488415254239,93.72352600097656,15.0,180.0
148.02227381301864,-36.59866100072835,-45.43265273639409,93.6234130859375,15.0,180.0
148.22852621192226,-36.38327241384469,-45.51770141208068,93.5233917236328,15.0,180.0
148.24243598852524,-36.26917095560601,-45.33254913832669,93.5233917236328,15.0,180.0
147.79827604515825,-36.236069385816926,-45.23894792136839,93.42323303222656,15.0,180.0
147.0628078632639,-36.31258051123408,-45.14952539882514,93.32335662841795,15.0,180.0
146.50950082117794,-36.39067189526176,-44.95185550660924,93.22340393066406,15.0,180.0
146.26347953938142,-36.36246122787459,-45.03185717381149,93.12332153320312,15.0,180.0
146.05302825168008,-36.244295046492645,-45.47241018231066,93.0235366821289,15.0,180.0
145.7729475954094,-36.05362552090738,-45.95985794775043,92.92320251464844,15.0,180.0
145.54524500516098,-35.800584824762545,-46.31257879079379,92.8233642578125,15.0,180.0
145.38513267899447,-35.50937770912983,-46.4372086145868,92.8233642578125,15.0,180.0
145.30441583377066,-35.28183480184947,-46.49747155835692,92.72354125976562,15.0,180.0
145.34323939967416,-35.13707472372131,-46.6251260365312,92.62348175048828,15.0,180.0
145.49265257778032,-34.909031302454494,-46.70407828385337,92.5234603881836,15.0,180.0
145.551110277289,-34.58365217097504,-46.8934111664846,92.42326354980467,15.0,180.0
145.45045508884868,-34.516468597814914,-47.3378622349604,92.3232879638672,15.0,180.0
145.37126984135867,-34.85222671457268,-47.800464535742655,92.2233428955078,15.0,180.0
145.30274218805943,-35.3230424823068,-47.91875149460802,92.2233428955078,15.0,180.0
145.09250152131852,-35.6466314776808,-47.72840647971112,92.12335968017578,15.0,180.0
144.74700316956256,-35.68118265417053,-47.48861585447098,92.02335357666016,15.0,180.0
144.32013964553056,-35.52055226014262,-46.969760185962656,91.92337799072266,15.0,180.0
143.69459548491136,-35.434976076401014,-46.14324092220237,91.82341003417967,15.0,180.0
142.81446827734766,-35.48835486473546,-45.38230540371582,91.7234344482422,15.0,180.0
141.7713008288458,-35.57270768421602,-44.65938515682437,91.62335205078124,15.0,180.0
140.64015970875175,-35.55261153139702,-43.79795197948222,91.52332305908205,15.0,180.0
139.54067827424348,-35.15733086658043,-42.91306240814961,91.52332305908205,15.0,180.0
138.53453397928703,-34.414408964481666,-42.27017810002524,91.42337036132812,15.0,180.0
137.64949233424585,-33.67790888390623,-41.80266213715586,91.32334899902344,15.0,180.0
137.04008101907664,-33.24396626791297,-41.15598707397936,91.22340393066406,15.0,180.0
136.71543336479078,-33.10818981733714,-40.49228457288383,91.1234359741211,15.0,180.0
136.46381873871914,-33.04924839991398,-40.073813198446985,91.02340698242188,15.0,180.0
136.10120687107036,-32.9477652772777,-39.75466811202377,90.9233627319336,15.0,180.0
135.63095643633105,-32.75900275168479,-39.52626762708529,90.9233627319336,15.0,180.0
135.04553794425874,-32.68659612531989,-39.38917010016079,90.82339477539062,15.0,180.0
134.3232282739311,-32.90770964715791,-39.42952100907501,90.72340393066406,15.0,180.0
133.65254619456684,-33.22677160315314,-39.827739373933134,90.62340545654295,15.0,180.0
133.19662590533807,-33.48863473853719,-40.265584351966936,90.52335357666016,15.0,180.0
132.92632894076849,-33.646961861900664,-40.40333712480067,90.4233627319336,15.0,180.0
132.64786242836573,-33.68570905640674,-40.25296277521269,90.32337188720705,15.0,180.0
132.23787399225478,-33.627693297780986,-40.001071727399214,90.22348022460938,15.0,180.0
131.87546402106022,-33.56999581446553,-39.95134572666977,90.22348022460938,15.0,180.0
131.6222717106457,-33.589350533850535,-40.1222785831633,90.12342834472656,15.0,180.0
131.4694321946157,-33.56145103942202,-40.299968133824855,90.02342224121094,15.0,180.0
131.57094760091184,-33.48198906887303,-40.29664690844865,89.92337036132812,15.0,180.0
131.85179856087584,-33.44584924381455,-40.08453019255008,89.82344055175781,15.0,180.0
132.06149226168236,-33.36384558881076,-39.818477959536914,89.72348022460938,15.0,180.0
132.06455250803705,-33.29748680450699,-39.49512004072885,89.62329864501953,15.0,180.0
131.89815707755102,-33.42443673502916,-39.07983423054687,89.52334594726562,15.0,180.0
131.67403220902415,-33.664289902480164,-38.7578910058467,89.52334594726562,15.0,180.0
131.46749328888544,-33.917460533273434,-38.596645157767306,89.42328643798828,15.0,180.0
131.3657809704948,-34.11370709125289,-38.52686394804928,89.3233642578125,15.0,180.0
131.38518918081434,-34.1057415493402,-38.4376004335798,89.22345733642578,15.0,180.0
131.48289355594463,-33.8810035102957,-38.215933414951294,89.12336730957031,15.0,180.0
131.84801073447375,-33.580764553051,-38.11753476690151,89.02336883544922,15.0,180.0
132.46232339069888,-33.257191169536355,-38.38503272392198,88.92342376708984,15.0,180.0
132.9660326380205,-32.87605863544398,-38.661351309245184,88.92342376708984,15.0,180.0
133.17149111769888,-32.488998732926106,-38.53936707549626,88.82342529296875,15.0,180.0
132.89150021434222,-32.12666636112901,-38.20837365245735,88.72345733642578,15.0,180.0
132.2463677679566,-31.82474790377083,-38.09121540175248,88.62330627441406,15.0,180.0
131.72696640207369,-31.60464250336329,-38.17394451137032,88.5233383178711,15.0,180.0
131.32754167034065,-31.483258969160783,-38.10626890482774,88.42330932617188,15.0,180.0
130.72846967054176,-31.423793668551458,-37.879210940950486,88.3233642578125,15.0,180.0
129.99737911737887,-31.2734532854469,-37.77327503431229,88.22343444824219,15.0,180.0
129.4635601833385,-31.17074339814197,-37.8265334665681,88.22343444824219,15.0,180.0
129.14004255116282,-31.40156042525407,-37.91485610971593,88.12332916259766,15.0,180.0
128.7045385249337,-31.852542958597738,-37.96856604218484,88.02344512939453,15.0,180.0
128.1901110536265,-32.27974033242206,-37.990877302303886,87.92333221435547,15.0,180.0
127.9986931375898,-32.72453381993395,-37.98182823976658,87.82337951660156,15.0,180.0
128.21845096590863,-33.270812502788736,-37.88735823092679,87.72344207763672,15.0,180.0
128.65304496581044,-33.76824000556129,-37.69571082849679,87.6233901977539,15.0,180.0
129.19906379690946,-34.07173108104157,-37.48717548285615,87.6233901977539,15.0,180.0
129.7642988657258,-34.312013987364026,-37.56950135565772,87.52362060546875,15.0,180.0
130.16677757040603,-34.60070302040586,-38.076048186069855,87.42343139648438,15.0,180.0
130.25901015531628,-34.83020530387649,-38.4954255681927,87.3234634399414,15.0,180.0
130.04552821829466,-34.86912664586142,-38.485688805235945,87.22344970703125,15.0,180.0
129.734268772003,-34.82148272023058,-38.32366706590752,87.123291015625,15.0,180.0
129.68624339774615,-34.85384963929129,-38.32175140514827,87.02339935302734,15.0,180.0
129.9222982189485,-35.00081283234065,-38.35012295987788,86.9233627319336,15.0,180.0
130.17614305566838,-35.18627892294484,-38.05283496163238,86.9233627319336,15.0,180.0
130.42769888797542,-35.22089561283215,-37.55036483838112,86.82337188720703,15.0,180.0
130.62606655688884,-35.052872374141806,-37.19712677132261,86.723388671875,15.0,180.0
130.64365262202878,-34.755119126815565,-37.20979162556115,86.6233139038086,15.0,180.0
130.59942272809062,-34.38745570818096,-37.6382076663725,86.52342987060547,15.0,180.0
130.7181159346638,-33.992458388000216,-38.243109086987744,86.42337036132812,15.0,180.0
131.00660145499427,-33.755080889225525,-38.80301623965884,86.32341003417969,15.0,180.0
131.2036441295642,-33.92963523430834,-39.29561140508215,86.22335052490234,15.0,180.0
131.23227816009782,-34.39945169767123,-39.69177968320495,86.22335052490234,15.0,180.0
131.16149000883664,-34.85863765043534,-39.79989166072941,86.12335968017578,15.0,180.0
130.83631368633317,-35.165733040642365,-39.552043441640215,86.02339172363281,15.0,180.0
130.34092011360246,-35.19703572561831,-39.04813674976052,85.92327880859375,15.0,180.0
130.04784620533607,-34.93598231409506,-38.43863460907545,85.82335662841797,15.0,180.0
130.09536074706412,-34.62425944457132,-37.91426967510793,85.7232894897461,15.0,180.0
130.28936693197173,-34.38130325203243,-37.52156812692073,85.62325286865234,15.0,180.0
130.32828110777493,-34.24944530560126,-37.16754121721295,85.62325286865234,15.0,180.0
130.31245061322213,-34.28475727642697,-36.83948110908409,85.52336883544922,15.0,180.0
130.4487093077646,-34.30552281028562,-36.70553387687117,85.42340850830078,15.0,180.0
130.5721474136281,-34.22276529639559,-36.80062796822571,85.3234634399414,15.0,180.0
130.4859730038829,-34.00581242873346,-36.9790690644066,85.2233657836914,15.0,180.0
130.19630439972144,-33.597719984615395,-37.02716699189404,85.12338256835938,15.0,180.0
129.73963483027248,-33.18199020163941,-36.92178776226263,85.02337646484375,15.0,180.0
129.14577054466776,-32.95153211579366,-36.8534844422388,84.92341613769531,15.0,180.0
128.67510128043958,-32.95241478754128,-36.8382942251404,84.92341613769531,15.0,180.0
128.53929365618023,-33.18272790433726,-36.999454844221,84.82353210449219,15.0,180.0
128.68836959426113,-33.55164743931131,-37.299731817268096,84.72343444824219,15.0,180.0
128.9584483078129,-33.80661851769706,-37.38488246894018,84.62333679199219,15.0,180.0
129.09596323758777,-33.9076673212723,-37.33730693994632,84.5232925415039,15.0,180.0
128.97654417410718,-34.08702923935472,-37.32786687266587,84.42333984375,15.0,180.0
128.7147016374293,-34.35820187323054,-37.32755119639714,84.3233871459961,15.0,180.0
128.4614794388767,-34.56059408076223,-37.41011370572268,84.3233871459961,15.0,180.0
128.23634736146224,-34.6845447513745,-37.555801360822194,84.22322845458984,15.0,180.0
127.89860815110522,-34.82451415564403,-37.67482606308216,84.12332916259766,15.0,180.0
127.52025682769352,-35.023095488699454,-37.7510923701693,84.02332305908203,15.0,180.0
127.41361116925404,-35.26767060160787,-37.866038072275735,83.92338562011719,15.0,180.0
127.4192677022556,-35.34399524748356,-38.00313728038978,83.82353210449219,15.0,180.0
127.26688933196996,-35.132890594678734,-37.91891616198037,83.7232894897461,15.0,180.0
127.12851565644598,-34.82739809563481,-37.5767467992508,83.6234130859375,15.0,180.0
127.16738068907796,-34.529549355046534,-37.21954459298276,83.6234130859375,15.0,180.0
127.42196183953708,-34.25810809673084,-36.884991001482575,83.5233154296875,15.0,180.0
127.74874715675216,-33.96319404554428,-36.38386962739135,83.42329406738281,15.0,180.0
127.9605458297245,-33.674034810599,-35.81572190449865,83.323486328125,15.0,180.0
128.07243408054114,-33.54520116859882,-35.629811523863204,83.22330474853516,15.0,180.0
128.0282687168338,-33.53352759367307,-35.88105483408721,83.12348175048828,15.0,180.0
127.8783636907962,-33.62547825516859,-36.13370402720544,83.02347564697266,15.0,180.0
127.9067886137814,-33.86888479464642,-36.232243251313726,83.02347564697266,15.0,180.0
128.16092661600467,-34.222441559171784,-36.362097992516176,82.92345428466797,15.0,180.0
128.39513959088325,-34.50061338265355,-36.58452434156796,82.823486328125,15.0,180.0
128.38211864097062,-34.505162338749685,-36.74093136066499,82.72333526611328,15.0,180.0
128.2668244517429,-34.41257573105215,-36.7169889840579,82.62337493896484,15.0,180.0
128.18387251028722,-34.499030909072424,-36.58388106766312,82.52338409423828,15.0,180.0
127.8636897738483,-34.791382456074885,-36.40177455838442,82.42344665527344,15.0,180.0
127.32849805742124,-35.21246602879487,-36.22588639698736,82.3234634399414,15.0,180.0
126.95566740291656,-35.532575783253705,-36.23936916986429,82.3234634399414,15.0,180.0
126.91482759279344,-35.48380542144341,-36.41528912492159,82.22338104248047,15.0,180.0
127.08311838856272,-35.14299759317802,-36.53937390535911,82.12348937988281,15.0,180.0
127.31799307928584,-34.8249061755696,-36.62128732433167,82.02327728271484,15.0,180.0
127.52432832884988,-34.75235149014688,-36.691895189651824,81.92337799072266,15.0,180.0
127.50223644875118,-34.77057899674361,-36.60266901942195,81.82344055175781,15.0,180.0
127.16117475816311,-34.60920775069848,-36.18895432607292,81.72334289550781,15.0,180.0
126.6635972541136,-34.30821842710198,-35.53346718459435,81.62335968017578,15.0,180.0
126.20707069977776,-34.03100797247138,-34.97463492360293,81.62335968017578,15.0,180.0
126.0238253234974,-33.99683584483648,-34.6823769318595,81.52332305908203,15.0,180.0
126.3736153312408,-34.3348732929015,-34.64977486510805,81.42340087890625,15.0,180.0
127.10138124472972,-34.913890482461674,-34.81969298146489,81.32344818115234,15.0,180.0
127.70309799127016,-35.42069285482996,-35.002626209904406,81.22331237792969,15.0,180.0
127.89626307644336,-35.53224892887429,-35.11222729798212,81.12344360351562,15.0,180.0
127.79511918152124,-35.254885807704404,-35.20752717947926,81.02336120605469,15.0,180.0
127.61661077583506,-34.731403982199616,-35.34610582904451,81.02336120605469,15.0,180.0
127.39669662768878,-34.102695096658074,-35.36072609558421,80.92340850830078,15.0,180.0
127.25879687236912,-33.53977323950253,-35.07164264659299,80.8235092163086,15.0,180.0
127.45679429156073,-33.044578753250185,-34.62496755996512,80.723388671875,15.0,180.0
127.83025030926048,-32.689531615892435,-34.227304147942924,80.62330627441406,15.0,180.0
128.0021213042018,-32.51788695024848,-33.886480389327495,80.52324676513672,15.0,180.0
127.9722363391413,-32.36475897209732,-33.46326550219147,80.4233169555664,15.0,180.0
127.83208786341756,-32.245365764456,-33.21752945080798,80.32341766357422,15.0,180.0
127.6212758248483,-32.20887509203711,-33.52888388422051,80.32341766357422,15.0,180.0
127.51483844882216,-32.249146989906194,-34.09466202028383,80.22335052490234,15.0,180.0
127.56589549380978,-32.469627880480736,-34.48506166754001,80.12332916259766,15.0,180.0
127.67026283504444,-32.76784773721436,-34.81278648584772,80.02339935302734,15.0,180.0
127.83095374624716,-32.96768358298581,-35.184211633175444,79.92327117919922,15.0,180.0
128.12792642574215,-33.12753397862169,-35.37908345760788,79.8233642578125,15.0,180.0
128.47151072425964,-33.43416780678253,-35.3121182509427,79.72340393066406,15.0,180.0
128.58318084773504,-33.90326220745122,-35.12625700063016,79.72340393066406,15.0,180.0
128.47674188247245,-34.36315878647725,-35.02883369584321,79.62338256835938,15.0,180.0
128.36805292497908,-34.73547831183419,-35.13423666248544,79.5234603881836,15.0,180.0
128.2893758598455,-34.9635583792159,-35.34812494620326,79.42341613769531,15.0,180.0
128.17411191319636,-34.945627250022255,-35.45976980940512,79.32337951660156,15.0,180.0
127.79915911125904,-34.64422054323567,-35.29905108334946,79.22342681884766,15.0,180.0
127.3022438106275,-34.128237990979045,-34.92301184034689,79.12339782714844,15.0,180.0
127.11432484821998,-33.53151015638014,-34.44336530015859,79.02326202392578,15.0,180.0
127.20858545868153,-33.09939586968008,-33.98683226127535,79.02326202392578,15.0,180.0
127.38292130006576,-32.93851628391625,-33.83523684244773,78.92338562011719,15.0,180.0
127.64697862486032,-32.87727093270823,-34.14836115316156,78.82331848144531,15.0,180.0
127.9684911752329,-32.9068789373723,-34.827275350529675,78.72346496582031,15.0,180.0
128.2089140075706,-33.02771217408112,-35.40250778400682,78.62344360351562,15.0,180.0
128.374274540313,-33.14747847209986,-35.521441189288055,78.52323150634766,15.0,180.0
128.45281339398446,-33.397849136128315,-35.4220282213183,78.42325592041016,15.0,180.0
128.37305688810417,-33.7886994704239,-35.21834150612763,78.32322692871094,15.0,180.0
128.22068949225533,-34.137806476499634,-34.96300320205728,78.32322692871094,15.0,180.0
128.0536705924851,-34.40641815936653,-34.90712687989547,78.22330474853516,15.0,180.0
127.77566822247898,-34.580759844895915,-34.99090332040412,78.12347412109375,15.0,180.0
127.47265016893944,-34.7266650178439,-35.092205460447175,78.0236587524414,15.0,180.0
127.30951278986664,-34.93764730802005,-35.21798240521947,77.92364501953125,15.0,180.0
127.31244336602472,-35.23229007790528,-35.30125152408809,77.82343292236328,15.0,180.0
127.49378585888904,-35.63760363596161,-35.34712573544379,77.72339630126953,15.0,180.0
127.7718021663384,-35.80215605029207,-35.38240189517727,77.72339630126953,15.0,180.0
127.99298639100034,-35.57685525307145,-35.33094495207287,77.62336730957031,15.0,180.0
127.99806960195087,-35.51173327839703,-35.184255954185446,77.52344512939453,15.0,180.0
127.84022493955044,-35.75026927681138,-35.0515422252544,77.42342376708984,15.0,180.0
127.678389549136,-35.829963083806,-34.99248419347499,77.3233413696289,15.0,180.0
127.43680085449137,-35.539656296190344,-35.02325323668393,77.22346496582031,15.0,180.0
127.12329089574224,-35.19616412645211,-35.09267874776746,77.12345123291016,15.0,180.0
126.93193041796238,-35.090559017227285,-35.128015539957374,77.02335357666016,15.0,180.0
126.85518069673805,-35.13811346614355,-35.180390084864804,77.02335357666016,15.0,180.0
126.73406057359875,-35.29245195817971,-35.07346576410821,76.92333221435547,15.0,180.0
126.66990380846131,-35.53578201404285,-34.64029787356686,76.82331085205078,15.0,180.0
126.82068297741732,-35.72177227029634,-34.21577142154731,76.72340393066406,15.0,180.0
127.04007760273063,-35.90710184539137,-33.98285253587411,76.62336730957031,15.0,180.0
127.18865378161192,-36.21203310406,-33.76186560651459,76.52332305908203,15.0,180.0
127.27258590155488,-36.386925608476986,-33.5016474085826,76.42337799072266,15.0,180.0
127.29149775234602,-36.15883198274837,-33.401706034901814,76.42337799072266,15.0,180.0
127.3402788619904,-35.687783401666664,-33.70316598809394,76.32330322265625,15.0,180.0
127.50661285377149,-35.305373273574844,-34.00010169079837,76.22335815429688,15.0,180.0
127.68629576252827,-35.17642505728458,-33.835195666993705,76.12345123291016,15.0,180.0
127.89866243252682,-35.1908406468628,-33.64670469982053,76.02340698242188,15.0,180.0
128.24779436319167,-35.06963121657497,-33.768644529882685,75.9234848022461,15.0,180.0
128.70893515839072,-34.73911013372089,-33.92973498653257,75.82330322265625,15.0,180.0
129.02413986137788,-34.34892645039885,-33.939025757861245,75.72339630126953,15.0,180.0
128.9105301082657,-33.97904545464955,-33.8703506653686,75.72339630126953,15.0,180.0
128.5410417737155,-33.792954348993575,-33.86606403126699,75.62350463867188,15.0,180.0
128.07296220035272,-34.0337765413574,-33.89675911024461,75.52339935302734,15.0,180.0
127.47026703705272,-34.435114669296865,-33.78376646615517,75.4233627319336,15.0,180.0
126.73425275278048,-34.53030781217601,-33.51216447360123,75.32324981689453,15.0,180.0
125.96478009280663,-34.376922401289455,-33.127420448658874,75.22340393066406,15.0,180.0
125.47474426516878,-34.24680853946656,-32.79090251150193,75.12339782714844,15.0,180.0
125.41166206101762,-34.14424029151971,-32.668833199142725,75.12339782714844,15.0,180.0
125.52300365990956,-33.92093276645511,-32.694414690832865,75.02342987060547,15.0,180.0
125.5737952443179,-33.65577537815194,-32.84119265590584,74.9233627319336,15.0,180.0
125.529180581605,-33.50491247829271,-33.0694616074424,74.82337951660156,15.0,180.0
125.5305354621742,-33.429749695829045,-33.29679763214269,74.72347259521484,15.0,180.0
125.82569339499426,-33.36876100723249,-33.49160149811759,74.62344360351562,15.0,180.0
126.33049860286592,-33.312768279046225,-33.6444487497823,74.52326965332031,15.0,180.0
126.77819434320004,-33.29383038699652,-33.71621220762331,74.42338562011719,15.0,180.0
127.07193188957288,-33.347734135510855,-33.65958015552211,74.42338562011719,15.0,180.0
127.1706041321138,-33.45649021109731,-33.465212842749864,74.32341003417969,15.0,180.0
127.10507137033056,-33.65855895685006,-33.10987358867828,74.22335052490234,15.0,180.0
126.92016047783584,-33.887215227520386,-32.68140365150412,74.12339782714844,15.0,180.0
126.65881412995536,-33.8721513175122,-32.26026183183604,74.02337646484375,15.0,180.0
126.33586464134142,-33.64950210758226,-31.87671041169428,73.92340087890625,15.0,180.0
125.78674819476149,-33.59604497791867,-31.74303888287581,73.82335662841797,15.0,180.0
125.08124569196968,-33.744026331660805,-31.943943576924383,73.72333526611328,15.0,180.0
124.61200260851038,-33.858257501376194,-32.24135937818552,73.72333526611328,15.0,180.0
124.52808811782816,-33.865651315625456,-32.48333537499373,73.62344360351562,15.0,180.0
124.65581121934392,-33.74345175471799,-32.6651036971538,73.52342224121094,15.0,180.0
124.68746175662504,-33.59078373186081,-32.72489010751987,73.42353057861328,15.0,180.0
124.5857098620036,-33.52406219922793,-32.690466455365694,73.3233642578125,15.0,180.0
124.6180371911603,-33.502846679777086,-32.58009671364609,73.22333526611328,15.0,180.0
124.69364534455175,-33.49127673684228,-32.37891504272047,73.12330627441406,15.0,180.0
124.6675022485235,-33.556310323110154,-32.215671848453816,73.12330627441406,15.0,180.0
124.7560523672794,-33.742064836801454,-32.197471230391265,73.02352905273438,15.0,180.0
124.98865761813208,-33.99278220176609,-32.29325288438249,72.92340087890625,15.0,180.0
125.20037259703818,-34.16503101606219,-32.381587320979214,72.82328796386719,15.0,180.0
125.34888523418068,-34.229684108321216,-32.3912130677159,72.72341918945312,15.0,180.0
125.26579994763104,-34.34282584885527,-32.29385107310282,72.62324523925781,15.0,180.0
124.99614764101185,-34.50245435286526,-32.15228036256785,72.5234146118164,15.0,180.0
124.8105654390003,-34.72397824749838,-32.17759546436284,72.42350769042969,15.0,180.0
124.56544054537817,-35.06723391659619,-32.3430747662694,72.42350769042969,15.0,180.0
124.1416808482995,-35.3649660359379,-32.305095345290056,72.3233871459961,15.0,180.0
123.7433620486166,-35.43004191855214,-32.005073404327696,72.22344207763672,15.0,180.0
123.50834199503556,-35.33195956357147,-31.76541133991849,72.12342834472656,15.0,180.0
123.4559562426683,-35.22306402710777,-31.76180830982906,72.02333068847656,15.0,180.0
123.66212008886296,-35.12982955393333,-31.939122436658945,71.92341613769531,15.0,180.0
124.06582119682912,-35.01918803947812,-32.18405564808748,71.82337188720703,15.0,180.0
124.40949392695576,-34.7009794468157,-32.415583635130844,71.82337188720703,15.0,180.0
124.5593524740746,-34.157628202902806,-32.62771293730269,71.72339630126953,15.0,180.0
124.49699334770136,-33.822470368374674,-32.83794939374323,71.62336730957031,15.0,180.0
124.24878799083164,-33.8340779861179,-33.063599698756704,71.52333068847656,15.0,180.0
123.98784986641364,-34.04768557127688,-33.42537074225004,71.4234848022461,15.0,180.0
123.86305978919208,-34.39745371737232,-33.9558323173301,71.32341003417969,15.0,180.0
123.81036964408626,-34.72940968679151,-34.24621114644543,71.22337341308594,15.0,180.0
123.71185741984593,-34.99217658862091,-34.041761859809235,71.12340545654297,15.0,180.0
123.66902870136724,-35.19869011620551,-33.72535140745584,71.12340545654297,15.0,180.0
123.79915788752608,-35.368936619225714,-33.43937645857495,71.02334594726562,15.0,180.0
123.8778916309301,-35.49886570836184,-32.794559020178966,70.92344665527344,15.0,180.0
123.6960336151195,-35.598177154942995,-31.798309857651617,70.82331085205078,15.0,180.0
123.43058947414882,-35.724401568823936,-30.982793779915376,70.72338104248047,15.0,180.0
123.32140313248888,-35.751890181211955,-30.61829224703298,70.62340545654297,15.0,180.0
123.33630489617288,-35.59595638363025,-30.66406639723937,70.52340698242188,15.0,180.0
123.36393719623716,-35.37239602003657,-30.993421437304725,70.42341613769531,15.0,180.0
123.32475111515836,-35.27166028105084,-31.279077206339124,70.42341613769531,15.0,180.0
123.2037268674765,-35.341248471891745,-31.44397503766568,70.3233413696289,15.0,180.0
122.97501494421545,-35.3504479275975,-31.60258041292268,70.22331237792969,15.0,180.0
122.65280313958232,-35.30689808054573,-31.69047132845614,70.12332153320312,15.0,180.0
122.4302505140951,-35.29184754756051,-31.661550915883748,70.02338409423828,15.0,180.0
122.3068254374247,-35.27736996000088,-31.457935718870527,69.9234390258789,15.0,180.0
122.17737454399784,-35.3705447004231,-31.309681960627067,69.82344818115234,15.0,180.0
122.0685163963662,-35.39391975649076,-31.52881090935392,69.82344818115234,15.0,180.0
121.94780241729808,-35.25721118220206,-31.955109064461688,69.7233657836914,15.0,180.0
121.80192843376658,-35.23084506804975,-32.3473903136323,69.6233901977539,15.0,180.0
121.8085454920427,-35.247513868031305,-32.46103037553216,69.52334594726562,15.0,180.0
122.07916655769378,-35.162757039105784,-32.25247243207683,69.42340850830078,15.0,180.0
122.35211614087152,-35.14781168210041,-32.053080105858,69.32342529296875,15.0,180.0
122.41684970432578,-35.17469039568704,-31.99142445408244,69.22335815429688,15.0,180.0
122.46449172890696,-35.1483161376729,-31.90439405085004,69.12334442138672,15.0,180.0
122.58255792397466,-35.105736525908426,-31.65177428733256,69.12334442138672,15.0,180.0
122.61863740123567,-35.0314290613388,-31.433135454204493,69.02336120605469,15.0,180.0
122.63610055792503,-34.881199517384914,-31.4514662384811,68.92339324951172,15.0,180.0
122.69640951083224,-34.63374554230334,-31.500761183047864,68.82337951660156,15.0,180.0
122.59030896966648,-34.5278662838486,-31.3526655122254,68.72325897216797,15.0,180.0
122.34636850892588,-34.69185612472885,-31.166329953079323,68.62342071533203,15.0,180.0
122.11163822663056,-34.96291798019092,-31.24982283467972,68.52334594726562,15.0,180.0
121.78961556367751,-35.31636031565213,-31.42914097465487,68.52334594726562,15.0,180.0
121.4277463708571,-35.817272902293354,-31.387154257026445,68.42340087890625,15.0,180.0
121.05924227452628,-36.33680525195666,-31.039045281993207,68.32354736328125,15.0,180.0
120.53327733055718,-36.5417203475356,-30.4982933327197,68.22332000732422,15.0,180.0
120.01923663584674,-36.44900145269397,-30.088117024611712,68.12342834472656,15.0,180.0
119.76916049511377,-36.32316389961595,-29.89025795555029,68.0234146118164,15.0,180.0
119.81722502886544,-36.033235260512846,-29.778686708710683,67.92340087890625,15.0,180.0
120.074857211843,-35.41386343933624,-29.763384884630007,67.82352447509766,15.0,180.0
120.27087654952216,-34.770646891808134,-29.81310660246764,67.82352447509766,15.0,180.0
120.2500845548714,-34.36348265335833,-29.80130071326269,67.72332763671875,15.0,180.0
120.10021143560408,-34.12721006322718,-29.82437658786733,67.6233901977539,15.0,180.0
120.01816627139492,-34.12593113419652,-30.10957116271361,67.5233154296875,15.0,180.0
119.99377300269865,-34.312477611712666,-30.60498138402224,67.4233627319336,15.0,180.0
119.7985589304073,-34.516015742324605,-31.127111985029973,67.32354736328125,15.0,180.0
119.50254467176094,-34.72529055071346,-31.622472116208613,67.22334289550781,15.0,180.0
119.29796693762368,-34.83794788940084,-32.1112543747232,67.22334289550781,15.0,180.0
119.30476857551182,-34.769892408827594,-32.485662193455035,67.12333679199219,15.0,180.0
119.46046777858948,-34.64287737710242,-32.473576593556864,67.0233383178711,15.0,180.0
119.493486940058,-34.58288754336619,-32.09492515308669,66.92346954345703,15.0,180.0
119.37448355136976,-34.5495049805354,-31.71461853187011,66.82345581054688,15.0,180.0
119.28283518610522,-34.525356757281195,-31.442756614873808,66.72332763671875,15.0,180.0
119.27842228128084,-34.4838068781475,-31.222121130672484,66.62328338623047,15.0,180.0
119.26692442299276,-34.26404532747975,-31.153432626809533,66.5232925415039,15.0,180.0
119.37735596002842,-33.99284643129466,-31.19994369745367,66.5232925415039,15.0,180.0
119.74081015770454,-33.94457062728952,-31.285587907848484,66.42346954345703,15.0,180.0
119.99440635771238,-34.04937248290081,-31.41462757071472,66.3233871459961,15.0,180.0
119.8660103878138,-34.110237361182286,-31.442911353254047,66.22334289550781,15.0,180.0
119.51346959335298,-34.10904937047533,-31.24158391145757,66.12355041503906,15.0,180.0
119.20441007284418,-34.22513551099193,-31.06604648845281,66.02344512939453,15.0,180.0
119.06821596761318,-34.445930751519064,-31.1742929061035,65.92347717285156,15.0,180.0
118.92573812478548,-34.565711018606926,-31.318189104963995,65.82341766357422,15.0,180.0
118.6786469884972,-34.623193489751394,-31.22772424690128,65.82341766357422,15.0,180.0
118.452299119499,-34.84432799256484,-30.889347303363824,65.72327423095703,15.0,180.0
118.26207285851106,-35.183818867333244,-30.391819237049948,65.6235122680664,15.0,180.0
118.00473361284996,-35.384216504463936,-29.909699630580064,65.52336883544922,15.0,180.0
117.7739580904299,-35.545805213160456,-29.517239755743297,65.4234848022461,15.0,180.0
117.7475550043418,-35.78531792319707,-29.27226046162768,65.32337188720703,15.0,180.0
117.797977112992,-35.906494904625866,-29.17105543109613,65.22325897216797,15.0,180.0
117.8970627356176,-35.83354566846098,-29.09709037449406,65.22325897216797,15.0,180.0
118.1233815160307,-35.79193712401106,-29.216669614063893,65.12322998046875,15.0,180.0
118.26273971469476,-35.888062139489925,-29.66467877044435,65.02325439453125,15.0,180.0
118.20418475408438,-35.94172255153277,-30.25262290220513,64.92339324951172,15.0,180.0
118.06122797960364,-35.84736629130537,-30.72971901130384,64.82339477539062,15.0,180.0
117.8675421631885,-35.69330836433475,-31.01224419113673,64.72335815429688,15.0,180.0
117.72295290594404,-35.58729829706252,-31.226020542595283,64.62334442138672,15.0,180.0
117.71183563116084,-35.4662227563755,-31.36261221602901,64.52335357666016,15.0,180.0
117.75884208769472,-35.31382105411249,-31.40579260217308,64.52335357666016,15.0,180.0
117.7333424144688,-35.22270448136099,-31.43176239684387,64.42344665527344,15.0,180.0
117.56866378720588,-35.057390113889085,-31.41312462085416,64.3233413696289,15.0,180.0
117.3979635514687,-34.79712958291299,-31.317976360604806,64.22332000732422,15.0,180.0
117.32320574078524,-34.66622755728277,-30.92844686602517,64.12328338623047,15.0,180.0
117.37451540714726,-34.6473878685901,-30.17521883495616,64.02326965332031,15.0,180.0
117.46228912106692,-34.683678087900304,-29.51249257167591,63.92350769042969,15.0,180.0
117.34778903515132,-34.86631196533392,-29.19987778520695,63.92350769042969,15.0,180.0
116.98574544003884,-35.04406876477987,-29.073935492112604,63.82346343994141,15.0,180.0
116.56053378801973,-35.004114550051646,-29.09189650842136,63.72335052490234,15.0,180.0
116.2908720713092,-34.84268028387896,-29.250958178150768,63.62338256835938,15.0,180.0
116.22779568006588,-34.66410959266946,-29.30790246301421,63.52336120605469,15.0,180.0
116.3005452860595,-34.49716496424132,-29.26384273382785,63.42338943481445,15.0,180.0
116.4622133562372,-34.29028895563508,-29.262481729619694,63.3233642578125,15.0,180.0
116.66464340544482,-34.15085579718254,-29.22264808432201,63.22339248657227,15.0,180.0
116.88413043583232,-34.38655469712084,-29.28845581402724,63.22339248657227,15.0,180.0
117.02736175484118,-34.91510420479417,-29.58920017826226,63.12340545654297,15.0,180.0
117.06460384372512,-35.35526332432719,-29.94683213514923,63.02337265014648,15.0,180.0
116.95540616956932,-35.54094889052595,-30.21449490422309,62.9234504699707,15.0,180.0
116.55285352727068,-35.58087935961105,-30.4144971688291,62.82341003417969,15.0,180.0
115.99616919919488,-35.61999425480925,-30.587781042196017,62.723388671875,15.0,180.0
115.50067404426125,-35.90244976514194,-30.61980535945976,62.62334442138672,15.0,180.0
115.1656042722642,-36.388820793112906,-30.53455887500925,62.52339935302734,15.0,180.0
114.93319079965386,-36.67318841961735,-30.496979134489354,62.52339935302734,15.0,180.0
114.684688543439,-36.70102386008232,-30.4985573467221,62.42351531982422,15.0,180.0
114.48303867797829,-36.61600131783539,-30.43287113746427,62.32344055175781,15.0,180.0
114.41624843620404,-36.45619054766952,-30.28856214783766,62.22333145141602,15.0,180.0
114.57570898746268,-36.2826671076938,-30.02087287818101,62.12334060668945,15.0,180.0
114.9431856339152,-36.124558312627,-29.368888639591585,62.02338027954102,15.0,180.0
115.26675394362896,-35.93105315316315,-28.44035432298628,61.92349624633789,15.0,180.0
115.43262886810722,-35.749616588440205,-27.7734660502516,61.92349624633789,15.0,180.0
115.58610184730004,-35.69003395623867,-27.60176907157445,61.8233642578125,15.0,180.0
115.69803218816442,-35.58917651222635,-27.72492577972909,61.72336196899414,15.0,180.0
115.61283580139856,-35.24918826434056,-27.81954137641143,61.62331390380859,15.0,180.0
115.47077047499296,-34.71291284993261,-27.89036256278916,61.52326965332031,15.0,180.0
115.43688662083063,-34.1867302803663,-28.16890185198956,61.42338562011719,15.0,180.0
115.3815508271748,-33.81691688186173,-28.55111968637492,61.32327270507812,15.0,180.0
115.27479159017297,-33.60254075239353,-28.688787942430867,61.22336578369141,15.0,180.0
115.16290632529709,-33.619447330582204,-28.51457523302775,61.22336578369141,15.0,180.0
114.98979201874674,-33.76308608382047,-28.413502595764367,61.12337875366211,15.0,180.0
114.85610932821362,-33.860193414357624,-28.54878667368049,61.02342987060547,15.0,180.0
114.8664657683197,-34.02818265548001,-28.547271065840253,60.92356109619141,15.0,180.0
114.92606971711166,-34.32030784234364,-28.30209737929553,60.82353973388672,15.0,180.0
114.89413906981272,-34.55788118606748,-28.01285742485531,60.72343826293945,15.0,180.0
114.7530433378214,-34.668745231375674,-27.74737459001281,60.62328338623047,15.0,180.0
114.5963404763484,-34.75129488163655,-27.524933529350964,60.62328338623047,15.0,180.0
114.47524386839682,-34.80939232615173,-27.369151925228323,60.52331161499023,15.0,180.0
114.32230297709802,-34.84442532167073,-27.28489843472973,60.42345428466797,15.0,180.0
114.12793980000173,-34.92674511498382,-27.258783654985383,60.32338714599609,15.0,180.0
113.95985397876294,-34.97868078363607,-27.334200757568617,60.22335815429688,15.0,180.0
113.73558439714606,-34.92967421864899,-27.56477385270836,60.123291015625,15.0,180.0
113.47137643337469,-34.77027803583831,-27.866983661396667,60.02337646484375,15.0,180.0
113.31183003251356,-34.57157382987175,-28.13906374557303,59.92343139648438,15.0,180.0
113.19308304543596,-34.54326679652024,-28.327129641565712,59.92343139648438,15.0,180.0
113.0757293846632,-34.67797029962048,-28.470672555342013,59.82332229614258,15.0,180.0
112.97394822914237,-34.87268620515929,-28.782932086845367,59.72344207763672,15.0,180.0
112.79142057175554,-34.99735621780148,-29.26498081031941,59.62337875366211,15.0,180.0
112.5382428217904,-34.93522104705836,-29.73129591990792,59.52339935302734,15.0,180.0
112.41342834537734,-34.77984837729196,-30.22393285652133,59.42346954345703,15.0,180.0
112.5448755245686,-34.54409751850838,-30.736666501476044,59.32332992553711,15.0,180.0
112.72471133854776,-34.19961145991933,-30.985191191377734,59.22340393066406,15.0,180.0
112.69643991203488,-33.99225224367361,-30.81133367448393,59.22340393066406,15.0,180.0
112.59506237098076,-34.05947511776952,-30.345348829635725,59.12337493896484,15.0,180.0
112.57109687559952,-34.19973843936286,-29.815345236409712,59.02336883544922,15.0,180.0
112.44162688833862,-34.37163831299057,-29.31565064562243,58.92345809936523,15.0,180.0
112.12765494513069,-34.59806477511913,-28.867250696692125,58.8233528137207,15.0,180.0
111.83202114717912,-34.77498668784547,-28.59815011971876,58.72331619262695,15.0,180.0
111.70591273847975,-34.86467039798815,-28.527107911009644,58.62332916259766,15.0,180.0
111.61965868251534,-34.891874860028736,-28.641919663494523,58.62332916259766,15.0,180.0
111.3864656842472,-34.78338128860492,-29.05096840452682,58.52338027954102,15.0,180.0
111.00840427106148,-34.38098107288351,-29.561272511293406,58.42349243164062,15.0,180.0
110.55439248097515,-33.83294017767341,-29.811807951515743,58.32346725463867,15.0,180.0
110.14677437610747,-33.57839319634848,-29.8227668645585,58.22339630126953,15.0,180.0
110.03476916443331,-33.8110536879553,-29.71749424744851,58.12331390380859,15.0,180.0
110.242740172503,-34.233925980116524,-29.50575315465269,58.02337265014648,15.0,180.0
110.50135351919752,-34.48770218613195,-29.2374906098192,57.92327880859375,15.0,180.0
110.60746638154755,-34.56269055979115,-28.98241044069477,57.92327880859375,15.0,180.0
110.52586839238484,-34.45153358146764,-28.83700185737995,57.82332992553711,15.0,180.0
110.5283272228473,-34.09753890555206,-28.883341756340503,57.72340774536133,15.0,180.0
110.76264768868512,-33.84730719115803,-29.044589454526427,57.62343597412109,15.0,180.0
110.9823834710024,-33.945853547479324,-29.051774957356468,57.52338027954102,15.0,180.0
111.00834115267664,-33.97055853764436,-28.824094786898325,57.42345428466797,15.0,180.0
110.8658391832366,-33.664500690407365,-28.486227821641823,57.32338333129883,15.0,180.0
110.76179725778304,-33.389265267206454,-28.07534433836033,57.32338333129883,15.0,180.0
110.68290556534352,-33.377126350787144,-27.595781268560177,57.22335052490234,15.0,180.0
110.49359066955296,-33.448905145311585,-26.99401603958224,57.12333679199219,15.0,180.0
110.3017523653199,-33.42369070546077,-26.48429625447441,57.02333831787109,15.0,180.0
109.98838215651864,-33.18208139208134,-26.41746183234789,56.92341232299805,15.0,180.0
109.44255986960457,-32.715257718490044,-26.628805231092283,56.82343292236328,15.0,180.0
109.03407710419916,-32.26668911716236,-26.803416952204643,56.72338485717773,15.0,180.0
108.89191043281036,-31.99000858427803,-26.8773126690036,56.62339782714844,15.0,180.0
108.78226978098688,-31.80153734359672,-26.801809234899824,56.62339782714844,15.0,180.0
108.56628602343795,-31.75889356721536,-26.615006471134382,56.5233268737793,15.0,180.0
108.2878625856268,-32.066802289541975,-26.44562894025609,56.42339324951172,15.0,180.0
108.22902959905646,-32.48661289390034,-26.32229721176885,56.32341384887695,15.0,180.0
108.43929614484624,-32.750208412791444,-26.227340975319304,56.2233772277832,15.0,180.0
108.6693444589848,-32.96075816290448,-26.06955373235316,56.12349700927734,15.0,180.0
108.7838636470994,-33.10403461409184,-25.82777754944385,56.02346038818359,15.0,180.0
108.6256805478419,-33.06734957668972,-25.650623952964644,56.02346038818359,15.0,180.0
108.05083846389384,-32.8624562448472,-25.51496905123113,55.92342758178711,15.0,180.0
107.33168408119128,-32.70821776005738,-25.350939771807663,55.82329559326172,15.0,180.0
106.70561422636472,-32.71655692804561,-25.264040477126887,55.72330093383789,15.0,180.0
106.05270910907912,-32.80188758113312,-25.24022854858446,55.6234016418457,15.0,180.0
105.48458082113214,-32.82526602533937,-25.195425582311064,55.52338027954102,15.0,180.0
105.13154834451475,-32.79427479461248,-25.145284451165217,55.42334365844727,15.0,180.0
104.86040082262816,-32.88415807990916,-25.10491336464831,55.32341003417969,15.0,180.0
104.65819721581006,-33.00733341101154,-25.11586287460884,55.32341003417969,15.0,180.0
104.48836546563383,-33.00826893391201,-25.122997725519543,55.22348785400391,15.0,180.0
104.25645855464003,-33.05521766100479,-24.867083055794648,55.12328338623047,15.0,180.0
104.09600853322088,-33.28032220124774,-24.291525469700943,55.02339553833008,15.0,180.0
104.24958055894416,-33.38552203753362,-23.66398443337485,54.92333602905273,15.0,180.0
104.6145165605717,-33.29492261559789,-23.170480833090203,54.82334899902344,15.0,180.0
104.86499436295011,-33.33048029749721,-22.755909338672065,54.72335052490234,15.0,180.0
104.96918684405684,-33.54167189187292,-22.39858134527313,54.62332534790039,15.0,180.0
105.0027148923942,-33.8530795942431,-22.31174671552673,54.62332534790039,15.0,180.0
105.02386195156042,-34.27068027372079,-22.53221594883621,54.5234489440918,15.0,180.0
105.01833838461734,-34.587070618367335,-22.89860837735801,54.42330932617188,15.0,180.0
104.91821144701636,-34.56426232427133,-23.391569486683924,54.32332992553711,15.0,180.0
104.83950566385074,-34.29673103125998,-23.928110647330595,54.223388671875,15.0,180.0
104.80871004536196,-34.0477903813935,-24.48055878579365,54.12334823608398,15.0,180.0
104.6024822304783,-33.98076558674494,-24.997375144904748,54.02345657348633,15.0,180.0
104.203843181257,-33.9921244883281,-25.24517685073762,54.02345657348633,15.0,180.0
103.9430611810546,-33.81307774089283,-25.19262103939888,53.92334747314453,15.0,180.0
103.93001385856331,-33.41026375312708,-25.032707943306985,53.82332611083984,15.0,180.0
103.91248620801346,-33.00275561148299,-24.947606144502544,53.72338485717773,15.0,180.0
103.719268507977,-32.71747572928192,-24.948776376429667,53.62346267700195,15.0,180.0
103.46697202088568,-32.61217946377065,-24.87812717621252,53.52352905273438,15.0,180.0
103.22548282000388,-32.742391462770684,-24.672173205445144,53.42338562011719,15.0,180.0
102.9129690189838,-32.96329587532021,-24.55934237657468,53.32330322265625,15.0,180.0
102.65430485444148,-33.220696844688455,-24.5482741540426,53.32330322265625,15.0,180.0
102.6510663152454,-33.59648081763276,-24.19951857703174,53.22335052490234,15.0,180.0
102.8861086000899,-33.88908538413782,-23.548840574065107,53.12335586547852,15.0,180.0
103.1727644867911,-33.888552300925696,-23.08536279646169,53.02350997924805,15.0,180.0
103.4313993316938,-33.711846526490376,-22.858733736782945,52.9233512878418,15.0,180.0
103.620268548466,-33.60075624329731,-22.6623791095488,52.8233642578125,15.0,180.0
103.62945398020771,-33.70182305203632,-22.649261538742465,52.72335815429688,15.0,180.0
103.44293266928004,-33.87740977984353,-22.99081440665081,52.72335815429688,15.0,180.0
103.1980737725394,-33.905715972183245,-23.41042027017605,52.62335968017578,15.0,180.0
103.0467086412316,-33.78434657341207,-23.613862667030084,52.52370834350586,15.0,180.0
102.9667320494486,-33.61803069556763,-23.56522188606092,52.42347717285156,15.0,180.0
102.86172756795706,-33.5986256084464,-23.585107282327424,52.32342529296875,15.0,180.0
102.7651395511826,-33.75964134318968,-23.77185983549918,52.22340774536133,15.0,180.0
102.79271834321786,-34.020361361787025,-23.85868681327732,52.12332916259766,15.0,180.0
102.93011242087468,-34.31011413087595,-23.89974001093175,52.02336120605469,15.0,180.0
103.10271927073468,-34.398180100681984,-23.79176818012745,52.02336120605469,15.0,180.0
103.30057347000724,-34.18627558007504,-23.44195080139484,51.92334365844727,15.0,180.0
103.45511663970092,-33.85142382237612,-23.165955822657903,51.82337951660156,15.0,180.0
103.47302610111898,-33.53787129330219,-23.032253313645853,51.72336196899414,15.0,180.0
103.53236762109104,-33.30033468810242,-22.8180924954646,51.62338638305664,15.0,180.0
103.73387502551672,-33.20118717277932,-22.445385254312384,51.52346038818359,15.0,180.0
103.75461754887544,-33.15378090802006,-22.023759411240263,51.42340469360352,15.0,180.0
103.46730487690078,-33.19890205064309,-21.60697728969988,51.32340621948242,15.0,180.0
103.12097511476216,-33.45795624769943,-21.1474297423742,51.32340621948242,15.0,180.0
102.68368259200211,-33.78872041034412,-20.64411707800461,51.22336959838867,15.0,180.0
102.0633561856332,-33.98489574973189,-20.1425483752482,51.12334823608398,15.0,180.0
101.42444927325732,-34.08123951190662,-19.73933046921113,51.02340698242188,15.0,180.0
101.01354557171535,-34.285771632974466,-19.719227189580334,50.92329406738281,15.0,180.0
100.92704121469012,-34.57296215384718,-20.15099257516594,50.82338714599609,15.0,180.0
100.95280527523214,-34.81356746205771,-20.61420431528119,50.72338485717773,15.0,180.0
101.00204139419408,-34.924564946002256,-20.86985085453146,50.72338485717773,15.0,180.0
101.09269501685152,-34.80985429253422,-20.91262152226089,50.62348937988281,15.0,180.0
101.15519337793047,-34.49316329631226,-20.639344522988715,50.52339553833008,15.0,180.0
101.08654275916425,-34.17136760144528,-20.169610157957024,50.4233283996582,15.0,180.0
100.90291008028872,-34.05100479918399,-19.781438934332,50.32331466674805,15.0,180.0
100.8660245980294,-34.134835632921266,-19.480971267994125,50.22335433959961,15.0,180.0
101.01812218074107,-34.31379126810297,-19.30864962020869,50.12334442138672,15.0,180.0
101.00795911495916,-34.478200583228926,-19.343296545780312,50.02338027954102,15.0,180.0
100.7530966864901,-34.53728784297425,-19.40449984800677,50.02338027954102,15.0,180.0
100.3730223464226,-34.501688246042285,-19.4927652148572,49.92333984375,15.0,180.0
99.90582071711242,-34.39285143615494,-19.713176474951894,49.82341766357422,15.0,180.0
99.57683506955328,-34.11279378316512,-19.980428713544683,49.72351837158203,15.0,180.0
99.43688973501264,-33.64811235035538,-20.1630080256309,49.62335586547852,15.0,180.0
99.29866335798415,-33.1297460700697,-20.1208575315765,49.52328491210938,15.0,180.0
99.1303104677271,-32.59154321748932,-19.844036284603003,49.4233512878418,15.0,180.0
98.92747890203866,-32.04497260085099,-19.62996190782317,49.4233512878418,15.0,180.0
98.65175842922396,-31.571949005728342,-19.70598328128489,49.32333755493164,15.0,180.0
98.2650031048583,-31.261795118284084,-19.89581505307394,49.22334289550781,15.0,180.0
97.76113393887182,-31.31191726467407,-19.958252098943724,49.12333679199219,15.0,180.0
97.19862867021604,-31.711591579860343,-19.766556399982584,49.02337646484375,15.0,180.0
96.6376667873004,-32.02698865238407,-19.44845897352599,48.92342758178711,15.0,180.0
96.14619780446723,-31.927812738006644,-19.297185248967537,48.82342529296875,15.0,180.0
95.75841223155682,-31.571599262250285,-19.317214330970423,48.72346496582031,15.0,180.0
95.52911640776588,-31.43626203444039,-19.581220705475268,48.72346496582031,15.0,180.0
95.600371513266,-31.584005212505147,-20.28832943387909,48.62344741821289,15.0,180.0
96.00192419986816,-31.718522772377955,-21.223996040565947,48.5233039855957,15.0,180.0
96.47086831886917,-31.766246524566515,-22.06939942195263,48.42327117919922,15.0,180.0
96.79181041279226,-31.767073619122552,-22.598465784417943,48.32338714599609,15.0,180.0
96.84390227686676,-31.858018661153288,-22.680536095978663,48.2232780456543,15.0,180.0
96.6523142118868,-32.16480427991288,-22.49636324662572,48.12343597412109,15.0,180.0
96.38313395917784,-32.549717052060394,-22.27623874692674,48.12343597412109,15.0,180.0
96.05200479394465,-32.86254239867985,-22.094041813482967,48.02344131469727,15.0,180.0
95.77269962440153,-33.09857005917097,-21.900152528784545,47.92338180541992,15.0,180.0
95.56233830284285,-33.13329789865783,-21.69469352764934,47.82345199584961,15.0,180.0
95.36093845944538,-32.83210296019553,-21.603933131172376,47.723388671875,15.0,180.0
95.30292024385264,-32.24037547949705,-21.5619910796797,47.62329483032227,15.0,180.0
95.5778790488879,-31.537168690773665,-21.32965916395249,47.52330017089844,15.0,180.0
96.01172971636524,-31.06343904555424,-20.97955239443526,47.42340850830078,15.0,180.0
96.1815633580262,-30.98975091547365,-20.674258959378424,47.42340850830078,15.0,180.0
96.10635458683171,-31.017727081517297,-20.504489707042968,47.32347869873047,15.0,180.0
95.97386817010528,-30.88978995570395,-20.62554281854889,47.22343826293945,15.0,180.0
95.864214659335,-30.7909770425014,-20.73822814238232,47.12348937988281,15.0,180.0
95.63315677703524,-30.82777128065595,-20.69528797285889,47.02339553833008,15.0,180.0
95.11400580499446,-30.78420243040872,-20.817574898799013,46.92346954345703,15.0,180.0
94.5642507946212,-30.70101026104463,-21.00971601075365,46.82338333129883,15.0,180.0
94.22808530051904,-30.72697107460252,-20.95420462964136,46.72333908081055,15.0,180.0
94.0019941340542,-30.68574053995908,-20.58865627492386,46.72333908081055,15.0,180.0
93.71205398131718,-30.496045651644707,-19.99766391502008,46.62332153320312,15.0,180.0
93.43251525459254,-30.34682739017292,-19.395864327674232,46.52328109741211,15.0,180.0
93.42199112167084,-30.400544124693173,-18.894945187607743,46.42347717285156,15.0,180.0
93.73193195905512,-30.64658609783318,-18.38758926031158,46.32348251342773,15.0,180.0
94.0386610013952,-31.01224530981963,-18.17324263667166,46.22336196899414,15.0,180.0
94.1811207009676,-31.477609173797845,-18.529964870894823,46.12346267700195,15.0,180.0
94.25667230717752,-31.84947311647949,-19.004023252795417,46.12346267700195,15.0,180.0
94.22349597887352,-31.813156889995817,-19.178975405467312,46.0234260559082,15.0,180.0
94.0185990570466,-31.46097264058237,-19.1429491077008,45.92350769042969,15.0,180.0
93.71443114370454,-31.08763910017102,-19.115574924010826,45.82342147827148,15.0,180.0
93.35303723485777,-30.68017157321258,-19.21549669451673,45.7232780456543,15.0,180.0
92.9808536470684,-30.15083760524586,-19.268626281368025,45.62346649169922,15.0,180.0
92.68394675258688,-29.5727609798162,-19.096152430024848,45.52328872680664,15.0,180.0
92.41335375791752,-29.10581177696239,-18.9548548300173,45.42332458496094,15.0,180.0
92.2755231155421,-28.79883283358802,-18.900943363424684,45.42332458496094,15.0,180.0
92.35971048173816,-28.56400858908139,-18.71933528448613,45.32337951660156,15.0,180.0
92.51271387767926,-28.43283153520421,-18.436702629884927,45.22323608398438,15.0,180.0
92.62898858799088,-28.640761220663062,-18.094989553892383,45.12342834472656,15.0,180.0
92.73167349735051,-29.233363996493136,-17.78110536658277,45.02334976196289,15.0,180.0
92.7304739446588,-29.744973862720585,-17.584760880964858,44.92330169677734,15.0,180.0
92.50422579515872,-29.84434657540209,-17.48019652058602,44.82336807250977,15.0,180.0
92.24516800804662,-29.657748883229765,-17.450902795284,44.82336807250977,15.0,180.0
92.03016801694416,-29.32334615958362,-17.487955611124395,44.72335815429688,15.0,180.0
91.65532034391109,-28.96439248925596,-17.589116426465328,44.62336349487305,15.0,180.0
91.00243237497244,-28.65073179981961,-17.631288656649172,44.52331924438477,15.0,180.0
90.20025892709484,-28.436396877311537,-17.485423202178914,44.42332458496094,15.0,180.0
89.50507468719601,-28.40579950024469,-17.41092307940978,44.3233757019043,15.0,180.0
88.98021100420321,-28.488718909738665,-17.49613790158554,44.22343444824219,15.0,180.0
88.66540888082473,-28.636558908493644,-17.51449109757759,44.12336349487305,15.0,180.0
88.61138263544191,-28.91930198667174,-17.563686184367924,44.12336349487305,15.0,180.0
88.64048340476467,-29.33904273839647,-17.61721427705736,44.0233268737793,15.0,180.0
88.62416357308622,-29.728344704140056,-17.598071800594326,43.92337417602539,15.0,180.0
88.5413128093346,-29.886138427652487,-17.778413071811716,43.82347869873047,15.0,180.0
88.42520228779847,-29.88338047009482,-18.195866938910616,43.72357940673828,15.0,180.0
88.37702500126836,-29.88687047260598,-18.631867426944773,43.62344741821289,15.0,180.0
88.29090745906487,-29.92143448865872,-18.92064121684733,43.5234489440918,15.0,180.0
87.9043466354073,-29.9437262958407,-18.9579555342286,43.42339706420898,15.0,180.0
87.24027052538169,-29.85822747597028,-18.79246216886401,43.42339706420898,15.0,180.0
86.66027730866374,-29.66039735090779,-18.5542124968968,43.32339096069336,15.0,180.0
86.32052741557284,-29.38528800389329,-18.39138039386703,43.22343444824219,15.0,180.0
86.0448939337953,-29.080522481111075,-18.38334895586014,43.12330627441406,15.0,180.0
85.77573287081297,-28.95369288870228,-18.49778790357721,43.02334976196289,15.0,180.0
85.65973961694124,-29.0368027739346,-18.5873935955901,42.92333602905273,15.0,180.0
85.74699257970533,-29.05708362093373,-18.57874437971617,42.82341766357422,15.0,180.0
85.86359223582565,-28.88820568329178,-18.54128789628442,42.82341766357422,15.0,180.0
85.87931815606527,-28.608837659811403,-18.490635174152384,42.7234992980957,15.0,180.0
85.88802149410307,-28.38835406024718,-18.56837977240845,42.62333679199219,15.0,180.0
86.02356520746437,-28.402059679937587,-18.903593788813403,42.52325820922852,15.0,180.0
86.24924253965388,-28.61460145385476,-19.37120695564628,42.42329788208008,15.0,180.0
86.32351941202243,-28.776403665008385,-19.73217666726616,42.32337188720703,15.0,180.0
86.12198413134719,-28.74480678544679,-19.838556415494253,42.22356796264648,15.0,180.0
85.86925275305845,-28.66320567057597,-19.74589553665359,42.12336349487305,15.0,180.0
85.64216116057207,-28.466237172600813,-19.66791329588905,42.12336349487305,15.0,180.0
85.24510221315617,-28.046341635214155,-19.539704747977822,42.02338027954102,15.0,180.0
84.75050057475983,-27.640149020577965,-19.06212328308536,41.92339706420898,15.0,180.0
84.31259252277789,-27.302326165792813,-18.333669431970147,41.82344436645508,15.0,180.0
84.01237238292363,-27.0434997370324,-17.580323878860817,41.72351455688477,15.0,180.0
83.98543840878622,-27.01466556925944,-16.898234861559686,41.62331008911133,15.0,180.0
84.09445388330256,-27.145553353480256,-16.46712195030417,41.52329635620117,15.0,180.0
84.02224593268475,-27.28013702214738,-16.41561661162666,41.52329635620117,15.0,180.0
83.55811837712874,-27.374796009143083,-16.554133429792522,41.42325592041016,15.0,180.0
82.80068586984247,-27.330949915793028,-16.763170647224847,41.3233642578125,15.0,180.0
82.14744685847145,-27.14808510601165,-17.21043245568336,41.22343444824219,15.0,180.0
81.75938835418299,-27.096855221858394,-17.833004181299696,41.12338256835938,15.0,180.0
81.48555018603588,-27.2472862668368,-18.33100823788381,41.02342987060547,15.0,180.0
81.27813757735515,-27.3026853189394,-18.44292901241933,40.92330932617188,15.0,180.0
81.30992703094718,-27.09936610051483,-18.122951678316223,40.82332992553711,15.0,180.0
81.51042658413425,-26.8753358527882,-17.714587489426773,40.82332992553711,15.0,180.0
81.50784067379698,-26.77483770139789,-17.42511284153045,40.72336959838867,15.0,180.0
81.3121995973191,-26.74067016261969,-17.219152002441376,40.6234245300293,15.0,180.0
81.15340404027644,-26.74268419061978,-17.12067298769028,40.52344131469727,15.0,180.0
80.82198315707585,-26.734001422871,-16.960768671804058,40.4233512878418,15.0,180.0
80.22090323724439,-26.788883259374323,-16.691651694725643,40.32339477539062,15.0,180.0
79.61805830204091,-26.926881207337136,-16.40729948857446,40.22338485717773,15.0,180.0
78.9857665903635,-27.002768601170963,-16.14922187483094,40.22338485717773,15.0,180.0
78.29081054073696,-26.936347094292504,-16.08889174548003,40.12333679199219,15.0,180.0
77.69734243614177,-26.84695593500085,-16.16308181739858,40.02339172363281,15.0,180.0
77.35935725616224,-26.953465706328423,-16.143879911870506,39.92339706420898,15.0,180.0
77.34455188223485,-27.22967247637732,-16.048588398363957,39.82332229614258,15.0,180.0
77.43744274137822,-27.46276810130988,-15.963223854171552,39.72341156005859,15.0,180.0
77.4537569202092,-27.58837189790228,-15.923872612262576,39.62337875366211,15.0,180.0
77.46630148198253,-27.60255539415779,-15.716620925388696,39.52315902709961,15.0,180.0
77.50674200807329,-27.530889886601607,-15.212475236408702,39.52315902709961,15.0,180.0
77.52805384268748,-27.47176660753093,-14.761772472843615,39.42333984375,15.0,180.0
77.61367441539316,-27.38223847445729,-14.592916695553429,39.32331085205078,15.0,180.0
77.77202254561838,-27.27739816641025,-14.504383640914158,39.22328186035156,15.0,180.0
77.89660560668764,-27.25227085904225,-14.251817450199956,39.12337493896484,15.0,180.0
77.96917542982939,-27.18583313622291,-13.930808500959674,39.02348327636719,15.0,180.0
77.90510680020043,-27.126041469726086,-13.630042201640183,38.92369079589844,15.0,180.0
77.73838750111813,-27.213184441528323,-13.338387278433386,38.8236083984375,15.0,180.0
77.68615802692119,-27.357909443048857,-13.19840917160061,38.8236083984375,15.0,180.0
77.62059357574515,-27.497034038428488,-13.062401227734238,38.72333145141602,15.0,180.0
77.40231957971683,-27.638102141126403,-12.833980916403142,38.62339401245117,15.0,180.0
77.35525863912812,-27.75829036898969,-12.94217912325537,38.52333831787109,15.0,180.0
77.5048294858324,-27.69006691618642,-13.391621727024496,38.42346954345703,15.0,180.0
77.49902663197037,-27.430232368394,-13.762996017550448,38.32348251342773,15.0,180.0
77.23497913681088,-27.29237854859964,-13.960140400436966,38.22328948974609,15.0,180.0
76.72635257767843,-27.29682723624792,-14.04756651433808,38.22328948974609,15.0,180.0
76.14546878749316,-27.23379190209555,-14.206036996313598,38.1234016418457,15.0,180.0
75.84068186972287,-27.090382993769342,-14.57254745388568,38.02331924438477,15.0,180.0
75.78074936200663,-26.896526809707684,-15.024968071935596,37.92327117919922,15.0,180.0
75.79613231433214,-26.697426833938803,-15.424364421665189,37.82341003417969,15.0,180.0
75.91839004932221,-26.527565542167338,-15.728305907710489,37.72333908081055,15.0,180.0
75.99631609900533,-26.41418145549417,-15.731951493571582,37.62334442138672,15.0,180.0
75.90477087530425,-26.51242632995344,-15.454811867777346,37.52345657348633,15.0,180.0
75.72558648985435,-26.835817727443416,-15.320961793124184,37.52345657348633,15.0,180.0
75.56229507504324,-27.17611858595464,-15.23418552375126,37.42337036132812,15.0,180.0
75.40797237143474,-27.4286443710466,-14.924765050262168,37.32344818115234,15.0,180.0
75.17509585659234,-27.64281981272802,-14.609799868539664,37.22343063354492,15.0,180.0
74.8496864124267,-27.84382480504679,-14.327581580534051,37.12335968017578,15.0,180.0
74.39822995225376,-27.974020763950826,-14.094236504493576,37.02346801757812,15.0,180.0
73.78466900506602,-27.99917837309579,-14.210914702417274,36.92348861694336,15.0,180.0
73.01769415998118,-27.925396933061165,-14.555712563569688,36.92348861694336,15.0,180.0
72.13124966974821,-27.738606796160056,-14.724162193950232,36.82341766357422,15.0,180.0
71.20832723587519,-27.35222354145324,-14.625036570541685,36.72344970703125,15.0,180.0
70.55230147935946,-26.85305310557105,-14.420223574258031,36.62347793579102,15.0,180.0
70.36103060516523,-26.673011730791835,-14.260950501729114,36.5234375,15.0,180.0
70.42087365273778,-26.81784356355717,-14.073860801403224,36.42343139648438,15.0,180.0
70.51293631542808,-26.7964019005856,-13.808253015303965,36.32328796386719,15.0,180.0
70.51322410475866,-26.36558838235917,-13.583749837750968,36.22330093383789,15.0,180.0
70.46162291035591,-25.83177417246105,-13.473188050965726,36.22330093383789,15.0,180.0
70.56592085046498,-25.623348358296447,-13.408108708319933,36.12347793579102,15.0,180.0
70.81534320753862,-25.59037790593548,-13.32463561644797,36.02339935302734,15.0,180.0
71.02020766155326,-25.4580191206367,-13.258888756798235,35.92336654663086,15.0,180.0
71.1798441244144,-25.216406685313004,-13.121454269171624,35.82328796386719,15.0,180.0
71.4214145451588,-24.96687749756612,-12.943004248369007,35.72333908081055,15.0,180.0
71.68680137284493,-24.82014920642292,-12.87738956661687,35.6234130859375,15.0,180.0
71.71656184557823,-24.80563007821501,-13.0134447213855,35.52334976196289,15.0,180.0
71.58396589844307,-24.9864241057634,-13.333018236629847,35.52334976196289,15.0,180.0
71.52923195432699,-25.343468884626333,-13.581824478803146,35.42339706420898,15.0,180.0
71.49484852121505,-25.743057142658515,-13.753074418510105,35.32333374023438,15.0,180.0
71.44570883125624,-26.01502328383432,-13.95947313793369,35.22337341308594,15.0,180.0
71.30445832129564,-26.098551689959283,-14.08809426063403,35.1233024597168,15.0,180.0
71.08629069031771,-25.98511722849162,-14.069092392939831,35.02329254150391,15.0,180.0
70.7680693959465,-25.56484417084084,-13.817733160499785,34.92342758178711,15.0,180.0
70.28599476156785,-25.11451305147992,-13.480484843965238,34.92342758178711,15.0,180.0
69.90603176596615,-24.979165048052216,-13.475250986623792,34.82333374023438,15.0,180.0
69.63960270509726,-25.036509914957563,-13.795065715434614,34.72346878051758,15.0,180.0
69.34659333538644,-25.12256846842829,-14.058318492064934,34.62334823608398,15.0,180.0
69.14901269929882,-25.229031921297864,-14.13232764323877,34.52330017089844,15.0,180.0
68.9645806773851,-25.43112604919284,-14.196352199724178,34.42339324951172,15.0,180.0
68.45768969469033,-25.538706451390897,-14.275859381339815,34.32331466674805,15.0,180.0
67.55557731702675,-25.3622775118521,-14.219628967304685,34.22341156005859,15.0,180.0
66.37987688300797,-25.121672812514625,-13.990068024411492,34.22341156005859,15.0,180.0
65.29198514421074,-24.94876497070719,-13.761274570474724,34.1234245300293,15.0,180.0
64.67232152734563,-24.829464928729443,-13.75834760716736,34.02332305908203,15.0,180.0
64.48761149187727,-24.663413918016488,-13.796276905828485,33.92343521118164,15.0,180.0
64.60582614740436,-24.33534735500284,-13.592314150617335,33.82340240478516,15.0,180.0
64.72939580673186,-23.947922604270584,-13.32312448682184,33.72348022460938,15.0,180.0
64.67586042848735,-23.73021611428917,-12.955083940821511,33.62347412109375,15.0,180.0
64.62429258376066,-23.80618646199295,-12.26635262435729,33.62347412109375,15.0,180.0
64.63681438552655,-24.095133916044496,-11.58841303234189,33.5233039855957,15.0,180.0
64.55791451130054,-24.43597372690352,-11.126514853061382,33.42339324951172,15.0,180.0
64.36035012030011,-24.60154953439243,-10.700271967877892,33.32337188720703,15.0,180.0
64.17804887324701,-24.65258909534693,-10.285672134976998,33.22348403930664,15.0,180.0
63.92747440936551,-24.770675362972685,-10.190900860064424,33.12350845336914,15.0,180.0
63.56147789581794,-24.8487681684804,-10.679999886189693,33.02351379394531,15.0,180.0
63.25042797255055,-24.816530074872624,-11.490220121793104,32.92327499389648,15.0,180.0
63.157485839484536,-24.7249028204359,-12.085626798728589,32.92327499389648,15.0,180.0
63.21824628993221,-24.618833402491617,-12.341502480136109,32.82327651977539,15.0,180.0
63.07567728686526,-24.348283127806187,-12.557234734303732,32.72339248657227,15.0,180.0
62.57121496876902,-23.90958867191293,-12.748060874856993,32.623291015625,15.0,180.0
61.95285451252215,-23.536761623202004,-12.74845863603772,32.52337265014648,15.0,180.0
61.47491491815427,-23.20562801086661,-12.551945887358288,32.42333984375,15.0,180.0
61.11812027146584,-22.80454313967291,-12.28496344188089,32.32340240478516,15.0,180.0
60.875394574203625,-22.4490678361227,-11.96498889892758,32.32340240478516,15.0,180.0
60.7205920463926,-22.340839563379905,-11.553226192682844,32.22351837158203,15.0,180.0
60.3817813641125,-22.39067266852791,-11.256256589970423,32.12343597412109,15.0,180.0
59.80272639903892,-22.39290319664829,-11.16491559869634,32.02334594726562,15.0,180.0
59.18814294119088,-22.310213851415725,-11.18706162454464,31.92331886291504,15.0,180.0
58.68822197788986,-22.25968571607536,-11.318384298993802,31.82343864440918,15.0,180.0
58.30173447452124,-22.361637151798693,-11.616506269346893,31.72350311279297,15.0,180.0
57.886093002248096,-22.446193106527428,-12.028548471818896,31.6234130859375,15.0,180.0
57.42816620431921,-22.504685664860933,-12.589506636559252,31.6234130859375,15.0,180.0
57.16517996577482,-22.760078011094688,-13.298462074729864,31.52342224121094,15.0,180.0
57.20122077758256,-23.057950055898107,-13.889316744167068,31.42335891723633,15.0,180.0
57.22235380551061,-23.19723218134789,-14.18591495576342,31.3233757019043,15.0,180.0
57.06590792382394,-23.307162266352936,-14.03335360890858,31.22346496582031,15.0,180.0
56.90778152666527,-23.54456890805451,-13.48607121337001,31.12340545654297,15.0,180.0
56.66905334041852,-23.804122160139524,-12.81333717633439,31.02343940734863,15.0,180.0
56.201547677249046,-23.850308650013886,-12.246304128135357,30.92338943481445,15.0,180.0
55.72105224501678,-23.690915515163848,-11.950388972767144,30.92338943481445,15.0,180.0
55.42165981840778,-23.445405019453137,-11.736389790671604,30.82344245910645,15.0,180.0
55.2508891953841,-23.163437287130023,-11.423361537627116,30.7236156463623,15.0,180.0
55.05717482583992,-22.93173208210164,-11.227787868945564,30.62347602844238,15.0,180.0
54.79866334880942,-22.71984630603937,-11.1997479355387,30.52336311340332,15.0,180.0
54.53899340320289,-22.529885798231867,-11.024257526676385,30.42339134216309,15.0,180.0
54.331487476446384,-22.41708858779302,-10.65156088239118,30.32332801818848,15.0,180.0
54.27545583179242,-22.34261337089601,-10.368504388706384,30.32332801818848,15.0,180.0
54.31231639093485,-22.32240445646626,-10.369116203754716,30.22339248657227,15.0,180.0
54.30117112124135,-22.316759791072,-10.519535219375708,30.12337112426758,15.0,180.0
54.06571130068848,-22.35873822996403,-10.675539769676217,30.02320861816406,15.0,180.0
53.58014820514704,-22.37415526689667,-10.973568032925543,29.92334175109863,15.0,180.0
53.0582816527957,-22.24540071331929,-11.360667701351398,29.82343101501465,15.0,180.0
52.57782666232612,-22.24773848287816,-11.614620089741909,29.72342872619629,15.0,180.0
52.241031333324,-22.445565953161488,-11.652559305083582,29.6234245300293,15.0,180.0
51.97109303171753,-22.42390081675454,-11.446225770321586,29.6234245300293,15.0,180.0
51.596083027416135,-22.102112791033232,-11.14643455578508,29.52333831787109,15.0,180.0
51.31032548738634,-21.86838936499886,-10.996428414257323,29.42326736450195,15.0,180.0
51.2152768659639,-21.80404401117493,-10.974451382324755,29.32329368591309,15.0,180.0
51.126047645386485,-21.691715401084192,-10.91887294436198,29.22333526611328,15.0,180.0
50.85832210108812,-21.43142348237414,-10.86838022162195,29.12331581115723,15.0,180.0
50.36255448536422,-21.132342418747445,-10.862170376457804,29.02321243286133,15.0,180.0
49.64767519900082,-20.96084224770859,-10.816585163681076,29.02321243286133,15.0,180.0
48.96532912999277,-20.861887252724305,-10.7203839273274,28.92331123352051,15.0,180.0
48.64172702064311,-20.645155402520327,-10.48082873485736,28.82330703735352,15.0,180.0
48.458671279853725,-20.3834500569152,-10.168969002291195,28.72339820861816,15.0,180.0
48.19175295279564,-20.389484782370392,-10.103196465102725,28.62352180480957,15.0,180.0
47.97477004238623,-20.69740237634736,-10.2702241921569,28.5233097076416,15.0,180.0
47.88543092779317,-21.02547590107728,-10.527455413018773,28.42324829101562,15.0,180.0
47.881892055582775,-21.03289299155294,-10.81777704122562,28.32335090637207,15.0,180.0
47.77816785449779,-20.631694918371743,-10.93462851567039,28.32335090637207,15.0,180.0
47.41890023697668,-20.161245087966897,-10.80673629183692,28.22336196899414,15.0,180.0
47.09148128688614,-19.94373331457972,-10.643708459252032,28.12343788146973,15.0,180.0
46.98464818590552,-19.878690145987093,-10.524289638281514,28.02341079711914,15.0,180.0
46.73898466333082,-19.79953164117071,-10.251519712260524,27.92340087890625,15.0,180.0
46.34773915806225,-19.68084151746517,-9.79121791114579,27.82342338562012,15.0,180.0
46.09503151940228,-19.350616329703907,-9.268536299733446,27.72343254089355,15.0,180.0
45.90207826814199,-18.819226311515937,-8.675016591795522,27.62335968017578,15.0,180.0
45.53314262685444,-18.311017418043047,-8.224227422527404,27.62335968017578,15.0,180.0
45.06066490711094,-17.99155569608413,-8.220518023822482,27.52339553833008,15.0,180.0
44.65867303052182,-17.94358036975399,-8.504044885790693,27.42338180541992,15.0,180.0
44.26384054419178,-18.083677979062127,-8.714753413018443,27.32331085205078,15.0,180.0
43.99688929461246,-18.47980522030744,-8.73988002337825,27.22342872619629,15.0,180.0
43.84882865050928,-19.093320091421447,-8.677118127574905,27.12343406677246,15.0,180.0
43.53745300123662,-19.642674787315883,-8.666223921324121,27.02342414855957,15.0,180.0
42.9779719272047,-20.01299943092536,-8.7757907013118,27.02342414855957,15.0,180.0
42.307563173456295,-20.061181428252443,-8.80645681496252,26.92345428466797,15.0,180.0
41.754062595322246,-19.69310363335342,-8.703683956695368,26.82340049743652,15.0,180.0
41.4323121112548,-19.05786271934049,-8.755966432979548,26.72348976135254,15.0,180.0
41.27680272780879,-18.511876127769824,-9.038259021241496,26.62343978881836,15.0,180.0
41.052893593827655,-18.471483471969275,-9.343144221611029,26.52324867248535,15.0,180.0
40.67436416132702,-18.7317623576672,-9.541871060685864,26.42336654663086,15.0,180.0
40.28893550660538,-18.680130136567765,-9.647763267826235,26.32324409484863,15.0,180.0
39.95959291522292,-18.192005075384987,-9.715708416587685,26.32324409484863,15.0,180.0
39.70149332064938,-17.54694630008351,-9.92408314600796,26.22345352172852,15.0,180.0
39.412195716484014,-17.049425794291544,-10.058004526146188,26.12355422973633,15.0,180.0
39.03703034742898,-16.84563565339661,-9.691371101068746,26.02327156066895,15.0,180.0
38.7010895111835,-16.816004182447088,-9.06058600272314,25.9233341217041,15.0,180.0
38.350073034633496,-16.76684764916388,-8.528195892511038,25.82330894470215,15.0,180.0
38.05801500767068,-16.797886711095813,-8.186567381394685,25.72333335876465,15.0,180.0
38.037295377058086,-16.965997060130306,-8.019982290426679,25.72333335876465,15.0,180.0
38.04638301386068,-17.1483484047864,-7.85212566588152,25.62343788146973,15.0,180.0
37.79581557188207,-17.406879848133848,-7.659333742604463,25.52334594726562,15.0,180.0
37.42319060771217,-17.719538815700545,-7.440890011449354,25.42347145080566,15.0,180.0
37.02323225838238,-18.04935534671512,-7.244416592783824,25.32341194152832,15.0,180.0
36.57331295108321,-18.47312476826775,-7.119749071003533,25.22344779968262,15.0,180.0
36.08649967309609,-18.9039591678874,-6.92025307775278,25.12335777282715,15.0,180.0
35.50083196036148,-19.22512204596874,-6.873700784342939,25.02326583862305,15.0,180.0
34.93789546374175,-19.369926070380348,-7.121430226295156,25.02326583862305,15.0,180.0
34.59285690504825,-19.325194079055123,-7.274252669357892,24.92336845397949,15.0,180.0
34.47913705712111,-19.11974490913693,-7.086189164944982,24.82336616516113,15.0,180.0
34.43994952973704,-18.79674303704877,-6.73523036575779,24.72342681884766,15.0,180.0
34.26490199178055,-18.540276224363176,-6.510257619751037,24.62341499328613,15.0,180.0
34.0049006613221,-18.31705701001352,-6.381827783921308,24.52345085144043,15.0,180.0
33.895799989966584,-17.923993416208525,-6.126522278872264,24.42341423034668,15.0,180.0
33.954396831345846,-17.558465338414774,-5.7627632642495,24.42341423034668,15.0,180.0
34.0106804489931,-17.461366353313135,-5.476280563123422,24.32333946228027,15.0,180.0
33.97588167007997,-17.554347745600534,-5.3332767444299165,24.2236213684082,15.0,180.0
33.8131510690981,-17.605070620941138,-5.51627481715659,24.12336921691895,15.0,180.0
33.50328701708776,-17.44822854172379,-5.960569182131085,24.02327728271484,15.0,180.0
33.12428298101662,-17.213329318898914,-6.042138190445034,23.9233570098877,15.0,180.0
32.73696683903407,-17.0321909560466,-5.609655120684872,23.82329177856445,15.0,180.0
32.2281676228791,-16.78741227582772,-5.1984014487208405,23.72339057922363,15.0,180.0
31.716906740994546,-16.334799816638203,-5.091162139983442,23.72339057922363,15.0,180.0
31.33213463125087,-15.784205749567338,-5.143031486362511,23.62347984313965,15.0,180.0
30.787760013288786,-15.357823380301491,-5.377927474786193,23.52337455749512,15.0,180.0
30.08715318327608,-15.035731030476448,-5.812758507460261,23.42346382141113,15.0,180.0
29.431817129475306,-14.788148236543996,-6.20449255276278,23.32331657409668,15.0,180.0
28.75280544469178,-14.653916384244956,-6.585849768424416,23.22339248657227,15.0,180.0
28.09081666565924,-14.52033585826321,-6.988502400905366,23.12337875366211,15.0,180.0
27.539185663184625,-14.498848441870546,-7.191632595399013,23.0233268737793,15.0,180.0
27.059771976276032,-14.763122166283017,-7.234401396703121,23.0233268737793,15.0,180.0
26.63189553795349,-15.118404059700556,-7.216188875342759,22.92342758178711,15.0,180.0
26.352105836706222,-15.338372396654908,-7.077442841801757,22.82337951660156,15.0,180.0
26.30132147968768,-15.417322289504494,-6.797382554416111,22.72328186035156,15.0,180.0
26.247426728121244,-15.27421293967597,-6.442830496946344,22.62336349487305,15.0,180.0
26.0802106843578,-14.83616481903734,-6.022168984649134,22.5233268737793,15.0,180.0
25.902108600742192,-14.316302995286414,-5.613503340951217,22.4233570098877,15.0,180.0
25.59037198534365,-13.807459452766778,-5.296146951142708,22.4233570098877,15.0,180.0
25.17173774511958,-13.35264641245767,-4.954910261662831,22.32335090637207,15.0,180.0
24.79456796457594,-13.081804131538636,-4.650439441396341,22.22332954406738,15.0,180.0
24.37713449140213,-13.031380249517802,-4.599868086211102,22.12333869934082,15.0,180.0
24.037351517780724,-13.137819586132448,-4.71490384088547,22.02330780029297,15.0,180.0
23.87040056496413,-13.200599348616322,-4.745706985666579,21.92345809936523,15.0,180.0
23.652765219443264,-13.177757910655338,-4.79043312174968,21.82361221313477,15.0,180.0
23.39007717434161,-13.151107353603336,-4.821322690553488,21.72355651855469,15.0,180.0
23.236200716763708,-13.140959750351708,-4.580047565288697,21.72355651855469,15.0,180.0
23.101330365708577,-13.230400468395626,-4.137324984433363,21.62348556518555,15.0,180.0
22.79571691044645,-13.329215694924844,-3.747266871345016,21.52331733703613,15.0,180.0
22.31609716403163,-13.256464664554596,-3.516513025957491,21.42334175109863,15.0,180.0
21.78425242575678,-13.099095547978632,-3.4149841328015924,21.32340240478516,15.0,180.0
21.24539427547809,-13.047560498923184,-3.476557388259024,21.22335815429688,15.0,180.0
20.86624672418297,-13.058529709319508,-3.598773912868808,21.12344360351562,15.0,180.0
20.758334631525585,-13.033860033565844,-3.710752416248246,21.12344360351562,15.0,180.0
20.581812122876816,-13.044963699243173,-3.893359792710857,21.02342224121094,15.0,180.0
20.17324752298332,-13.024260783053204,-3.878093758863261,20.92338943481445,15.0,180.0
19.84489224950806,-12.77873571784383,-3.452889410510416,20.8233585357666,15.0,180.0
19.72355726561683,-12.551044245969187,-3.026398069913948,20.72336578369141,15.0,180.0
19.518949709036672,-12.728233106088876,-2.930749691442606,20.6234188079834,15.0,180.0
19.074971020003268,-13.167787486833143,-2.9966986210359634,20.52331161499023,15.0,180.0
18.516943830736643,-13.549936105923225,-3.1986108156774806,20.42335319519043,15.0,180.0
17.999427691208716,-13.752824474750106,-3.626415472627015,20.42335319519043,15.0,180.0
17.711618626824997,-13.748558872884397,-3.959937858721261,20.32341003417969,15.0,180.0
17.580678341462487,-13.518910229829697,-3.793104750410702,20.22333717346191,15.0,180.0
17.366244011607012,-13.114588592663967,-3.255051292194068,20.12344551086426,15.0,180.0
17.05379419108436,-12.629800189547026,-2.76850651179403,20.02339172363281,15.0,180.0
16.659661456391305,-12.140448711200229,-2.404902410662107,19.92331695556641,15.0,180.0
16.235225721008124,-11.83401425098338,-2.0952854401297536,19.82334899902344,15.0,180.0
15.900105103800165,-11.824749197806776,-1.8270723210774955,19.72335052490234,15.0,180.0
15.553747439191604,-11.951304816952996,-1.5663905821829651,19.72335052490234,15.0,180.0
15.084278021004604,-12.035468415429232,-1.3819809989259042,19.62325859069824,15.0,180.0
14.627132798992086,-12.006789434257149,-1.248420477624201,19.52333450317383,15.0,180.0
14.308801161924464,-11.854733904317325,-0.99263144606717,19.42337799072266,15.0,180.0
13.979481171538117,-11.597065984639574,-0.5819926733549741,19.32336807250977,15.0,180.0
13.51117647457485,-11.20015579719736,-0.2483678732257415,19.22345352172852,15.0,180.0
13.03178667043003,-10.646886464279628,-0.1295319404327175,19.12338638305664,15.0,180.0
12.540772309221284,-10.12845140212878,-0.0793548341287593,19.12338638305664,15.0,180.0
12.084799272289512,-9.870110088176215,-0.1368746301442911,19.02341461181641,15.0,180.0
11.89230862283462,-9.84833911273401,-0.3519888849582093,18.92335891723633,15.0,180.0
11.85163086736253,-9.84957286215548,-0.4849231113560064,18.82324600219727,15.0,180.0
11.721259016871006,-9.67274830879916,-0.4403976363700739,18.72334098815918,15.0,180.0
11.43397659249574,-9.261812475519518,-0.3344108636380616,18.62343978881836,15.0,180.0
11.069709099179873,-8.730626726752105,-0.1749094094766992,18.52350425720215,15.0,180.0
10.782099866950304,-8.170739376528637,0.1628741547400185,18.42342567443848,15.0,180.0
10.651035735398969,-7.609689852653575,0.567048456037714,18.42342567443848,15.0,180.0
10.660146142253364,-7.166567185237123,0.8814893723561719,18.32332229614258,15.0,180.0
10.695152448683984,-6.911236924823625,1.1447330527360364,18.22339248657227,15.0,180.0
10.644384495088868,-6.779717209394011,1.3137622855144375,18.12342262268066,15.0,180.0
10.397705881509792,-6.801992158797881,1.4124502754141623,18.02347755432129,15.0,180.0
9.988189933588291,-7.145777041258581,1.5085042564498474,17.92338752746582,15.0,180.0
9.463044098663602,-7.695456200078621,1.5165840687100225,17.8233699798584,15.0,180.0
8.705032436105895,-8.09135213253527,1.418869108108085,17.8233699798584,15.0,180.0
7.878998705110369,-8.284212551445897,1.3141885489616731,17.72334289550781,15.0,180.0
7.336448678285116,-8.55061484190831,1.2497416908477756,17.62329292297363,15.0,180.0
7.050053733454789,-8.889357783886272,1.1749301295622656,17.52345275878906,15.0,180.0
6.794233064847621,-8.960227785676796,1.063573603031748,17.42346382141113,15.0,180.0
6.427970434896864,-8.721932055040778,0.9621972978521818,17.32340431213379,15.0,180.0
5.839853302418263,-8.438120296319713,0.994723194479084,17.22347068786621,15.0,180.0
5.048878473533421,-8.215069002509871,1.2476477669992168,17.12341499328613,15.0,180.0
4.226738631769134,-8.144808382226215,1.5241280234392054,17.12341499328613,15.0,180.0
3.633651551491674,-8.26347503698615,1.7060865860635248,17.02350234985352,15.0,180.0
3.3084799211940457,-8.361432619453751,1.8186961353670457,16.92344284057617,15.0,180.0
3.021723025255227,-8.338994229050634,1.7018911749946053,16.82331466674805,15.0,180.0
2.6801633960849074,-8.247297712162347,1.427108712680897,16.72336387634277,15.0,180.0
2.266540258285968,-8.150866088552844,1.2790279903993893,16.62336730957031,15.0,180.0
1.8276237145138337,-8.052630250044281,1.275004418009506,16.52346801757812,15.0,180.0
1.5400434384258332,-7.934966235096,1.319601062815999,16.42342376708984,15.0,180.0
1.3308673096817571,-7.869957881795741,1.3477468085607844,16.42342376708984,15.0,180.0
0.982287176557481,-7.904440203285736,1.4454928333726498,16.32326698303223,15.0,180.0
0.5068881981003166,-7.87119880745173,1.7313716152258234,16.22341728210449,15.0,180.0
-0.0649760696347421,-7.698042739934052,2.011858979554669,16.12333488464355,15.0,180.0
-0.6515665972905715,-7.583862921240276,2.3220588315195574,16.02334403991699,15.0,180.0
-1.1420729579325553,-7.580713686272768,2.90377917616729,15.92338562011719,15.0,180.0
-1.5891483124343253,-7.578690797535498,3.5423980177704344,15.82330322265625,15.0,180.0
-1.9901390672091568,-7.468001667250458,4.0035663490179685,15.82330322265625,15.0,180.0
-2.347929763676831,-7.2501196912771535,4.340604108888523,15.7233190536499,15.0,180.0
-2.722160982087932,-7.037932845488663,4.568850075098906,15.62330722808838,15.0,180.0
-3.1333887522012454,-6.832861806606175,4.616281301643562,15.52335643768311,15.0,180.0
-3.575342632545258,-6.698155554825654,4.519959288871932,15.42339420318604,15.0,180.0
-3.9837370452523047,-6.775454497653403,4.327912735816342,15.32337951660156,15.0,180.0
-4.443683010245822,-6.9120263520380805,4.027589767633225,15.22332096099854,15.0,180.0
-5.106601256537699,-7.022226410324859,3.748300913570543,15.12337303161621,15.0,180.0
-5.828629570772367,-7.201086764399256,3.6978673517244,15.12337303161621,15.0,180.0
-6.420937597252168,-7.367223284900525,3.8525499549606783,15.02340602874756,15.0,180.0
-6.854765592116584,-7.46852330822239,3.8273377295031175,14.92349433898926,15.0,180.0
-7.187226310912822,-7.609301449785029,3.448251359955597,14.82349491119385,15.0,180.0
-7.536507513885944,-7.836738587512104,3.142217367320272,14.72348690032959,15.0,180.0
-7.930822349538497,-8.003043250176606,3.2162096898676307,14.62349224090576,15.0,180.0
-8.423293829500421,-8.005184896292668,3.5826402702898994,14.5235071182251,15.0,180.0
-9.036198754737727,-7.835617473753073,4.132480784715493,14.5235071182251,15.0,180.0
-9.651174126529869,-7.530591375284327,4.673341650464515,14.42337989807129,15.0,180.0
-10.180619711363963,-7.163623321475555,5.241098939706165,14.32331371307373,15.0,180.0
-10.630162814319828,-6.720498837721391,5.899803183190588,14.22332096099854,15.0,180.0
-11.038112992722583,-6.169137050565243,6.442574816265344,14.12334632873535,15.0,180.0
-11.387655982078194,-5.517468535149096,6.930942140178099,14.02335071563721,15.0,180.0
-11.686641577914632,-4.95683113491181,7.471873167132817,13.92335033416748,15.0,180.0
-11.82577906393771,-4.718296604556355,7.948462197327158,13.82332515716553,15.0,180.0
-11.781510937997831,-4.820964034746558,8.390095216639978,13.82332515716553,15.0,180.0
-11.77660434866312,-5.053514890429163,8.797167868832808,13.72340488433838,15.0,180.0
-11.90538185248445,-5.115871775767098,9.013807372787191,13.62334728240967,15.0,180.0
-12.153417757523222,-4.955615846231641,9.017718031638484,13.52339363098145,15.0,180.0
-12.47756692518735,-4.711774049228144,8.867005869291955,13.42336750030518,15.0,180.0
-12.893283076619454,-4.504758354455651,8.70603768757339,13.32340145111084,15.0,180.0
-13.506733257288396,-4.377209422287415,8.601753164007796,13.2233247756958,15.0,180.0
-14.331979816035537,-4.155700272464393,8.346706098780247,13.2233247756958,15.0,180.0
-15.198182991035251,-3.830480733007793,7.921954714676572,13.12336349487305,15.0,180.0
-15.887702052784633,-3.717461215555226,7.724323905134825,13.02344989776611,15.0,180.0
-16.25929188248675,-3.7261600931101846,7.817047988616713,12.92338180541992,15.0,180.0
-16.21858235428089,-3.6154012707749663,7.961610495951586,12.82340145111084,15.0,180.0
-16.049774409372326,-3.478266912478217,8.128428629218263,12.72335052490234,15.0,180.0
-16.21257864696995,-3.313509853008509,8.213770972637871,12.62332153320312,15.0,180.0
-16.69850696057358,-3.1680238850381137,8.207542815956266,12.52333736419678,15.0,180.0
-17.406877487928828,-3.111015998269512,8.31958610855521,12.52333736419678,15.0,180.0
-18.28744377885056,-2.9965345276476416,8.61888505236262,12.42340850830078,15.0,180.0
-18.96865261777094,-2.693202590120604,8.964131301899249,12.32335567474365,15.0,180.0
-19.3694997445324,-2.2135668764053475,9.16772022492593,12.22341346740723,15.0,180.0
-19.851782214291333,-1.78666086437089,9.333323926335556,12.12343406677246,15.0,180.0
-20.37299372801957,-1.5347946913467323,9.662636277207053,12.02342796325684,15.0,180.0
-20.772323165491983,-1.363663122661988,10.144684007417531,11.92346954345703,15.0,180.0
-21.18477362103607,-1.3016873991559557,10.682038009191793,11.82339572906494,15.0,180.0
-21.67536795570633,-1.449407602440032,10.92820761795424,11.82339572906494,15.0,180.0
-22.19477805654753,-1.77318015067741,10.81290107000715,11.72344017028809,15.0,180.0
-22.56416533589394,-2.1247025625575136,10.738646229956691,11.62338256835938,15.0,180.0
-22.78308133809441,-2.3661091061081407,10.704690454499804,11.52343940734863,15.0,180.0
-23.172018434984142,-2.52158239180186,10.434242584272814,11.42351150512695,15.0,180.0
-23.74267337450422,-2.5582586536241703,9.983152339834792,11.32334041595459,15.0,180.0
-24.300980902900328,-2.339625853178348,9.643687644567606,11.22341346740723,15.0,180.0
-24.855333285995368,-2.113391014472797,9.515660945554698,11.22341346740723,15.0,180.0
-25.3526052333846,-2.146864882738103,9.46556663402156,11.12334632873535,15.0,180.0
-25.83576379363296,-2.2701080851414828,9.444145632945036,11.02340126037598,15.0,180.0
-26.529684197559487,-2.322232497740869,9.405027704970776,10.92344856262207,15.0,180.0
-27.42585133103102,-2.20902259573198,9.350982911055294,10.82330703735352,15.0,180.0
-28.33242809248373,-1.8832498903655663,9.461518801473844,10.72338771820068,15.0,180.0
-29.160474354514445,-1.4392186587258289,9.703563711511858,10.62331199645996,15.0,180.0
-29.91497855210955,-0.987318159440596,9.853595560821809,10.52342224121094,15.0,180.0
-30.56294989634296,-0.6167729383280101,9.984374644405063,10.52342224121094,15.0,180.0
-31.09120416749375,-0.3944543745837023,10.09032670534177,10.42346286773682,15.0,180.0
-31.484663275626467,-0.4225508240998046,9.908735816456048,10.32326507568359,15.0,180.0
-31.765576460388413,-0.5000207783265544,9.606233720601438,10.22332000732422,15.0,180.0
-32.036505385973534,-0.4231620735656936,9.439111986587156,10.12322521209717,15.0,180.0
-32.33788432645224,-0.3419326640336182,9.448138520472783,10.02336502075195,15.0,180.0
-32.65209724334336,-0.2785318162683623,9.539059114734734,9.923514366149902,15.0,180.0
-32.871145127313405,-0.198390215892461,9.600411289765852,9.923514366149902,15.0,180.0
-32.98946453895656,-0.1416411611119983,9.82331152102486,9.823506355285645,15.0,180.0
-33.164479144980746,-0.1176740169447017,10.109600494905038,9.723470687866213,15.0,180.0
-33.5389501787664,-0.1468227128938846,10.087408836814069,9.623417854309082,15.0,180.0
-34.122960991099546,-0.0892638024787491,9.863030754729142,9.523390769958496,15.0,180.0
-34.66252311932917,0.1424566906709587,9.827933522491607,9.423379898071287,15.0,180.0
-35.15379323439962,0.3426985700765108,10.087104964500137,9.323267936706545,15.0,180.0
-35.80194374917059,0.5190878615501315,10.546030517450257,9.223374366760254,15.0,180.0
-36.38998356363064,0.7710605740651761,11.053944328641576,9.223374366760254,15.0,180.0
-36.68466586356068,0.9357600836899208,11.337699681628877,9.12332534790039,15.0,180.0
-36.86112766547275,1.017228125319008,11.17793499721196,9.023344039916992,15.0,180.0
-37.19461575931911,1.1460705780470652,10.76890826849328,8.923408508300781,15.0,180.0
-37.69100913766992,1.1571998489876822,10.636230604310564,8.823354721069336,15.0,180.0
-38.3726037304744,0.9755128648217796,10.875031425513583,8.723377227783203,15.0,180.0
-39.33128761106136,0.7432750685887477,11.108623625026611,8.623373031616211,15.0,180.0
-40.20816393943426,0.528902772110416,11.138037140626366,8.523398399353027,15.0,180.0
-40.69718949131396,0.4331698345059616,11.151128121345495,8.523398399353027,15.0,180.0
-41.013400928392336,0.4644122029402231,11.23224973193638,8.423430442810059,15.0,180.0
-41.435882491356246,0.5953883437390504,11.192512798816296,8.323456764221191,15.0,180.0
-42.07108591836582,0.8165522244319696,11.161865105613138,8.223433494567871,15.0,180.0
-42.74133913344932,1.0816172133467914,11.373022390664708,8.12326431274414,15.0,180.0
-43.16045386820928,1.476041057341635,11.624735388958566,8.02344036102295,15.0,180.0
-43.44469575433973,1.9073481916626875,11.796232059220529,7.923365592956543,15.0,180.0
-43.778203143870826,2.190020186247847,11.987821039692273,7.923365592956543,15.0,180.0
-44.0445081192818,2.43929896830653,12.07266180385487,7.823319435119629,15.0,180.0
-44.37499109810599,2.698307093568814,11.989537660284087,7.723391532897949,15.0,180.0
-44.84638006265751,2.8074389624551506,11.889464450144583,7.623305797576904,15.0,180.0
-45.19310981260364,2.673459113681297,12.023600222502203,7.523390293121338,15.0,180.0
-45.37129875873696,2.361955191529602,12.361153342333044,7.423429012298584,15.0,180.0
-45.50339693633784,2.0759415088120585,12.408032604260177,7.323371410369873,15.0,180.0
-45.84979136016763,2.033733846064745,12.048251048816455,7.223458290100098,15.0,180.0
-46.56005524590619,2.2796155041523765,11.710475541764154,7.223458290100098,15.0,180.0
-47.38246709989183,2.62718999859311,11.647343835847966,7.123323917388916,15.0,180.0
-48.17845622147675,2.913046140061116,11.680839808436826,7.023437976837158,15.0,180.0
-48.888259008992186,3.092320276612835,11.64268772806047,6.923403739929199,15.0,180.0
-49.42303826751765,3.2112552275609803,11.58655650128284,6.823361396789551,15.0,180.0
-50.08371325245993,3.310008790714816,11.640689890626703,6.723409652709961,15.0,180.0
-51.0107329375344,3.375775834356584,11.944447131077116,6.623439311981201,15.0,180.0
-51.87230413325651,3.4739076601275976,12.535037189262743,6.623439311981201,15.0,180.0
-52.52354442930852,3.723945326637038,13.223952747328894,6.523445606231689,15.0,180.0
-53.1752106400986,4.179262838473389,13.781670705255957,6.423414707183838,15.0,180.0
-53.96679119042847,4.771336417638772,14.220071168117972,6.323334693908691,15.0,180.0
-54.77686253073601,5.272278579260433,14.640853784108248,6.223349571228027,15.0,180.0
-55.422192979593696,5.424640630945841,15.04208382345164,6.123374462127686,15.0,180.0
-55.93719035349828,5.251572148412703,15.292533412217317,6.023439407348633,15.0,180.0
-56.37620905141022,4.875817473708564,15.373084939536271,5.923314094543457,15.0,180.0
-56.63314660826431,4.562648839852823,15.425730436383024,5.923314094543457,15.0,180.0
-56.90182095651111,4.746614905232392,15.436862719230357,5.823368072509766,15.0,180.0
-57.36703369108322,5.362378033718068,15.363221176011944,5.72329044342041,15.0,180.0
-57.93546589552248,5.950165719199087,15.203920345202652,5.6233229637146,15.0,180.0
-58.5216457585188,6.271462663236348,15.05128779594434,5.523487567901611,15.0,180.0
-59.03932997187579,6.284960193436368,15.023783200180148,5.423308849334717,15.0,180.0
-59.40808547471413,6.172947154140406,15.048770967479305,5.323345184326172,15.0,180.0
-59.55536437047225,6.318949084882479,15.084368277687176,5.323345184326172,15.0,180.0
-59.50849647921781,6.745460309560822,15.166149011652449,5.223301887512207,15.0,180.0
-59.42800136073832,7.106026661029825,15.461657942023518,5.123397350311279,15.0,180.0
-59.47099270485384,7.230880505487161,15.905351313701107,5.023478984832764,15.0,180.0
-59.613497586256415,7.323716328170333,16.06466987012282,4.923361301422119,15.0,180.0
-59.79063517834719,7.584998276293088,15.885792858184864,4.823468208312988,15.0,180.0
-60.09378311297169,7.875683699255867,15.611820311325031,4.723424911499023,15.0,180.0
-60.52515567029002,8.090249176397235,15.50172294821475,4.623425960540771,15.0,180.0
-61.0489541223678,8.20716267828263,15.754600982949874,4.623425960540771,15.0,180.0
-61.82456812648201,8.113560056950046,16.198733759043876,4.5234375,15.0,180.0
-62.80249852163726,7.960539932939813,16.554363721313205,4.423335075378418,15.0,180.0
-63.7346440810706,7.974691001250299,16.83836799323053,4.323458671569824,15.0,180.0
-64.52105241059952,8.012410153325867,17.060397197227434,4.223462581634521,15.0,180.0
-65.10053318565772,7.92228328948735,17.09653062771746,4.123353004455566,15.0,180.0
-65.46231239251179,7.815009649747925,17.05873437919979,4.023323059082031,15.0,180.0
-65.58383321995056,7.697703194632068,17.12790630629468,3.923325300216675,15.0,180.0
-65.53033576774762,7.474609960927554,17.31748094311738,3.923325300216675,15.0,180.0
-65.57347515197146,7.202274003180015,17.500247715447834,3.823363304138184,15.0,180.0
-65.86222354676987,7.074868150574803,17.548305189767404,3.723311185836792,15.0,180.0
-66.19344132089881,7.16876669516589,17.472945661972837,3.623431444168091,15.0,180.0
-66.50066505908512,7.338206822261976,17.298475926659062,3.523435354232788,15.0,180.0
-66.94926000326191,7.495968197395582,17.191986110594858,3.423330307006836,15.0,180.0
-67.46419379859388,7.726803305496429,17.174635193477794,3.323475360870361,15.0,180.0
-68.07896059510692,8.071903893743748,17.047393858837538,3.323475360870361,15.0,180.0
-69.09173970138559,8.421014717120098,16.931174198233734,3.223314523696899,15.0,180.0
-70.33155482710902,8.918918579421643,16.947995334737136,3.123433351516724,15.0,180.0
-71.26325876684325,9.664286957104506,17.055042107910925,3.023454189300537,15.0,180.0
-71.89100243966416,10.261284990717815,17.320447152041783,2.923375368118286,15.0,180.0
-72.39197775497756,10.54356490516315,17.751915938571695,2.823365211486816,15.0,180.0
-72.66575466482077,10.659346651958645,18.27204010862324,2.723383665084839,15.0,180.0
-72.75194230763529,10.658575409948584,18.68502840224996,2.623487949371338,15.0,180.0
-72.84436831265542,10.579441157647148,18.809745564219646,2.623487949371338,15.0,180.0
-73.1171000228542,10.452229518658186,18.86886482934259,2.523346185684204,15.0,180.0
-73.60958578437648,10.292190170699694,18.976585872977367,2.423213958740234,15.0,180.0
-74.18989089188456,10.11125999186816,19.048295704930204,2.323309421539307,15.0,180.0
-74.83677141682296,9.909081314269642,19.199453950581507,2.223369836807251,15.0,180.0
-75.61716109314108,9.764634767670676,19.349817911346666,2.123523235321045,15.0,180.0
-76.4179137555,9.77290525290276,19.34266920546525,2.023445844650269,15.0,180.0
-77.14828818300676,10.044274249185175,19.28550122305701,2.023445844650269,15.0,180.0
-77.78172524897894,10.654537434039852,19.280758804849054,1.923375010490417,15.0,180.0
-78.36335510390963,11.367355372119,19.20699601456592,1.823359489440918,15.0,180.0
-78.96362051866103,11.824316341837632,19.01219314629823,1.723477005958557,15.0,180.0
-79.40018773998128,12.109736418402486,18.88675640334701,1.62351381778717,15.0,180.0
-79.60660722064706,12.473969260627625,18.84983661055139,1.523390054702759,15.0,180.0
-79.69691114473439,12.849378719294087,18.75126029885999,1.423402190208435,15.0,180.0
-79.73266138655454,13.057412739823688,18.689267876112424,1.323423027992249,15.0,180.0
-79.87175302159017,13.075791181016632,18.84217460648182,1.323423027992249,15.0,180.0
-80.25192491719459,13.158484318656315,19.1807879772822,1.223360776901245,15.0,180.0
-80.8620524383926,13.33167934091874,19.669172648639893,1.123448133468628,15.0,180.0
-81.6734361904083,13.376050025814816,20.26102686637236,1.023368358612061,15.0,180.0
-82.56560998694682,13.313912634493551,20.92047712365914,0.9233941435813904,15.0,180.0
-83.38549157088484,13.238323839694225,21.56753359852065,0.8233268857002258,15.0,180.0
-84.21713852134893,13.078013709825132,22.044560726157563,0.7233358025550842,15.0,180.0
-85.02354844965515,12.83464960235051,22.431408471777097,0.6234667301177979,15.0,180.0
-85.5716296879427,12.807083773026342,22.7224373455484,0.6234667301177979,15.0,180.0
-85.82630013510594,12.959434984133866,22.825949652545763,0.5234065651893616,15.0,180.0
-85.90620793512129,12.927655894834247,22.80957891082924,0.4232456386089325,15.0,180.0
-85.99384087783639,12.716175604455197,22.65247384794312,0.323179304599762,15.0,180.0
-86.20114589984887,12.586306542823708,22.37051375451612,0.2234510183334351,15.0,180.0
-86.61137339826266,12.848328808933289,22.145227560229515,0.131844624876976,15.0,180.0
-87.21617363753246,13.434432648557731,22.087462448937867,0.0654343292117118,15.0,180.0
-87.68048983721911,13.881695435238376,22.19763392588796,0.0654343292117118,15.0,180.0
-87.82822981910999,14.03912497926539,22.51854916737532,0.0294815432280302,15.0,180.0
-87.85877469637609,14.042248850633438,22.8850876782024,0.0145098315551877,15.0,180.0
-88.11244748525785,13.980475522446854,23.03486932845712,0.0071739135310053,15.0,180.0
-88.6668557454588,14.018149498094266,22.93828746547916,0.003868710482493,15.0,180.0
-89.32434613179807,14.37038111058054,22.719132802021942,0.0021013005170971,15.0,180.0
-90.13190183946227,14.93769062146483,22.59068502456084,0.0010784472106024,15.0,180.0
-91.01920448571444,15.47931492507015,22.62258294573102,0.0005580902798101,15.0,180.0
-91.79154342676368,15.89449319278278,22.79877363735673,0.0005580902798101,15.0,180.0
-92.55834097985334,16.059525188310147,23.16867518065564,0.0002886508009396,15.0,180.0
-93.26547053605351,15.896781416198944,23.69937820237513,0.000125148857478,15.0,180.0
-93.78146743027666,15.743736273968771,24.27232739980532,3.262936661485583e-05,15.0,180.0
-94.31206069063474,15.979579791771624,24.82414844817984,-1.28539923025528e-05,15.0,180.0
-95.01350020382694,16.5134397115636,25.4166482926615,-3.505950735416263e-05,15.0,180.0
-95.7944178558176,17.029854151228996,25.886557222884488,-4.528142744675279e-05,15.0,180.0
-96.4899520742911,17.29308137454472,25.930919889692404,-4.528142744675279e-05,15.0,180.0
-97.05901800506228,17.55111692313841,25.7385999084108,-5.185464760870673e-05,15.0,180.0
-97.49868115506304,17.969945018697835,25.60190653827157,-4.935487231705338e-05,15.0,180.0
-97.82349049306389,18.151189306438013,25.48772510566627,-4.955680560669862e-05,15.0,180.0
-98.22991223479072,18.05955867327026,25.41613155143144,-4.983533290214837e-05,15.0,180.0
-98.89206077672776,17.876692651763868,25.33509893065944,-5.092854917165823e-05,15.0,180.0
-99.79591750445148,17.479649121934557,25.26803278806076,-4.537194763543084e-05,15.0,180.0
-100.75828793111494,17.009077086105556,25.51983983530632,-4.736340997624211e-05,15.0,180.0
-101.4185146790618,16.781544667901652,25.96922929004844,-4.736340997624211e-05,15.0,180.0
-101.58915704804984,16.73070514293699,26.158336878988667,-4.938272832077928e-05,15.0,180.0
-101.634322205891,16.757097018225846,25.985000091340304,-4.46965204901062e-05,15.0,180.0
-101.92581003374006,17.05423411643403,25.616065965442363,-3.888228093273938e-05,15.0,180.0
-102.3305899772654,17.557734291329318,25.17318852467272,-3.205838584108278e-05,15.0,180.0
-102.58443328996492,17.90827116060779,24.719632150112343,-3.30053771904204e-05,15.0,180.0
-102.74398488254536,18.04683830082156,24.3685051804554,-2.912689524237067e-05,15.0,180.0
-103.0193226904966,18.10694501746462,24.29416518426583,-2.912689524237067e-05,15.0,180.0
-103.46920688091572,18.10214484204212,24.520628049199924,-2.861162283807062e-05,15.0,180.0
-103.9458922253961,17.957958460113446,24.89852604396555,-2.752536965999752e-05,15.0,180.0
-104.26356798091498,17.830297405642582,25.242827865000635,-2.460084215272218e-05,15.0,180.0
-104.49537004845207,18.10081441028271,25.390571827948406,-2.285308983118739e-05,15.0,180.0
-104.8177886047464,18.794075795563497,25.38814229884461,-2.003301051445305e-05,15.0,180.0
-105.26364308060376,19.56985309351978,25.343165336081835,-2.077806857414544e-05,15.0,180.0
-105.85780197048092,20.116604327051675,25.25711603738086,-2.095214586006477e-05,15.0,180.0
-106.6400611654827,20.445993548673503,25.254639448047925,-2.095214586006477e-05,15.0,180.0
-107.42470627748038,20.75147082509519,25.468801166319395,-1.675336170592345e-05,15.0,180.0
-108.05679271921647,20.99999045577212,25.927187004850964,-1.749145667417906e-05,15.0,180.0
-108.67152842343204,21.234241643795173,26.631075240958204,-1.378705565002747e-05,15.0,180.0
-109.36160263551449,21.536211235691617,27.275466091033053,-1.639127731323242e-05,15.0,180.0
-110.05412139780496,21.719702411919364,27.574817230147136,-1.382883419864811e-05,15.0,180.0
-110.67640948733876,21.708791393808312,27.667132017565468,-1.355030872218776e-05,15.0,180.0
-111.29127812124804,21.59128427997816,27.79684839146195,-1.116890780394897e-05,15.0,180.0
-112.01168943724542,21.495160302622644,28.21216861592075,-1.116890780394897e-05,15.0,180.0
-112.82880902710232,21.51999307136327,28.83359643322364,-9.720570233184844e-06,15.0,180.0
-113.6696811636694,21.54328241103558,29.271384612165928,-1.177470221591648e-05,15.0,180.0
-114.52228276111812,21.493294200115443,29.42282437421803,-1.040992356138304e-05,15.0,180.0
-115.4394035412337,21.45386685334345,29.436425180689447,-8.132969924190547e-06,15.0,180.0
-116.3606310859998,21.275633351662307,29.54864447440708,-8.474165042571258e-06,15.0,180.0
-117.17501063099422,20.88689372456858,29.853094877094943,-8.411496310145594e-06,15.0,180.0
-117.73022768615678,20.62250446982582,30.131738477498786,-8.411496310145594e-06,15.0,180.0
-117.9700308000016,20.66688865182908,30.31670902379725,-6.907454007887281e-06,15.0,180.0
-118.15263880670706,20.84855262680798,30.508932205689803,-9.414191481482703e-06,15.0,180.0
-118.44898995609816,20.989469106399056,30.657275891393056,-5.619269359158352e-06,15.0,180.0
-118.85812394905837,21.101019935409177,30.782566382538207,-6.322548870230094e-06,15.0,180.0
-119.29875389436648,21.31384572768593,30.928761228152148,-8.077264283201657e-06,15.0,180.0
-119.662182304179,21.73823740498751,31.11645445883072,-6.977085831749719e-06,15.0,180.0
-120.07634717678188,22.28173405413755,31.395880272446146,-4.567832547763828e-06,15.0,180.0
-120.69464295182144,22.823137348581245,31.622806140619417,-4.567832547763828e-06,15.0,180.0
-121.31415602905224,23.50585338405561,31.72408850956809,-8.293122846225742e-06,15.0,180.0
-121.64039605528636,24.27363756758904,31.6902973912848,-6.517517249449156e-06,15.0,180.0
-121.80761432723708,24.82418136465105,31.60022904817147,-2.276952955071465e-06,15.0,180.0
-122.07659248803192,25.098086038898607,31.603387764609817,-5.480006620928179e-06,15.0,180.0
-122.3312958017114,25.22194595903808,31.553107377889823,-2.91060064228077e-06,15.0,180.0
-122.59681516601488,25.29703409334159,31.526497386244287,-3.899369403370656e-06,15.0,180.0
-123.09282420728576,25.32803029496503,31.755827495572497,-3.899369403370656e-06,15.0,180.0
-123.65478944317093,25.37627460879644,32.168140404140914,-4.045595233037602e-06,15.0,180.0
-124.104425910312,25.504839845555985,32.55614018464106,-4.351974439487094e-06,15.0,180.0
-124.57802444277404,25.65248086870193,32.78646187561892,-5.264148512651445e-06,15.0,180.0
-125.22444599178314,25.719127837404184,32.93900510915751,-3.725290298461914e-06,15.0,180.0
-126.10809201752534,25.698391743555337,33.03489134254772,-3.293574309282121e-06,15.0,180.0
-127.17465645993522,25.66673473692633,33.03859357889593,-4.358937985671218e-06,15.0,180.0
-128.22527876311094,25.546729807941123,32.956208308417146,-3.19609011967259e-06,15.0,180.0
-129.09001487004602,25.41500183199116,32.75967952151427,-3.19609011967259e-06,15.0,180.0
-129.5597736845819,25.418285123638945,32.40943330526793,-3.697437477967469e-06,15.0,180.0
-129.63005453628136,25.411358385806206,31.92677821955212,-2.019316070800414e-06,15.0,180.0
-129.79587068769294,25.360004073463926,31.548835449519927,-4.74191165267257e-06,15.0,180.0
-130.3275708249847,25.286630960215646,31.472349483690323,-2.889711140596773e-06,15.0,180.0
-130.98235102840496,25.24197742821441,31.72074528984928,-2.095910986099625e-06,15.0,180.0
-131.47885779710063,25.36115478272441,32.19741751177313,-3.815811396634672e-06,15.0,180.0
-131.88642050374716,25.520781044018094,32.65052573646085,-1.712937091724598e-06,15.0,180.0
-132.41814800775484,25.591360987648905,32.85130890114202,-1.712937091724598e-06,15.0,180.0
-133.02462912710047,25.617751747644924,32.77472688761219,-3.432837502259645e-06,15.0,180.0
-133.7148839145409,25.660719052071784,32.54600843201247,-2.081984575852402e-06,15.0,180.0
-134.39430616377854,25.82343532126849,32.35142415660145,2.367476099607302e-07,15.0,180.0
-134.8653091488539,26.08873064011329,32.431605451766394,-5.431264071376063e-06,15.0,180.0
-135.1944483171725,26.286805119287003,32.77478188275283,-9.33063347474672e-07,15.0,180.0
-135.5256090618233,26.36329925708916,33.11559431024003,-4.560869456327055e-06,15.0,180.0
-136.05377344940243,26.322885461546075,33.23936405004627,-4.560869456327055e-06,15.0,180.0
-136.85115778722178,26.27048088500305,33.03683661242414,-2.144653080904391e-06,15.0,180.0
-137.55874603743507,26.28941606251328,32.747800842158604,5.292001787893241e-07,15.0,180.0
-137.86954550943946,26.3072414608394,32.7051685161272,-4.017742867290508e-06,15.0,180.0
-138.07820086827192,26.353243262386258,32.80834461012084,-2.430142558296211e-06,15.0,180.0
-138.45883676351554,26.571581830436337,32.996891805986955,-3.683511295093922e-06,15.0,180.0
-138.7834273793163,27.05249022639139,33.346290625741254,-2.729558445935254e-06,15.0,180.0
-138.93030021125986,27.5459952608694,33.74452393166232,-3.321426902402891e-06,15.0,180.0
-139.10613214000728,27.874685050668923,34.16088101349078,-3.321426902402891e-06,15.0,180.0
-139.3778888324788,28.15008462949005,34.617397233061936,-3.279647899034899e-06,15.0,180.0
-139.75087511228415,28.3764842028655,35.165612257531976,-2.081984575852402e-06,15.0,180.0
-140.2813095180799,28.51248425168534,35.866303317162895,-2.785263859550469e-07,15.0,180.0
-140.82735721455262,28.477006428146872,36.43912345059028,-2.569405751273734e-06,15.0,180.0
-141.29964925454712,28.161488932025343,36.61628643892841,-3.321426902402891e-06,15.0,180.0
-141.67264187762734,27.744873542179413,36.67576333219658,-2.04020557248441e-06,15.0,180.0
-141.8496301331353,27.609794805601915,36.858185562981575,-2.04020557248441e-06,15.0,180.0
-141.88726151784942,27.83114950762732,36.93276442795919,-3.718326979651465e-06,15.0,180.0
-142.00124792019722,28.285503134630574,36.86153618289855,-1.59456340043107e-06,15.0,180.0
-142.32329552677115,28.92383544956114,36.97377900156376,-3.321426902402891e-06,15.0,180.0
-142.74123294806117,29.481405456429577,37.18438106685582,-2.639037347762496e-06,15.0,180.0
-143.1423361857888,29.64457952073667,37.18896696815845,-2.632074256325723e-06,15.0,180.0
-143.4732601286276,29.52847777915932,37.095259180067046,9.121740731643512e-07,15.0,180.0
-143.6124343033498,29.403390095195192,37.00105939965306,-3.425874410822871e-06,15.0,180.0
-143.53095665987183,29.304427877881324,36.95318315271986,-3.425874410822871e-06,15.0,180.0
-143.3711626625165,29.167475114115685,37.18135256763372,-1.984500386242871e-06,15.0,180.0
-143.30819611549015,29.02643190882643,37.739406575175536,-2.221247768829926e-06,15.0,180.0
-143.3741464849556,28.90459307901034,38.38341177606834,-8.912843441066798e-07,15.0,180.0
-143.49184090926056,28.827182526435493,38.85262841449554,-1.476189709137543e-06,15.0,180.0
-143.55873140285084,28.874823839441973,39.09785453300786,-5.709789547836408e-07,15.0,180.0
-143.43655451106483,29.008332179451465,39.22553748121111,-3.969000772485742e-07,15.0,180.0
-143.25313795222175,29.0851339664062,39.17748090807915,-3.969000772485742e-07,15.0,180.0
-143.2625085805359,29.048599175931475,38.92868514732332,-4.428569354786305e-06,15.0,180.0
-143.56494408012892,28.993629096902684,38.63760785322022,-4.317157618061174e-07,15.0,180.0
-144.06615720860083,29.07437131767152,38.28018837521094,-1.197663323182496e-06,15.0,180.0
-144.47797379724057,29.356796178383213,37.82566671304452,-2.48584774453775e-06,15.0,180.0
-144.72724834835816,29.70312364808124,37.25894552910238,-2.123763579220395e-06,15.0,180.0
-144.90774666672905,29.99219522400801,36.70638580501658,-1.350852926407242e-06,15.0,180.0
-145.1368191319723,30.28040925333752,36.52493917756786,-1.67115786098293e-07,15.0,180.0
-145.48575011789563,30.60369914224612,36.7270151597066,-1.67115786098293e-07,15.0,180.0
-145.7424955164159,31.042269164133227,37.13451392441071,-9.052105269802268e-07,15.0,180.0
-145.828274865958,31.5147876756603,37.742821344678745,-2.78525931207696e-08,15.0,180.0
-145.94240898152768,31.74981515864806,38.49117147262944,1.044475084199803e-07,15.0,180.0
-146.00184876768728,31.777890678682333,39.15466482441301,-3.293574309282121e-06,15.0,180.0
-145.84669503693095,31.85312776555729,39.67808071571483,-2.771337449303246e-06,15.0,180.0
-145.69260497588743,32.22420193943344,40.09391825631428,-2.04020557248441e-06,15.0,180.0
-145.78586229299324,32.77237930962612,40.474746083861255,-1.302110604228801e-06,15.0,180.0
-146.11246270412522,33.11158379800749,40.88959249251069,-1.302110604228801e-06,15.0,180.0
-146.48837066485254,33.201334904310485,41.0034885618014,-3.008084831890301e-06,15.0,180.0
-146.7446708462036,33.169513516153515,40.603890428049866,-2.743484628808801e-06,15.0,180.0
-146.9549859453,33.090991745847845,39.96120121950102,-1.62241599355184e-06,15.0,180.0
-147.1882645554736,32.995182587028154,39.4486197971326,-1.657231905483059e-06,15.0,180.0
-147.36295203183005,32.91993290800897,39.09596413482784,-1.086252723325742e-06,15.0,180.0
-147.54432983346936,32.86441257819082,38.74545955063428,2.381400690865121e-06,15.0,180.0
-147.79831662657463,32.68717648985768,38.44324692460141,2.381400690865121e-06,15.0,180.0
-148.03514820869273,32.45857755877796,38.26579034257195,-2.075021484415629e-06,15.0,180.0
-148.24477646864403,32.42711901265323,38.276660200386765,-1.100179133572965e-06,15.0,180.0
-148.48567070677387,32.647280264904786,38.43108900913191,-1.831310783018125e-06,15.0,180.0
-148.65644839891982,32.91371229106618,38.49506659201639,-1.455300207453547e-06,15.0,180.0
-148.71991720953054,33.025723443419125,38.40369747674461,-5.988315479044104e-07,15.0,180.0
-148.91321871250312,33.16427459661601,38.45836579839997,-3.216979621356586e-06,15.0,180.0
-149.3235814047587,33.56392152080359,38.6696085954202,-2.924525688285939e-07,15.0,180.0
-149.7239639520568,34.08830713941356,38.70725114061844,-2.924525688285939e-07,15.0,180.0
-149.90665163912016,34.41757423588528,38.52916697353564,-2.980232238769531e-06,15.0,180.0
-149.9576890258469,34.39552010132704,38.24971224978302,9.121740731643512e-07,15.0,180.0
-150.06184752721555,34.243018076502935,37.97301175468192,2.0889501683996066e-08,15.0,180.0
-150.17495203360204,34.03282226272396,37.777994711434445,-2.93148991659109e-06,15.0,180.0
-150.27406226483856,33.645976495770824,37.70089002130954,-1.274258011108031e-06,15.0,180.0
-150.42645758752494,33.36839897752831,37.68795226927176,-1.963610884558875e-06,15.0,180.0
-150.5621561605608,33.334050448274766,37.59004238269349,-1.963610884558875e-06,15.0,180.0
-150.57889807430223,33.362743389990186,37.453152233318434,1.74079104908742e-07,15.0,180.0
-150.46424462818328,33.49453255536049,37.573969348801896,-2.666889940883266e-06,15.0,180.0
-150.33506580032534,33.69837639146352,37.91866736189041,-1.914868789754109e-06,15.0,180.0
-150.31691415504432,33.68566923930091,38.01764084257894,-1.692047590040602e-06,15.0,180.0
-150.46501597003444,33.37004064374332,37.86030525525487,-3.565137603800395e-06,15.0,180.0
-150.73928363542757,33.02161315239495,37.8685660803671,-8.00763245933922e-07,15.0,180.0
-150.99008799617158,32.72385587586996,38.27730833979075,-4.526052634901134e-07,15.0,180.0
-151.22836260576614,32.36163023542596,39.03076310716962,-4.526052634901134e-07,15.0,180.0
-151.57577898966747,32.02718276146846,39.70049328574431,-1.350852926407242e-06,15.0,180.0
-152.04275033006974,31.81555275156675,40.0023910312222,8.495055681123631e-07,15.0,180.0
-152.4581833753109,31.722115819058484,40.022665604199815,-9.400264389114454e-07,15.0,180.0
-152.70686204811062,31.73378651451616,39.9209732352458,-2.499774154784973e-06,15.0,180.0
-152.8909819478137,31.807328033911947,39.768270872307895,-4.80457856610883e-07,15.0,180.0
-153.1367464861573,31.824250762441828,39.47758035472516,-1.692047590040602e-06,15.0,180.0
-153.4644964164379,31.74183135073292,39.100780979069256,-1.685084498603828e-06,15.0,180.0
-153.59723765425022,31.64991732295924,38.73198647376894,-1.685084498603828e-06,15.0,180.0
-153.380869679768,31.44386761225859,38.2878627939219,-1.733826593408594e-06,15.0,180.0
-153.04365353296902,31.08900780348543,37.80478819246146,-1.72686350197182e-06,15.0,180.0
-152.72014229320817,30.9023258458651,37.518912213704525,-1.949684474311653e-06,15.0,180.0
-152.4036361040109,31.05479296216049,37.48255053221585,-1.768642505339812e-06,15.0,180.0
-152.13902983716235,31.32378223544132,37.44214235491954,-2.506737246221746e-06,15.0,180.0
-152.06808181572967,31.620633402431515,37.24556364261802,-6.475736427091761e-07,15.0,180.0
-152.1788867694295,32.0631962569566,36.97956929507951,-6.475736427091761e-07,15.0,180.0
-152.27411910997654,32.57011123411267,36.69844173457885,-1.239442326550488e-06,15.0,180.0
-152.450221821155,32.96464521528328,36.70956378576322,-1.998426569116418e-06,15.0,180.0
-152.8321245703728,33.14020843196052,37.27338691310497,5.083106771053281e-07,15.0,180.0
-153.13768192728978,33.20238793942273,37.99310423523366,-1.935758291438106e-06,15.0,180.0
-153.23997833072443,33.24532945726048,38.46215525951165,8.355791578651406e-07,15.0,180.0
-153.17490147599705,33.17789270995078,38.55425706025388,7.032792836980661e-07,15.0,180.0
-152.96142326038472,33.10150769426765,38.23242554632849,-1.566710807310301e-06,15.0,180.0
-152.77666510677102,33.2389188469554,37.774418343862685,-1.566710807310301e-06,15.0,180.0
-152.70893670600088,33.51867180323106,37.57157011111973,-3.446763912506867e-06,15.0,180.0
-152.8379386804309,33.75124606379632,37.70990814831555,-1.740788775350666e-07,15.0,180.0
-153.12057397689148,33.83147791409373,38.0042904919776,-2.033242481047637e-06,15.0,180.0
-153.46808562273213,33.730502653032744,38.23437301991975,1.392631929775234e-07,15.0,180.0
-153.9306300953992,33.60997646745291,38.37702694496646,-1.761679186529364e-06,15.0,180.0
-154.4171426908981,33.57864844015324,38.60400659028456,-2.652963530636043e-06,15.0,180.0
-154.7472675705328,33.50471030739644,38.89185084686916,-2.652963530636043e-06,15.0,180.0
-154.88780738122597,33.323346742728575,38.94312672136576,-1.78256868821336e-06,15.0,180.0
-154.979932040087,33.157517657304815,38.84395439933136,-4.247526703693438e-07,15.0,180.0
-155.1293339724566,33.029886614379585,38.94537320311196,-2.012352979363641e-06,15.0,180.0
-155.3150311780629,32.842188911617946,39.21122181695928,-2.290879365318688e-06,15.0,180.0
-155.51966207534454,32.4900947060709,39.31634626606216,1.53189603224746e-07,15.0,180.0
-155.75829110559093,32.04621222958343,39.27586619718045,-4.268416887498461e-06,15.0,180.0
-155.91696082049538,31.797965538373287,39.52309014419368,-3.404984909138875e-06,15.0,180.0
-156.04676392134294,31.81823240596843,40.06198268142151,-3.404984909138875e-06,15.0,180.0
-156.3588096668719,31.99306379617225,40.49302769743479,-2.019314706558362e-07,15.0,180.0
-156.74642478364922,32.27501508911209,40.787777818648415,-5.291999514156487e-07,15.0,180.0
-157.02903283253613,32.54595143030151,41.03135010977857,-8.982474355434533e-07,15.0,180.0
-157.33117761887652,32.727360809029726,41.17637295633841,8.564686595491366e-07,15.0,180.0
-157.66729333450326,32.84373532019957,41.31830864019168,-9.052087079908233e-08,15.0,180.0
-157.82093478680818,32.821332168248446,41.47590698184174,1.524932031315984e-06,15.0,180.0
-157.80166746858202,32.63351930046112,41.618559495292565,-5.918684564676369e-07,15.0,180.0
-157.72380689477086,32.51198401155192,41.71414012041979,-5.918684564676369e-07,15.0,180.0
-157.63460776324644,32.64416119504982,41.64937507121304,6.40610778646078e-07,15.0,180.0
-157.5088434217783,32.9069411515899,41.44759312863749,-1.28122132991848e-06,15.0,180.0
-157.38885819722432,33.1700042269727,41.29654156249239,-2.228210860266699e-06,15.0,180.0
-157.368466313507,33.39471982510659,41.108973161828416,-1.838274101828574e-06,15.0,180.0
-157.34777584803194,33.49784048723907,40.717557378993874,1.85916360351257e-06,15.0,180.0
-157.20645396833504,33.58755796810715,40.36727924215445,-7.79873744249926e-07,15.0,180.0
-157.05641446532752,33.81144574129523,40.15448007639504,-7.79873744249926e-07,15.0,180.0
-156.93735419022613,34.096332799887826,39.98564492006867,-4.212711246509571e-06,15.0,180.0
-156.70871616056257,34.44648835615158,39.92446312061615,2.785263859550469e-07,15.0,180.0
-156.50404642204126,34.77853902616207,39.96907826700572,-2.632074256325723e-06,15.0,180.0
-156.39815548507872,34.82139301305128,40.17921888103693,2.994158876390429e-07,15.0,180.0
-156.1600260837975,34.6465570228622,40.55490320200608,-1.678121407167055e-06,15.0,180.0
-155.84064457836809,34.55312140474365,40.80726881555168,1.900942606880562e-06,15.0,180.0
-155.77814216999445,34.5275346124626,40.8132533157334,-1.531893758510705e-07,15.0,180.0
-156.08187689965058,34.49941885984708,40.67957609521197,-1.531893758510705e-07,15.0,180.0
-156.51105008428357,34.522904099410546,40.60071784042001,-2.297842456755461e-06,15.0,180.0
-156.87821359098473,34.54527493591464,40.67482223143461,3.4815911931218586e-08,15.0,180.0
-157.21370632365287,34.577353774148804,40.73534716297597,-1.406558112648781e-06,15.0,180.0
-157.55481930723656,34.53671792617771,40.6398345082823,1.044475084199803e-07,15.0,180.0
-157.87825779840318,34.18591509721848,40.51018122239556,5.292001787893241e-07,15.0,180.0
-158.12834858627244,33.75020218982594,40.61761284919504,-8.355789304914651e-07,15.0,180.0
-158.26235330823943,33.563398049014424,40.95168797508395,-8.355789304914651e-07,15.0,180.0
-158.2257880514799,33.54389158684476,41.21924535306194,-2.994158421643078e-06,15.0,180.0
-157.9774857800437,33.675313265463785,41.22226038823551,8.355791578651406e-07,15.0,180.0
-157.65859760690876,34.03798714228657,41.06704963077707,-2.75044794761925e-06,15.0,180.0
-157.4336733806196,34.43762298855962,40.99674607866746,-1.810419689718401e-07,15.0,180.0
-157.32391624686582,34.5385065899665,41.08478882133082,-3.272684807598125e-07,15.0,180.0
-157.3824729982283,34.41785680127683,41.31871892770443,-6.893526460771682e-07,15.0,180.0
-157.52664080508293,34.4921283669495,41.57345956804261,-2.77830054074002e-06,15.0,180.0
-157.5702696670557,34.89949817540994,41.72602183251806,-2.77830054074002e-06,15.0,180.0
-157.4392570138092,35.47051008336583,41.84681179667574,2.30480577556591e-06,15.0,180.0
-157.2964862209222,35.93761368493155,41.77384906235407,1.197663550556172e-06,15.0,180.0
-157.36472765758174,36.231573387608215,41.47838720350428,8.28616066428367e-07,15.0,180.0
-157.53149893520126,36.45156978185652,41.3421144728428,-1.664194996919832e-06,15.0,180.0
-157.78588173468364,36.449958665149495,41.45719738258195,1.406558340022457e-06,15.0,180.0
-158.1868645395864,36.2095224666065,41.6865013956933,-1.392618287354708e-08,15.0,180.0
-158.45168801444265,35.925763923128414,41.90439881376409,-1.392618287354708e-08,15.0,180.0
-158.4569754891764,35.64975856735679,41.95863761255544,5.15273995915777e-07,15.0,180.0
-158.3892592058184,35.34168573454175,41.88416137527695,4.038633960590232e-07,15.0,180.0
-158.38692821393556,35.067975585551466,41.88116920428538,2.0889501683996066e-08,15.0,180.0
-158.4726992645343,34.908699663891134,42.08066687023117,-1.385668610964785e-06,15.0,180.0
-158.65776172167784,34.73138002120416,42.45582234618401,-1.107142225009738e-06,15.0,180.0
-158.8817932329631,34.60796537052051,42.87018732453886,-4.80457856610883e-07,15.0,180.0
-158.88465199293668,34.717685352732346,43.2167199420818,-3.203051619493635e-07,15.0,180.0
-158.6486753114407,35.026457474288335,43.55977266215295,-3.203051619493635e-07,15.0,180.0
-158.45801118979614,35.39549012910646,44.03972680582214,-2.590295252957731e-06,15.0,180.0
-158.2754026687485,35.58765847694461,44.45426692274072,-1.030547537084203e-06,15.0,180.0
-157.96251055398636,35.47276627960693,44.54354328540037,-1.504042302258313e-06,15.0,180.0
-157.78542106839308,35.25122888400406,44.52416872326785,-3.133421614620602e-06,15.0,180.0
-157.89146327158207,35.23747068744156,44.57632548786205,-2.374437372054672e-06,15.0,180.0
-158.09998542904415,35.50967624332867,44.479980145411474,-1.768642505339812e-06,15.0,180.0
-158.34248347666698,35.843829557957896,44.15289533593352,-8.912843441066798e-07,15.0,180.0
-158.61495171772074,35.88719512277232,43.82058249330892,-8.912843441066798e-07,15.0,180.0
-159.04877685558978,35.74151494941381,43.63162396217973,-1.552784397063078e-06,15.0,180.0
-159.8221318689185,35.705900088090615,43.672655222494456,-6.197210495884065e-07,15.0,180.0
-160.78071004257785,35.61692837598131,44.0025643054858,-5.988315479044104e-07,15.0,180.0
-161.5953177168262,35.38981819763774,44.403793964312726,-2.785263859550469e-07,15.0,180.0
-162.07498474970618,35.175392869439364,44.69143088931825,-1.880052877822891e-07,15.0,180.0
-162.16807890072835,34.99842792307283,44.89826865634626,-3.342315721965861e-07,15.0,180.0
-162.0589537199123,34.82126194911722,45.07440577456129,-3.342315721965861e-07,15.0,180.0
-162.10505418161563,34.61893617071682,45.266833689998144,-1.378705519528012e-06,15.0,180.0
-162.292389825756,34.59311816770978,45.422320780565016,-5.849053650308633e-07,15.0,180.0
-162.35634918355834,34.94544020246593,45.43297190008792,-1.239442326550488e-06,15.0,180.0
-162.3559582411164,35.41147635356909,45.20173956733298,-1.462263298890321e-06,15.0,180.0
-162.3844547979528,35.827380575069505,44.86181044233688,-2.088947894662851e-07,15.0,180.0
-162.34442512834454,36.17957062895281,44.66271725309615,-2.381400463491445e-06,15.0,180.0
-162.25372967144028,36.32325912633097,44.51169235797969,1.810421963455155e-07,15.0,180.0
-162.08433711233857,36.3472611957407,44.32080369327625,1.810421963455155e-07,15.0,180.0
-161.7391270393594,36.3104897931558,44.15086971485499,-5.152737685421016e-07,15.0,180.0
-161.30691811440497,36.30900869535023,43.733784123002366,9.121740731643512e-07,15.0,180.0
-160.94919894402102,36.38131834709681,43.00568030237437,-9.818054422794376e-07,15.0,180.0
-160.74325942190674,36.28306585534049,42.4060543826462,1.072326540452195e-06,15.0,180.0
-160.72054055023546,36.00732637296314,42.081783631897146,-2.019316070800414e-06,15.0,180.0
-160.89017566981096,35.75844129125044,41.92740039244986,-3.244832214477356e-06,15.0,180.0
-161.26028227478244,35.75618248284522,42.00733818677868,-3.244832214477356e-06,15.0,180.0
-161.76748248395097,36.06948238409673,42.30779311137096,-1.880052877822891e-06,15.0,180.0
-162.0769891518871,36.508798644903045,42.76079548773481,-2.715630671445979e-07,15.0,180.0
-162.0275630123878,36.90492555513582,43.415601148004114,6.684633717668476e-07,15.0,180.0
-161.99211509303527,37.34147527350821,44.11263152963608,-3.551210738805821e-07,15.0,180.0
-162.24307048125144,37.8170040759854,44.62016401522746,1.587600536367972e-06,15.0,180.0
-162.69464600511603,38.01824086896663,44.89106555876021,-1.239442326550488e-06,15.0,180.0
-163.11827975856232,37.94036618498735,44.93072208202703,1.051437266141875e-06,15.0,180.0
-163.23162391507122,37.85596987825243,44.848508635464505,1.051437266141875e-06,15.0,180.0
-162.92471011205004,37.772153412759806,44.74150023815522,-6.963157375139417e-07,15.0,180.0
-162.50349661097874,37.73935518541132,44.52601534240077,6.823897820140701e-07,15.0,180.0
-162.374414753324,37.792777516058585,44.158350079385706,-8.286158390546916e-07,15.0,180.0
-162.453854522391,37.69620779916926,43.8595436384338,-1.733826593408594e-06,15.0,180.0
-162.51622387231572,37.37145184670087,43.75571301325256,-2.771337449303246e-06,15.0,180.0
-162.54806225800982,36.97702543432443,43.610670645638464,-9.609159405954415e-07,15.0,180.0
-162.64482904782776,36.74589313987239,43.56601592442643,-8.216527476179181e-07,15.0,180.0
-162.9696019117701,36.61682015084423,44.0026318057252,-8.216527476179181e-07,15.0,180.0
-163.44358682325327,36.31477392509614,44.560547825827285,-1.719900183161371e-06,15.0,180.0
-163.7585437245272,35.85538028995519,44.76469565545633,-1.67115786098293e-07,15.0,180.0
-163.90590395905122,35.495571986313216,44.81730386526577,-8.773579338594573e-07,15.0,180.0
-164.1249790343344,35.49212880412522,44.98170004858058,-7.450580596923828e-07,15.0,180.0
-164.3770781251497,35.8678413418869,45.2269095664947,-4.59568354926887e-07,15.0,180.0
-164.49438810833655,36.39853092908879,45.53009508783399,-2.78525931207696e-08,15.0,180.0
-164.47880054897936,36.80688508726752,45.82332660330978,-2.78525931207696e-08,15.0,180.0
-164.5530295505424,36.98658426379247,45.8848774074866,-1.322998741670744e-07,15.0,180.0
-164.85713516049486,36.99158111099111,45.64789290049618,8.773581612331327e-07,15.0,180.0
-165.1876395666905,36.91931554756832,45.422821518020285,7.380949682556093e-07,15.0,180.0
-165.3946121519436,36.86961286027781,45.34305634516441,5.570527719100937e-07,15.0,180.0
-165.4378493227235,36.893636922016405,45.14921356425248,-6.963157375139417e-07,15.0,180.0
-165.38282057070114,36.9175658247026,44.774103539934416,-3.760105755645782e-07,15.0,180.0
-165.35634286124522,36.93121763289615,44.51420088506418,-1.246405417987262e-06,15.0,180.0
-165.3760303735171,37.17036141882879,44.52480422029613,-1.246405417987262e-06,15.0,180.0
-165.40299775990678,37.63376567601301,44.581059878735786,-7.311316494451603e-07,15.0,180.0
-165.29719746222875,37.95066350134059,44.513633340587376,1.615453129488742e-06,15.0,180.0
-165.12923189498895,38.02324399632378,44.54812457744892,-3.272684807598125e-07,15.0,180.0
-165.1671017320322,38.037160388779085,44.94586260390127,-1.079289631888969e-06,15.0,180.0
-165.3532163308869,38.09065749022915,45.54644841069508,-1.538858214189531e-06,15.0,180.0
-165.4921097877015,38.14336552660952,46.031680505936265,-5.640158633468673e-07,15.0,180.0
-165.6585193230837,38.1038983449196,46.24995928091829,-5.640158633468673e-07,15.0,180.0
-165.84843127180994,38.0141617306012,46.3283183691746,-9.748418960953133e-08,15.0,180.0
-165.92774918100005,37.94153922097811,46.2778167223446,-1.009658035400207e-06,15.0,180.0
-165.94470602529887,37.96531581582306,46.096507999704606,-2.924525688285939e-07,15.0,180.0
-166.07361513144292,38.04207660431267,46.074807199762986,-6.684631443931721e-07,15.0,180.0
-166.35744028158624,37.95040191737459,46.13725791802917,6.197212769620819e-07,15.0,180.0
-166.61027359515552,37.66577243381505,46.14048666343761,-2.297840637766058e-07,15.0,180.0
-166.75507965845262,37.26642796154346,46.087918088378615,1.030547764457879e-06,15.0,180.0
-166.9381528281424,36.890329590329344,45.82455743306227,1.030547764457879e-06,15.0,180.0
-167.2179348935612,36.68795837541411,45.42877897763368,5.292001787893241e-07,15.0,180.0
-167.44868279455972,36.50136986406813,45.11837460290455,-6.33647459835629e-07,15.0,180.0
-167.62226272840547,36.214943439837086,44.96695182387356,-3.481579824438086e-07,15.0,180.0
-167.81640278201246,36.0798430534924,44.88589242977045,-1.900942379506887e-06,15.0,180.0
-167.79511334762873,36.11803196027592,44.69180751993497,1.838274101828574e-06,15.0,180.0
-167.39230848434195,36.063374820117645,44.41907215166093,6.823897820140701e-07,15.0,180.0
-167.0043302869693,35.986669687129414,44.29782798822957,6.823897820140701e-07,15.0,180.0
-166.91693367136628,36.037965709626754,44.44616300517544,-1.218552824866492e-06,15.0,180.0
-166.82482880121933,36.18668660501024,44.80562807550819,-1.169810730061727e-06,15.0,180.0
-166.72777159643616,36.41207067508652,45.23719756946933,-3.1334207051259e-07,15.0,180.0
-166.95091000336765,36.72144814330876,45.583641483100735,9.678792594058905e-07,15.0,180.0
-167.29143762110036,37.05931136994843,45.831916222085816,1.058400357578648e-06,15.0,180.0
-167.41574647761036,37.32208857908086,46.06092213108251,7.311318768188357e-07,15.0,180.0
-167.2943176870034,37.520852521064526,46.27121425074998,-1.009658035400207e-06,15.0,180.0
-167.0459634750252,37.60928461829424,46.3086675075605,-1.009658035400207e-06,15.0,180.0
-166.87850950791798,37.63178586898966,46.001717063117496,-1.30907392303925e-06,15.0,180.0
-166.8754859604274,37.82980824341488,45.57693949044105,-6.754264632036211e-07,15.0,180.0
-167.07584823761775,38.14674433762759,45.37633657988994,-3.342315721965861e-07,15.0,180.0
-167.62050101059455,38.28333195198435,45.45894008710277,4.247528977430193e-07,15.0,180.0
-168.43038697239209,38.15637883161719,45.83593634417412,9.330635748483472e-07,15.0,180.0
-169.09666074961052,37.91074488902065,46.47179420039829,-1.33692651616002e-06,15.0,180.0
-169.34873467523073,37.65894244070048,47.10243717041858,-1.183736912935274e-07,15.0,180.0
-169.4140405139568,37.563779331786805,47.41232398969414,-1.183736912935274e-07,15.0,180.0
-169.4909490578199,37.74273583193808,47.41004835984358,-2.945416326838313e-06,15.0,180.0
-169.46320973815858,38.004804067215645,47.4292054066052,-1.949683792190626e-07,15.0,180.0
-169.25490405673,38.27938678676694,47.85646650856615,4.038633960590232e-07,15.0,180.0
-168.9348301541799,38.62954955718478,48.63583385010922,-8.286158390546916e-07,15.0,180.0
-168.71325461990256,38.99355868193385,49.26299383372318,-1.058400130204973e-06,15.0,180.0
-168.61680998492363,39.423106562628384,49.57476287426469,-1.1767738214985e-06,15.0,180.0
-168.46062395304006,39.8440736533545,49.68170565327223,-1.1767738214985e-06,15.0,180.0
-168.27783691175833,40.13053802088903,49.64825726110495,-1.949683792190626e-07,15.0,180.0
-168.24146021352436,40.34671376570493,49.3973661205394,5.013475856685545e-07,15.0,180.0
-168.29477532540034,40.4682338911605,48.88096959368147,-8.146896561811445e-07,15.0,180.0
-168.36969412866347,40.45099123323263,48.43163772341372,-1.093216042136191e-06,15.0,180.0
-168.51230389295773,40.47114123219276,48.18498195355858,1.183739186672028e-07,15.0,180.0
-168.69399126255738,40.66785779214145,47.81323017341091,2.715632945182733e-07,15.0,180.0
-169.0631927533084,40.85180385021061,47.23061985053971,8.634319783595856e-07,15.0,180.0
-169.6955409830693,40.8119734627913,46.76299536381268,8.634319783595856e-07,15.0,180.0
-170.27555717697027,40.49812378644869,46.51861141931263,-1.128031726693735e-06,15.0,180.0
-170.6046677929767,40.05645062198825,46.424512488358666,7.241687853820622e-07,15.0,180.0
-170.73396286406106,39.72210483936878,46.524739353563454,2.506737928342773e-07,15.0,180.0
-170.72489722219154,39.56789708538229,46.653743488516206,6.40610778646078e-07,15.0,180.0
-170.7675269182782,39.55238136821757,46.67432985548842,-8.00763245933922e-07,15.0,180.0
-170.84318329910204,39.678642801964,46.743922262229646,1.469226845074445e-06,15.0,180.0
-170.80407399660172,40.04553584068646,46.84662912941193,1.469226845074445e-06,15.0,180.0
-170.70468501764265,40.60301639850027,46.86803178171773,-6.893526460771682e-07,15.0,180.0
-170.50171191563794,41.09616846912033,46.88921001420228,9.74842350842664e-07,15.0,180.0
-170.31451441783906,41.263579246630144,46.914818377451766,1.009658262773883e-06,15.0,180.0
-170.4575228443952,40.95357573122091,46.87355550878694,-9.261000286642228e-07,15.0,180.0
-170.89137393320647,40.39412292117109,46.865610259841525,-1.608489810678293e-06,15.0,180.0
-171.46339195237147,39.98154562429098,46.9690555576873,-5.431263616628712e-07,15.0,180.0
-172.11627313994364,39.86214726982762,46.99308507615242,2.576371116447262e-07,15.0,180.0
-172.63785709505908,39.967333219806655,46.84072705473452,2.576371116447262e-07,15.0,180.0
-172.83325680217533,40.23077357548425,46.6518476877687,-1.545821305626305e-06,15.0,180.0
-172.73947214857526,40.571529417772624,46.51169154375658,-2.019316070800414e-06,15.0,180.0
-172.5781935724385,40.73310991394011,46.459477157276176,1.26033205560816e-06,15.0,180.0
-172.42166598053814,40.614099277040914,46.44142447712922,-1.121068635256961e-06,15.0,180.0
-172.30182781828023,40.54312259113776,46.45811346420574,-1.831310783018125e-06,15.0,180.0
-172.34594216764486,40.81289636611527,46.513615429806855,-3.481579824438086e-07,15.0,180.0
-172.42275376185398,41.19028741962353,46.61590355768519,1.086252950699418e-06,15.0,180.0
-172.32277714591712,41.46318911112375,46.75219328433074,1.086252950699418e-06,15.0,180.0
-171.99180914755703,41.724696578095866,46.65848099840263,-1.016621126836981e-06,15.0,180.0
-171.668059393043,41.93433492966465,46.42951281208886,-1.657231905483059e-06,15.0,180.0
-171.55986540877188,41.98527594271588,46.37555676878272,-4.177877599431668e-08,15.0,180.0
-171.5000247417044,41.90746011338111,46.41709911926985,-1.65026858667261e-06,15.0,180.0
-171.5604319183968,41.71783422371686,46.61156168532301,-6.823895546403946e-07,15.0,180.0
-171.8759901415375,41.503543605499885,47.18455548951397,1.26033205560816e-06,15.0,180.0
-172.1998697793978,41.4001631061447,47.86511347870141,1.26033205560816e-06,15.0,180.0
-172.29622208360948,41.32017566881719,48.26578487645602,2.325695277249906e-06,15.0,180.0
-172.1914041415687,41.27008140513743,48.35283828977349,1.016621354210656e-06,15.0,180.0
-171.96274252725328,41.36123847641389,48.2646153278379,-5.083104497316526e-07,15.0,180.0
-171.69540332338238,41.50534348110632,48.27455296063461,4.177900336799213e-08,15.0,180.0
-171.49097980939513,41.7212757587336,48.46226524086295,-3.126458523183828e-06,15.0,180.0
-171.43699486108898,42.1777427478918,48.67064395241366,-1.302110604228801e-06,15.0,180.0
-171.67683885231824,42.762132479032914,48.89743389341045,1.580637217557523e-06,15.0,180.0
-172.01681111420513,43.1913835026925,49.16768755749807,1.580637217557523e-06,15.0,180.0
-172.23252201092416,43.49271400561668,49.383509779435805,-4.108262601221213e-07,15.0,180.0
-172.4740547932247,43.8943264970832,49.44150437825267,-2.924525688285939e-07,15.0,180.0
-172.75145670782163,44.27803425080216,49.27327540625667,4.108264874957968e-07,15.0,180.0
-172.9459374685538,44.43216513126677,48.914921221808285,7.589844699396053e-07,15.0,180.0
-173.12382483014252,44.43763493318312,48.5616016169763,-1.413521204085555e-06,15.0,180.0
-173.43121290513668,44.37054352314531,48.3071173323366,-2.109837168973172e-06,15.0,180.0
-173.8540576308113,44.299662856879394,48.00058700501884,-2.109837168973172e-06,15.0,180.0
-174.11490628127115,44.36466954651492,47.63865044200785,1.900942606880562e-06,15.0,180.0
-174.0727087405798,44.58652043489591,47.44152059550187,1.114105998567538e-07,15.0,180.0
-173.9530451012502,44.77789687690431,47.51869856797024,-1.371742200717563e-06,15.0,180.0
-174.0245672071369,44.81969405668665,47.57445221161319,-2.367473825870547e-07,15.0,180.0
-174.19829987591993,44.74067999643339,47.23448629908524,1.538858441563207e-06,15.0,180.0
-174.18163603173755,44.53705861264194,46.72118089833968,-7.729106528131524e-07,15.0,180.0
-174.15162655738658,44.29431211256994,46.5449884638805,-4.038631686853478e-07,15.0,180.0
-174.37560129431236,44.11433711835109,46.84292484495513,-4.038631686853478e-07,15.0,180.0
-174.62699921408696,43.9831233556431,47.34145802941472,-6.406105512724025e-07,15.0,180.0
-174.70235107252583,43.71841384244242,47.68541678509584,1.246405645360937e-06,15.0,180.0
-174.66558390361277,43.27726097085445,47.7841308207334,-1.434410705769551e-06,15.0,180.0
-174.5489041378387,42.96559001180118,47.77682448479901,-6.54536961519625e-07,15.0,180.0
-174.42734311654365,42.939404552875736,47.766555974260925,3.690474841278046e-07,15.0,180.0
-174.33465396299263,43.13903359707936,47.70329123341166,-1.524931803942309e-06,15.0,180.0
-174.03245020139397,43.40533985932939,47.42978597251345,-1.524931803942309e-06,15.0,180.0
-173.58710866037276,43.53497128396256,47.04768372071191,7.65949152992107e-08,15.0,180.0
-173.37646258548065,43.55523363904882,46.77498357293543,-2.576368842710508e-07,15.0,180.0
-173.4352909738784,43.62498953912964,46.73884983314078,-1.030547537084203e-06,15.0,180.0
-173.62179239757515,43.75529973343579,47.06482527771973,-1.121068635256961e-06,15.0,180.0
-173.87829318305265,43.759611240890514,47.55846368595782,2.924527962022694e-07,15.0,180.0
-174.20506104297056,43.70347619184536,47.94035871265455,9.9573185252666e-07,15.0,180.0
-174.56866314279418,43.88060541763381,48.1744601478045,-1.357816017844016e-06,15.0,180.0
-174.95970742929097,44.139689864512086,48.36258444370488,-1.357816017844016e-06,15.0,180.0
-175.31041206711294,44.246004344064,48.60189976952957,2.116800487783621e-06,15.0,180.0
-175.50814148979842,44.47905038773787,48.71462450799225,-3.411946636333596e-07,15.0,180.0
-175.6590554134469,45.04961370293365,48.586590799226514,1.15588454718818e-06,15.0,180.0
-175.7525086940773,45.571005286232015,48.41036824931994,-2.116800260409946e-06,15.0,180.0
-175.7516467605111,45.66175195015937,48.34819148906193,-6.754264632036211e-07,15.0,180.0
-175.80358341294257,45.39603135563001,48.59924611838305,-2.576368842710508e-06,15.0,180.0
-175.9486720083192,45.08707217085353,49.24150837594274,7.65949152992107e-08,15.0,180.0
-176.0940181467142,44.99280447879541,50.03589914122508,7.65949152992107e-08,15.0,180.0
-176.12633787842157,45.02611965171224,50.70773936263743,-1.587600308994297e-06,15.0,180.0
-176.12461424474242,45.00072260066227,51.19915219341105,-1.100179133572965e-06,15.0,180.0
-176.06249856347807,44.94846606656064,51.58683615277034,-9.261000286642228e-07,15.0,180.0
-175.9686204556332,44.94941016697674,51.860626656565984,4.456423994270153e-07,15.0,180.0
-176.25540843242143,45.048226322076175,51.99886170299436,-6.754264632036211e-07,15.0,180.0
-176.90510064980572,45.207774502780126,51.83887967357778,-1.086252723325742e-06,15.0,180.0
-177.56980813133106,45.34609994776842,51.28978964647106,-1.086252723325742e-06,15.0,180.0
-178.2188593503966,45.52169245793026,50.65433299809808,2.019316980295116e-07,15.0,180.0
-178.90144245973283,45.77641724996589,50.17560225523336,-3.760105755645782e-07,15.0,180.0
-179.38488950976506,46.03788205373196,49.80691749865085,5.15273995915777e-07,15.0,180.0
-179.3756657547844,46.21399174321711,49.4362917223707,-1.552784397063078e-06,15.0,180.0
-179.0092281603821,46.08180766566178,49.12977456843311,7.798739716236014e-07,15.0,180.0
-178.62941919101613,45.56044526540945,49.23996675724904,-8.634317509859102e-07,15.0,180.0
-178.39534986012683,45.00848108661576,49.804984953223546,-1.253367827303009e-07,15.0,180.0
-178.24651646768984,44.71009640731897,50.47591447047554,-1.253367827303009e-07,15.0,180.0
-178.11059384756422,44.669467620134334,51.14367959190484,-4.177877599431668e-08,15.0,180.0
-178.0692948716484,44.80471058479222,51.54609127187666,3.551213012542576e-07,15.0,180.0
-178.13234504198147,44.94980936883047,51.4451180015346,5.570527719100937e-07,15.0,180.0
-178.07549629454866,45.12306819362237,51.13761908952512,7.241687853820622e-07,15.0,180.0
-177.7845906231477,45.39654650435933,50.74683455843471,8.843212526699062e-07,15.0,180.0
-177.6005391165279,45.69961637841614,50.31120271635661,-9.53952849158668e-07,15.0,180.0
-177.7527571108631,45.99517849122748,50.195653309272295,-9.53952849158668e-07,15.0,180.0
-177.96469448691624,46.34721917343632,50.313570592454894,-1.490116119384766e-06,15.0,180.0
-178.03707575079318,46.69299745683735,50.47454957668765,-2.158579263777938e-06,15.0,180.0
-178.02132940577698,46.89783114246264,50.79807745787336,4.595685823005624e-07,15.0,180.0
-177.8886545079856,46.93503933355341,50.98713832162373,-1.545821305626305e-06,15.0,180.0
-177.66971256708152,46.832324898179074,51.06217097215596,-8.495053407386877e-07,15.0,180.0
-177.63087159651565,46.78660756974267,51.38859338204044,-1.531893758510705e-07,15.0,180.0
-177.89364793203515,46.89868814407573,51.69510627982452,3.342317995702615e-07,15.0,180.0
-178.32473405959618,47.11211462599989,51.708389796120535,3.342317995702615e-07,15.0,180.0
-178.77719235945972,47.32971507531084,51.43110634800682,1.10017936094664e-06,15.0,180.0
-179.0756387006337,47.49546818778045,50.862069794659895,-1.100179133572965e-06,15.0,180.0
-179.32449139099825,47.63978153822715,50.30168878044891,1.880055151559645e-07,15.0,180.0
-179.7555331416468,47.69921992783308,50.00030466554355,4.87421175421332e-07,15.0,180.0
-180.24201110307783,47.64251950734913,49.776017400819725,9.191371646011248e-07,15.0,180.0
-180.7238292246627,47.54891873913027,49.480151796334496,-2.256063453387469e-06,15.0,180.0
-181.23204469841892,47.44299603990465,49.26236537905024,3.342317995702615e-07,15.0,180.0
-181.5762511499768,47.26659185503525,49.17832185505523,3.342317995702615e-07,15.0,180.0
-181.67168368126752,46.974798521529074,49.14437680851904,-1.260331828234484e-06,15.0,180.0
-181.5408570354352,46.64347181831064,49.15831568567852,-1.378705519528012e-06,15.0,180.0
-181.15286895524372,46.31391300863284,49.09542191735717,1.775605824150261e-06,15.0,180.0
-180.69529080891,46.05814606762357,48.97600055786217,-2.158578809030587e-07,15.0,180.0
-180.3384455148993,46.067663659238846,48.96742573916251,1.336926743533695e-06,15.0,180.0
-180.1507276935592,46.32643156433432,49.04452766903879,-1.148921228377731e-06,15.0,180.0
-180.29902341010927,46.66019903107545,49.19076324841457,-1.148921228377731e-06,15.0,180.0
-180.59700825526363,46.92263690691253,49.498402238243145,-3.969000772485742e-07,15.0,180.0
-180.7613660754284,47.10280776223296,49.84680469511237,2.061095301542082e-06,15.0,180.0
-180.91286333710624,47.16109609268056,49.99211058678241,1.323001015407499e-07,15.0,180.0
-181.11999669824465,46.99465739924733,50.000994654774885,1.754716322466265e-06,15.0,180.0
-181.2225620307185,46.91594856103839,50.02821729606099,-6.754264632036211e-07,15.0,180.0
-181.1821758087069,47.29718781982411,50.00120320929831,-4.526052634901134e-07,15.0,180.0
-181.2210007300729,47.93564869721767,49.96921335775092,-8.564684321754612e-07,15.0,180.0
-181.55895524468792,48.53230422318457,50.21016644413632,-8.564684321754612e-07,15.0,180.0
-182.059027903546,48.99779387606042,50.469291788027306,-9.261000286642228e-07,15.0,180.0
-182.5495810350806,49.21933341708926,50.18807546833201,2.005390115300543e-06,15.0,180.0
-183.0311231614125,49.22249459177264,49.466486029501525,-2.075021484415629e-06,15.0,180.0
-183.3809827033712,49.22471071895658,48.84388261612969,-4.038631686853478e-07,15.0,180.0
-183.53446155687567,49.35163846788178,48.56403008989298,-1.107142225009738e-06,15.0,180.0
-183.4579403823089,49.568344878522986,48.59967895405069,2.604221663204953e-06,15.0,180.0
-183.1149323081781,49.69615576048383,49.03177134584118,2.604221663204953e-06,15.0,180.0
-182.788337570608,49.577976944603535,49.904821302422015,1.559747715873527e-06,15.0,180.0
-182.79322123493463,49.33746041803818,50.92584030009717,8.773581612331327e-07,15.0,180.0
-183.13172164374865,49.15720779723605,51.74035672740926,-6.893526460771682e-07,15.0,180.0
-183.64604747108808,49.13421595853168,52.30409003192327,1.733826820782269e-06,15.0,180.0
-184.07386492302788,49.37114109271435,52.77663123983558,2.367476099607302e-07,15.0,180.0
-184.2561103339967,49.77275592379568,53.30836284463499,1.107142452383414e-06,15.0,180.0
-184.32465962927907,50.14838723055735,53.90284090544821,4.94384494231781e-07,15.0,180.0
-184.2470961020965,50.47788143389452,54.44261705644702,4.94384494231781e-07,15.0,180.0
-183.96603770137392,50.67530746554156,54.728322722865656,-4.943842668581055e-07,15.0,180.0
-183.77021187462955,50.60066277640421,54.66227445311067,-1.218552824866492e-06,15.0,180.0
-183.79392684124983,50.32076286901286,54.4423326248963,-9.818054422794376e-07,15.0,180.0
-183.9491310328075,49.93264085991586,54.07258103952906,-5.431263616628712e-07,15.0,180.0
-184.222097378212,49.481662917416486,53.33827519043236,-1.991463477679645e-06,15.0,180.0
-184.55999938875345,49.13925510502328,52.59902316252767,-2.019314706558362e-07,15.0,180.0
-184.82484267010813,49.10814933664997,52.23938433246164,-2.019314706558362e-07,15.0,180.0
-184.96288804647,49.32707741189898,52.12198400663247,1.880055151559645e-07,15.0,180.0
-185.0501599075827,49.58681826153951,52.21025080854127,-1.935758291438106e-06,15.0,180.0
-185.13714514373544,49.90633305018476,52.36102048939301,-1.371742200717563e-06,15.0,180.0
-185.14184419346967,50.22911416297006,52.23370937435192,2.520663883842644e-06,15.0,180.0
-185.16743641864937,50.427672669355466,51.96895198124375,2.165542582588387e-06,15.0,180.0
-185.34971721557912,50.63698762535432,51.92268247959071,-1.114105316446512e-06,15.0,180.0
-185.4531881934646,50.88107018089167,51.96358137839448,-1.183736912935274e-07,15.0,180.0
-185.38713864983285,51.05501380664067,51.96910553878296,-1.183736912935274e-07,15.0,180.0
-185.40020741254835,51.04682667509693,52.27147597252571,-9.121738457906758e-07,15.0,180.0
-185.6776660578435,50.78725161668296,52.90180622457952,-1.183736912935274e-06,15.0,180.0
-186.17676284066053,50.46686209231292,53.56777602403447,5.500896804733202e-07,15.0,180.0
-186.7853786653677,50.34138451515972,54.18435393131242,-2.437104740238283e-07,15.0,180.0
-187.37183412638893,50.38062334824078,54.66151453182319,-8.495053407386877e-07,15.0,180.0
-187.71049902793663,50.39782698149273,54.9206242370378,-1.524931803942309e-06,15.0,180.0
-187.76460393407,50.27530712572747,55.01383009540257,4.87423221784411e-08,15.0,180.0
-187.825128485156,49.97294269517049,54.97653647989123,4.87423221784411e-08,15.0,180.0
-188.0512414002976,49.57506141821114,54.78004788005503,-1.810421281334129e-06,15.0,180.0
-188.24189976704525,49.18690328835775,54.48145686866554,1.121068862630636e-06,15.0,180.0
-188.34521935742825,48.88411985108832,54.35671888445743,1.141958136940957e-06,15.0,180.0
-188.42268660189384,48.78151511941954,54.41920651654319,-3.551211193553172e-06,15.0,180.0
-188.4109081801149,49.02425093098494,54.31920365467064,6.336476872093044e-07,15.0,180.0
-188.3392982467168,49.52747762279808,54.14894013605071,-6.406105512724025e-07,15.0,180.0
-188.1904483699966,49.96777824554279,54.2736466557664,-6.406105512724025e-07,15.0,180.0
-188.04096819847064,50.12741791749961,54.55354811669578,-1.62241599355184e-06,15.0,180.0
-188.1303229249845,50.09646809358187,54.68625954888228,-2.102874077536399e-06,15.0,180.0
-188.365522649562,50.05780934030232,54.76195755562248,2.437107013975037e-07,15.0,180.0
-188.44415640019864,50.0305653196253,54.91598311821694,-8.703948424226837e-07,15.0,180.0
-188.30261396182803,50.02481255054273,55.0623892354391,-7.450580596923828e-07,15.0,180.0
-188.0281883554661,50.07315275848933,55.08898309538762,-1.350852926407242e-06,15.0,180.0
-187.715096533632,50.36641081613921,54.97333106232304,2.256063680761144e-06,15.0,180.0
-187.50453600221368,51.120094913036766,54.85688731748001,2.256063680761144e-06,15.0,180.0
-187.619293256295,52.0970409859169,54.83008511100721,-2.785263859550469e-07,15.0,180.0
-188.0806453931968,52.84831950445809,54.78867409262882,-7.450580596923828e-07,15.0,180.0
-188.74106182406177,53.18742478823467,54.75423479594426,-6.475736427091761e-07,15.0,180.0
-189.50359294077,53.18165414643288,54.79996397974486,-1.664194996919832e-06,15.0,180.0
-190.05745840936493,52.904257913291815,54.87981034188179,8.982476629171288e-07,15.0,180.0
-190.20319979922164,52.43164013868451,55.07846670430983,9.53952849158668e-07,15.0,180.0
-190.2196145766264,51.993658787122506,55.41620131806089,9.53952849158668e-07,15.0,180.0
-190.3418551323941,51.681055032096246,55.74904724803451,1.030547764457879e-06,15.0,180.0
-190.428650093044,51.43423229704423,55.88160340188665,-9.400264389114454e-07,15.0,180.0
-190.4064036573647,51.38355157102244,55.75103997146782,1.134995045504184e-06,15.0,180.0
-190.36362891326075,51.50598625891469,55.7772530452825,-1.04447371995775e-06,15.0,180.0
-190.3357935226332,51.51076061127812,56.11583364721685,8.355791578651406e-07,15.0,180.0
-190.37000865079384,51.38041366981044,56.39365727973516,-7.241685580083868e-07,15.0,180.0
-190.4584813726004,51.287555175687686,56.48609456819048,6.963159648876174e-08,15.0,180.0
-190.56828516017887,51.37800564786161,56.52990789495587,6.963159648876174e-08,15.0,180.0
-190.6889668955928,51.71420205672951,56.555088068106,-1.183736912935274e-07,15.0,180.0
-190.79075109732565,52.16945384445107,56.48787840102636,-1.803458189897356e-06,15.0,180.0
-190.93357723231617,52.618876718047936,56.42343683315895,-2.715630671445979e-07,15.0,180.0
-191.1916601879296,52.957356248683936,56.457186084112905,-2.806153133860789e-06,15.0,180.0
-191.50819217572263,53.18061752050444,56.43979978690881,-4.177877599431668e-08,15.0,180.0
-191.82202509353584,53.333866842208906,56.26770819246895,-1.46922661770077e-06,15.0,180.0
-192.09206092992463,53.38393944010467,56.10182698723258,-6.754264632036211e-07,15.0,180.0
-192.34403475690863,53.348365864658895,56.1291473662786,-6.754264632036211e-07,15.0,180.0
-192.67310962961244,53.27676879350931,56.377882546602905,-1.002694943963434e-06,15.0,180.0
-192.92753845182224,53.07252896401636,56.64392189045211,-1.385668610964785e-06,15.0,180.0
-192.9174420803134,52.71730756402823,56.67395815050983,-1.46922661770077e-06,15.0,180.0
-192.9151198911051,52.42197854738296,56.49643546168663,-3.203051619493635e-07,15.0,180.0
-193.1528644771169,52.29140194945271,56.19524531015302,-1.190700231745723e-06,15.0,180.0
-193.438967453478,52.24332854770067,55.841794966787326,0.0001695320388535,15.0,180.0
-193.66803100761044,52.21400039649024,55.68045284960295,0.0001695320388535,15.0,180.0
-193.8408964396417,52.28413245529671,55.72030849796467,0.0069426321424543,15.0,180.0
-193.88139121028675,52.44260110113398,55.583307709453,0.0377491824328899,15.0,180.0
-193.80180041763407,52.56495161385074,55.230039032543885,0.0979834198951721,15.0,180.0
-193.6837346830638,52.62492832101634,54.98122336324266,0.1814402341842651,15.0,180.0
-193.6558030026915,52.640899958512186,54.83707353593765,0.2745110988616943,15.0,180.0
-193.7945412053341,52.626784700955,54.73195157743294,0.3708092272281647,15.0,180.0
-193.95897707084416,52.72586416131736,54.7314587933848,0.4688239097595215,15.0,180.0
-194.03105124333115,52.96040988200643,54.8862691937952,0.4688239097595215,15.0,180.0
-193.94445451861333,53.10151845705757,55.33909344416784,0.5678088068962097,15.0,180.0
-193.6473853213657,53.134930846469246,55.90618816107016,0.6673318147659302,15.0,180.0
-193.3417766719704,53.21885282870076,56.21160966961057,0.7671778202056885,15.0,180.0
-193.21846594232068,53.32304662061149,56.23496816408844,0.866809070110321,15.0,180.0
-193.18106036686729,53.33782158314315,56.18205378146595,0.9666385650634766,15.0,180.0
-193.1214094310892,53.34816567533658,56.09817005364594,1.066681504249573,15.0,180.0
-193.01055393268103,53.46916282324464,55.82177490760616,1.066681504249573,15.0,180.0
-192.78376620563856,53.77611384707077,55.45199965319195,1.166698813438416,15.0,180.0
-192.51736112969127,54.34268559490184,55.07854554885549,1.266844868659973,15.0,180.0
-192.41602045791788,54.96314696428973,54.81619239799354,1.366840600967407,15.0,180.0
-192.53805430106013,55.37607438574718,54.867299487199375,1.466723084449768,15.0,180.0
-192.91332051144505,55.60466675319611,55.03293887299088,1.566705346107483,15.0,180.0
-193.59716248228028,55.71463425380762,55.2021081444775,1.666599988937378,15.0,180.0
-194.3704266677223,55.72915526292732,55.467855438115336,1.766626358032227,15.0,180.0
-194.9821854574232,55.73306777457924,55.85656250013318,1.766626358032227,15.0,180.0
-195.6031501380718,55.677715361289934,56.33060479395745,1.86659574508667,15.0,180.0
-196.2928710495804,55.50845153437334,56.81002114504676,1.966627359390259,15.0,180.0
-196.8325898252872,55.33228183469931,57.26630511390187,2.066581726074219,15.0,180.0
-197.22263784242747,55.09253450022859,57.643139739362496,2.166679382324219,15.0,180.0
-197.44820462765023,54.65481493761396,57.77432804387074,2.266544342041016,15.0,180.0
-197.44728807234,54.0888316961752,57.69806109408169,2.366517782211304,15.0,180.0
-197.3387073312805,53.58375670247997,57.635305349513736,2.366517782211304,15.0,180.0
-197.27111695682032,53.25340633768428,57.40095784424232,2.466637849807739,15.0,180.0
-197.2139169052592,53.07642011317567,56.919916578139336,2.566606283187866,15.0,180.0
-197.1782464740144,53.11818633498855,56.55053419624871,2.666640281677246,15.0,180.0
-197.4116306899221,53.35409778235861,56.33138144984401,2.766682863235474,15.0,180.0
-197.90348234785023,53.585587021017545,56.21430868717596,2.866637945175171,15.0,180.0
-198.26180925169191,53.71548145734985,56.3142265209357,2.966622591018677,15.0,180.0
-198.1931448690291,53.73820498614163,56.53873915052836,3.06652045249939,15.0,180.0
-197.7988905937769,53.69847398027267,56.78253628994235,3.06652045249939,15.0,180.0
-197.41238816724885,53.57358106172034,57.09501927281308,3.166503190994263,15.0,180.0
-197.1130750434777,53.40351601728894,57.430646590694536,3.266605615615845,15.0,180.0
-196.7548653355693,53.274627298863166,57.72073240392648,3.366743326187134,15.0,180.0
-196.49124722659616,53.17554748146058,57.94291131299392,3.466688394546509,15.0,180.0
-196.5564950040796,53.097901365910246,57.96610165602797,3.566547393798828,15.0,180.0
-196.79020589087543,53.00490521224771,57.84285085059588,3.666566133499146,15.0,180.0
-196.95724515141052,52.88877028593345,57.840097522888925,3.766505718231201,15.0,180.0
-197.07034106806927,52.87177180480562,57.95681654708085,3.766505718231201,15.0,180.0
-197.197845186634,53.025055303281086,58.07669711654136,3.866616010665894,15.0,180.0
-197.3993264374652,53.13136021901638,58.18558679663939,3.966565370559692,15.0,180.0
-197.8130611054572,53.05015892944716,58.21728301088864,4.066565990447998,15.0,180.0
-198.28292940916648,53.00904964974778,58.25056613199271,4.166712760925293,15.0,180.0
-198.5260109518687,53.15817633046628,58.41528891558778,4.266634941101074,15.0,180.0
-198.6336989480508,53.40203054543527,58.59990717817728,4.366757869720459,15.0,180.0
-198.7346111050192,53.61390040730946,58.66940447504423,4.366757869720459,15.0,180.0
-198.81403546836324,53.79624594577314,58.604459254027866,4.46661901473999,15.0,180.0
-198.9263409454709,54.0707616789985,58.4231058510612,4.566425800323486,15.0,180.0
-199.14953236941503,54.31378662229744,58.18255297943499,4.666647434234619,15.0,180.0
-199.3995928487525,54.29661643462381,58.11227021960213,4.766688823699951,15.0,180.0
-199.55442253796903,54.120786515657976,58.35702709452033,4.866601943969727,15.0,180.0
-199.5739373475756,54.055157926127706,58.55861002501609,4.966660976409912,15.0,180.0
-199.5367687857412,54.30839201707217,58.43082794029348,5.06663703918457,15.0,180.0
-199.5870801013255,54.887023721229205,58.18899877325117,5.06663703918457,15.0,180.0
-199.75557968399767,55.463709852065925,58.06238938415333,5.166523456573486,15.0,180.0
-200.1663260827225,55.78219511586459,58.06269776821984,5.266561985015869,15.0,180.0
-200.7640452551993,55.87592304040972,58.1380140804425,5.36652946472168,15.0,180.0
-201.24744439007685,55.76584526019976,58.26944065434833,5.466446399688721,15.0,180.0
-201.6703278303937,55.65605728284753,58.34186859212485,5.566742897033691,15.0,180.0
-202.08034680255184,55.801596829058695,58.25968871488757,5.666632652282715,15.0,180.0
-202.2589830097608,55.93321999084332,58.19178662598856,5.666632652282715,15.0,180.0
-202.17822964389865,55.82100716948495,58.206618534302045,5.766600608825684,15.0,180.0
-202.1098070251089,55.67896737411385,58.279113979322105,5.866641044616699,15.0,180.0
-202.16366064571136,55.56530643633283,58.36453859358368,5.966619968414307,15.0,180.0
-202.1564514137316,55.38829616841526,58.393983342648845,6.066612243652344,15.0,180.0
-202.05141315387985,55.24332967218093,58.54751543833001,6.166533470153809,15.0,180.0
-201.90371818582807,55.31050052310836,58.864918046056175,6.266587734222412,15.0,180.0
-201.8864114505137,55.56719947230326,59.19877459241733,6.366732597351074,15.0,180.0
-202.2060050553124,55.84694722545158,59.47970339663173,6.366732597351074,15.0,180.0
-202.64458653135736,56.12817049382269,59.73482513197666,6.466741561889648,15.0,180.0
-202.9554483811685,56.47091402881203,59.98864314628956,6.566756725311279,15.0,180.0
-203.14377435930143,56.70714679305586,60.01087843586749,6.666670799255371,15.0,180.0
-203.27363893697023,56.58678551248854,59.751593960405245,6.766621112823486,15.0,180.0
-203.38279927154247,56.12933861995353,59.48894072781333,6.866619110107422,15.0,180.0
-203.343906366975,55.69717140188923,59.347933456501295,6.966511249542236,15.0,180.0
-203.13685596522072,55.60425680028781,59.33851993910809,7.06656551361084,15.0,180.0
-203.01991366132748,55.81171548124976,59.4584384451971,7.06656551361084,15.0,180.0
-203.1788960079155,56.17853123288871,59.64206251850975,7.166755676269531,15.0,180.0
-203.55238400142767,56.37603369091355,59.804710719703074,7.266782760620117,15.0,180.0
-204.059794794463,56.24180343395386,59.93596211027432,7.366580963134766,15.0,180.0
-204.5117726830341,55.9466322721144,60.07314185420511,7.466624736785889,15.0,180.0
-204.6318372167309,55.54321514558835,60.15230338926072,7.566571712493896,15.0,180.0
-204.4562925028024,55.07331792892365,60.15456184762466,7.666508197784424,15.0,180.0
-204.29714614432112,54.633101525445554,60.2060440925421,7.666508197784424,15.0,180.0
-204.284669632802,54.32170569213634,60.43782514576654,7.766575813293457,15.0,180.0
-204.2277527357316,54.20031865567066,60.76997282574322,7.866475582122803,15.0,180.0
-204.0835337074177,54.33908875697771,60.903487813607256,7.966371059417725,15.0,180.0
-204.06511710679496,54.732528951439605,60.7230350365093,8.066795349121094,15.0,180.0
-204.2658302632733,55.14618205548208,60.41263181123683,8.166679382324219,15.0,180.0
-204.6177066958536,55.32724428146284,60.168640201404855,8.266547203063965,15.0,180.0
-205.0170433150744,55.264265953418096,59.964931322831816,8.366645812988281,15.0,180.0
-205.3139435447099,55.09432808261609,59.60117787365467,8.366645812988281,15.0,180.0
-205.43979856986203,54.831672781669866,59.16646228588927,8.466556549072266,15.0,180.0
-205.451296311864,54.56266255047301,58.97186862956405,8.56675910949707,15.0,180.0
-205.35279973607345,54.383190607853614,58.94526122429584,8.66665267944336,15.0,180.0
-205.0764159254557,54.28612509859816,58.90411026823146,8.766342163085938,15.0,180.0
-204.7705276433892,54.34392773165552,58.791722379385874,8.866372108459473,15.0,180.0
-204.52956340190835,54.59373525253405,58.64606041717028,8.966469764709473,15.0,180.0
-204.2303668399717,55.02073321384498,58.57810788183797,8.966469764709473,15.0,180.0
-203.8660830387481,55.4955495379087,58.553887695844764,9.066713333129885,15.0,180.0
-203.3926859512566,55.83250731907711,58.59474476315168,9.166709899902344,15.0,180.0
-202.9180623307123,55.954239898599326,58.652180400727815,9.266602516174316,15.0,180.0
-202.5499236277197,55.99592931682173,58.62842558886862,9.36661434173584,15.0,180.0
-202.1520313485448,56.18652663770417,58.72307254507437,9.466691970825195,15.0,180.0
-201.9212145807187,56.51534794948522,59.0457832277738,9.566679954528809,15.0,180.0
-202.0710979788892,56.79210959079214,59.423638373439736,9.666448593139648,15.0,180.0
-202.38511269155185,56.97404561249574,59.81658202847562,9.666448593139648,15.0,180.0
-202.66318857995168,57.13103916159025,60.18606458952589,9.766227722167969,15.0,180.0
-202.87473257845664,57.19803329668887,60.38930130414876,9.866485595703123,15.0,180.0
-202.9722060796887,57.12125243974635,60.39404678773849,9.966797828674316,15.0,180.0
-202.85577508912,56.86296538593826,60.14802567844413,10.06673240661621,15.0,180.0
-202.43454155173885,56.42823702547103,59.700979371305294,10.16671371459961,15.0,180.0
-201.77015921240127,56.05896227663649,59.33699956550349,10.26655673980713,15.0,180.0
-201.1237922282963,55.95269453296157,59.17029371647633,10.36658382415771,15.0,180.0
-200.68707209647272,56.00755925159568,58.87660181073982,10.36658382415771,15.0,180.0
-200.4486393349025,56.15828616355325,58.4498707629162,10.46664237976074,15.0,180.0
-200.34577961020383,56.44092580711788,58.37988914492189,10.56664562225342,15.0,180.0
-200.37013978729053,56.74184887671206,58.60674095698347,10.66641521453857,15.0,180.0
-200.4650313841479,56.92888447166341,58.69300909126181,10.76666259765625,15.0,180.0
-200.4789727270188,56.91947614343368,58.619966701618935,10.86689376831055,15.0,180.0
-200.29301044417616,56.69272821624498,58.63290744245292,10.96670246124268,15.0,180.0
-199.9309500780389,56.31785508416972,58.88392581294091,10.96670246124268,15.0,180.0
-199.4293459589485,55.97134585653127,59.2180812813018,11.06675338745117,15.0,180.0
-198.7597037798932,55.76123738695675,59.38694711691079,11.16659736633301,15.0,180.0
-198.0598724027205,55.67689556555564,59.50736835140209,11.26662063598633,15.0,180.0
-197.5562750063824,55.659241097655226,59.69129008340792,11.36662769317627,15.0,180.0
-197.31173381284896,55.56423604076532,59.751482435128665,11.46653366088867,15.0,180.0
-197.22161939661729,55.443737345487385,59.590078551121664,11.56640434265137,15.0,180.0
-197.1357111312761,55.438686098039454,59.341487722358586,11.66669368743896,15.0,180.0
-196.9449041697925,55.53868346304967,59.18223985887472,11.66669368743896,15.0,180.0
-196.63132057213068,55.60131298790424,59.094150025675326,11.76685905456543,15.0,180.0
-196.27669208011287,55.510932464597325,58.91341197087338,11.86668872833252,15.0,180.0
-195.9178200909299,55.380907269886585,58.59418022455976,11.9665994644165,15.0,180.0
-195.69288258505247,55.40207459635216,58.203947366252045,12.06648445129395,15.0,180.0
-195.72295666512463,55.50549632560595,57.77756820929174,12.16674613952637,15.0,180.0
-195.7779226991604,55.44717658501354,57.397165166327206,12.26679515838623,15.0,180.0
-195.7116047623486,55.22143211675071,57.17494550930034,12.26679515838623,15.0,180.0
-195.56925628202544,54.92790864786989,57.060807181082005,12.36636734008789,15.0,180.0
-195.31711654661524,54.66958889565271,56.93914115705604,12.46620464324951,15.0,180.0
-195.0019733840533,54.57336222234725,56.74449202797062,12.56661319732666,15.0,180.0
-194.80680817185657,54.50744200574738,56.45495790534606,12.66682529449463,15.0,180.0
-194.7127566246968,54.3328982610974,56.19183630960065,12.7667818069458,15.0,180.0
-194.6092464052864,54.11372824526529,55.9772194180142,12.86650085449219,15.0,180.0
-194.42544371485337,53.87885929454834,55.71075819934776,12.966552734375,15.0,180.0
-194.1740380158343,53.58432402021536,55.38871603912549,12.966552734375,15.0,180.0
-193.95252160676336,53.29216468954655,54.92534701882046,13.06667709350586,15.0,180.0
-193.5965301947481,53.08502040280347,54.39888563049266,13.16669368743896,15.0,180.0
-193.0706866237204,52.89112226621474,54.059435584887765,13.26641273498535,15.0,180.0
-192.53633175187176,52.74187786483832,53.89584456861989,13.36618709564209,15.0,180.0
-192.0418594819152,52.80559454927875,53.96560624779728,13.46650505065918,15.0,180.0
-191.6905635107828,53.08870225829174,54.34973047526194,13.56692886352539,15.0,180.0
-191.57975495908263,53.25306413297511,54.80442179194117,13.56692886352539,15.0,180.0
-191.5355681336332,53.03003966477243,55.09298649955592,13.66687774658203,15.0,180.0
-191.4213627305957,52.54988660023917,55.36938295978386,13.76675891876221,15.0,180.0
-191.2970981656447,52.018776233263445,55.91364644313335,13.8665943145752,15.0,180.0
-191.0688895239253,51.58680114864597,56.59992750685005,13.9666051864624,15.0,180.0
-190.77491825437937,51.29181177615362,57.06204697514009,14.06659889221191,15.0,180.0
-190.59946764202303,51.18545825773495,57.06398965131873,14.16665267944336,15.0,180.0
-190.473902291393,51.1754317414891,56.80713231207776,14.26654148101807,15.0,180.0
-190.33456855427949,50.99578568691279,56.54313214878473,14.26654148101807,15.0,180.0
-190.25897212352464,50.70976175365631,56.1918852457638,14.36660861968994,15.0,180.0
-190.1374741076561,50.59394160117171,55.79179376942281,14.4667911529541,15.0,180.0
-189.84557345646985,50.77908946460412,55.40178400638894,14.56669235229492,15.0,180.0
-189.47580336373423,50.99851649541629,55.056321087521376,14.6667423248291,15.0,180.0
-189.11279695434965,51.06027546318111,54.84527506012591,14.76658821105957,15.0,180.0
-188.69922525914671,51.11299792582712,54.64288362182246,14.86632537841797,15.0,180.0
-188.11150003594287,51.31457672379341,54.40063394416711,14.96654510498047,15.0,180.0
-187.3510205716005,51.61382204907286,54.26968885035631,14.96654510498047,15.0,180.0
-186.66654007716247,51.75548515425865,54.13232132977202,15.06652545928955,15.0,180.0
-186.16164604504888,51.67212314203004,53.76828870625966,15.16620254516602,15.0,180.0
-185.74409298049224,51.58933811868539,53.18911476262417,15.26631355285645,15.0,180.0
-185.48317650601712,51.712406396417485,52.61378824822512,15.3666524887085,15.0,180.0
-185.372270515905,51.87011644916221,52.23620878998425,15.46674537658691,15.0,180.0
-185.33834453540845,52.006776412005664,51.86278510288699,15.56674194335938,15.0,180.0
-185.33645409186263,52.27845270410387,51.42764955064837,15.56674194335938,15.0,180.0
-185.18224192878463,52.508508176867366,51.2151887055104,15.66647815704346,15.0,180.0
-184.8185405591176,52.59757905527752,51.226666373584,15.76652908325195,15.0,180.0
-184.27905159498536,52.68670793695532,51.25674180228677,15.86674499511719,15.0,180.0
-183.57970438447848,52.70303590439528,51.203790813425634,15.96664810180664,15.0,180.0
-182.9341563803551,52.5867207236658,51.05965863134777,16.06648635864258,15.0,180.0
-182.40866178484083,52.49879672641696,50.83244689940346,16.16678047180176,15.0,180.0
-181.8370835216049,52.531849686316285,50.59825778297549,16.26665496826172,15.0,180.0
-181.10970399248592,52.566571189855125,50.53433127977326,16.26665496826172,15.0,180.0
-180.3658705510616,52.47362230614047,50.682281353006616,16.3666820526123,15.0,180.0
-179.9061923351453,52.30430041068176,50.82497418165766,16.46674919128418,15.0,180.0
-179.71358059332584,52.10218856966013,50.77019654461437,16.56674385070801,15.0,180.0
-179.52282368024663,51.99921909708121,50.71322776689133,16.66684913635254,15.0,180.0
-179.29293080647116,52.15767885403487,50.79818619938296,16.76667213439941,15.0,180.0
-179.14188624974682,52.46063956079975,50.82699837559178,16.86661338806152,15.0,180.0
-179.0427979253973,52.7038760038246,50.69777077997681,16.86661338806152,15.0,180.0
-178.9026692239413,52.79935257241914,50.5472969560554,16.96668243408203,15.0,180.0
-178.72617411996526,52.84782965490674,50.5866059574096,17.06661796569824,15.0,180.0
-178.60594307367134,52.812904515752,50.89306911554991,17.16673851013184,15.0,180.0
-178.56893650088648,52.58863865713349,51.44366525755408,17.26666259765625,15.0,180.0
-178.60971961557584,52.30462393897383,51.98534144820374,17.3665943145752,15.0,180.0
-178.65935814086345,51.98255986911995,52.13681439587676,17.46666717529297,15.0,180.0
-178.46642766417008,51.5995542970512,51.96124977815935,17.5665111541748,15.0,180.0
-178.00963497112187,51.19785491154028,51.717995716303534,17.5665111541748,15.0,180.0
-177.5160418746505,50.797440475142544,51.50678031247424,17.66654777526855,15.0,180.0
-176.99506026202664,50.47951889667897,51.37962197891021,17.76661109924316,15.0,180.0
-176.48385155838338,50.30304698183934,51.269683992949325,17.86646270751953,15.0,180.0
-176.04088856191245,50.20882106770559,51.086389412565175,17.96661186218262,15.0,180.0
-175.4564741683126,50.15610333892959,50.88453288714668,18.06669998168945,15.0,180.0
-174.75105379136627,50.138884956448216,50.71702442532413,18.16675186157227,15.0,180.0
-174.2587605360734,50.154723888475125,50.64022456976227,18.26662826538086,15.0,180.0
-174.00923985968117,50.1433861000463,50.77055464009747,18.26662826538086,15.0,180.0
-173.81212239787857,50.00114277355686,50.9906730944768,18.36651992797852,15.0,180.0
-173.64524550687543,49.81476122913488,51.09042492684864,18.46647834777832,15.0,180.0
-173.5913059920047,49.68691632416467,51.05121373404427,18.56661605834961,15.0,180.0
-173.67304649673497,49.736358179713285,50.84041795827563,18.66670417785645,15.0,180.0
-173.6110984454935,50.038588248757,50.43356511054767,18.76654243469238,15.0,180.0
-173.23378564994158,50.3279095351311,49.91371845915654,18.8665714263916,15.0,180.0
-172.67370755488176,50.3780524151835,49.377998435897794,18.8665714263916,15.0,180.0
-172.02461983385768,50.13214034926578,49.074693666804286,18.96658325195312,15.0,180.0
-171.44255714614854,49.625656780192735,48.969952709573306,19.06665992736816,15.0,180.0
-171.05971259583416,49.10206285145986,48.74437075694145,19.16681671142578,15.0,180.0
-170.81442970280384,48.75215465963009,48.52469001446308,19.26653099060059,15.0,180.0
-170.5366542981558,48.48885180474615,48.38730821123467,19.36650657653809,15.0,180.0
-170.042827079239,48.152310834255815,48.213200700159206,19.46657752990723,15.0,180.0
-169.25997068496403,47.77899968554491,48.03240879305092,19.56654167175293,15.0,180.0
-168.46278152853975,47.462778967654685,47.87428755007844,19.56654167175293,15.0,180.0
-167.9244678319044,47.35418095994676,47.846856530416574,19.66673278808594,15.0,180.0
-167.58780846203095,47.35984014698632,48.04583757594868,19.76666831970215,15.0,180.0
-167.29364810799134,47.173820552021446,48.2842075237938,19.86653709411621,15.0,180.0
-167.192637138899,47.071786776899856,48.27704846118856,19.96664810180664,15.0,180.0
-167.54652833262566,47.09340976815281,48.12208973497101,20.06656455993652,15.0,180.0
-168.03140498694276,46.84265843596661,48.00399951055994,20.16665077209473,15.0,180.0
-168.20410506968352,46.62937606858986,47.90744275029405,20.16665077209473,15.0,180.0
-168.03810479522855,46.64494705656729,47.92109782739221,20.26680564880371,15.0,180.0
-167.77824807463134,46.55380695881104,47.96649903547385,20.36663055419922,15.0,180.0
-167.48671995669184,46.52907628656322,47.89197887234341,20.46656036376953,15.0,180.0
-166.83542304296813,46.73018919874799,47.78840124867698,20.56665802001953,15.0,180.0
-165.9182848385094,46.921738140690366,47.667297222266725,20.6666145324707,15.0,180.0
-165.1690601328836,47.05067704930765,47.53841846505145,20.76652336120605,15.0,180.0
-164.63097580950492,47.07800559486013,47.48711131214576,20.86651039123535,15.0,180.0
-164.23609636024165,47.01557830890125,47.42828687009654,20.86651039123535,15.0,180.0
-163.91051353960842,46.91711448702485,47.250622621234,20.96663284301758,15.0,180.0
-163.48541057332835,46.70027720627973,46.95811879077572,21.06671714782715,15.0,180.0
-162.90411922628527,46.40319215464097,46.61957460432037,21.16668891906738,15.0,180.0
-162.34881640973592,46.08643775662595,46.45191637666089,21.2665843963623,15.0,180.0
-161.9838873525352,45.78822646269982,46.40919038738806,21.36664772033691,15.0,180.0
-161.66693847309875,45.56899965762589,46.22885637568727,21.4665470123291,15.0,180.0
-161.30111482020072,45.41566798591207,46.04190391250593,21.4665470123291,15.0,180.0
-160.92718818103754,45.4338147112008,46.02957061626325,21.56656837463379,15.0,180.0
-160.58507234442507,45.56296468276396,46.1869813697995,21.6666202545166,15.0,180.0
-160.39933129306797,45.5908572428048,46.3735838923246,21.7668285369873,15.0,180.0
-160.33710383506622,45.50890399989867,46.32443983507592,21.86688041687012,15.0,180.0
-160.25571727426927,45.389097670366574,46.03092712971307,21.9665641784668,15.0,180.0
-160.2346057716282,45.23848996887675,45.71440703085079,22.06630325317383,15.0,180.0
-160.24720086011817,45.101756982864586,45.46659131858776,22.16653251647949,15.0,180.0
-160.05639815544993,45.05551864657191,45.30971718310006,22.16653251647949,15.0,180.0
-159.72029150674544,44.94105807569702,45.22425312358518,22.26649856567383,15.0,180.0
-159.37395143312315,44.70480755550941,44.968684539333,22.3665714263916,15.0,180.0
-158.98840916892678,44.46424513164799,44.615359493477314,22.4666748046875,15.0,180.0
-158.70385488098376,44.42807157911572,44.53232034365346,22.56644058227539,15.0,180.0
-158.43635652255784,44.64224799216409,44.68197136832799,22.66653823852539,15.0,180.0
-157.9610655711051,44.81129250519335,44.84646002086861,22.76670837402344,15.0,180.0
-157.50067049020643,44.94072397077548,44.911272841325385,22.8665599822998,15.0,180.0
-157.13672564896294,44.99131381154975,44.77729785467932,22.8665599822998,15.0,180.0
-156.68546430597922,44.93624299134197,44.427221424454,22.96669960021973,15.0,180.0
-156.1783548116164,44.941735459350014,44.00017320387855,23.0666389465332,15.0,180.0
-155.7939757952593,44.73195170777979,43.62751020205094,23.16658782958984,15.0,180.0
-155.52971848446109,44.22322768956819,43.36967141544476,23.26668930053711,15.0,180.0
-155.1302257453715,43.760088998587925,43.24773579640739,23.36664581298828,15.0,180.0
-154.62184209499725,43.54905054212863,43.29647493798299,23.46662330627441,15.0,180.0
-154.20323050233569,43.54702978644077,43.56785926088129,23.46662330627441,15.0,180.0
-153.7255767357653,43.60978406752852,43.95805337136471,23.56662750244141,15.0,180.0
-153.11555740254738,43.70144548083152,44.196945862618456,23.66665267944336,15.0,180.0
-152.5410988813458,43.789049871911615,44.25379356474419,23.7665843963623,15.0,180.0
-151.99033669651743,43.78828576229867,44.35958510279559,23.86652374267578,15.0,180.0
-151.423200760312,43.65684716239114,44.419206618917386,23.96660423278809,15.0,180.0
-150.89978566823757,43.55313456006392,44.30741391833671,24.06662559509277,15.0,180.0
-150.42344354945905,43.57722050774554,44.11083932111216,24.16670417785645,15.0,180.0
-150.08371821675,43.58741720168791,43.72930999898546,24.16670417785645,15.0,180.0
-150.0450034826236,43.66470471154624,43.17131008230594,24.26648902893066,15.0,180.0
-150.28811312969262,43.81533363968387,42.7840084019459,24.36645317077637,15.0,180.0
-150.66945887418345,43.8084885071231,42.70260284603363,24.46653938293457,15.0,180.0
-151.1408366063198,43.72339772094797,42.63478083428917,24.56657981872559,15.0,180.0
-151.54085710023566,43.64157418173347,42.544224359327046,24.66662979125977,15.0,180.0
-151.5073743817142,43.329100836071134,42.494166478863626,24.76670455932617,15.0,180.0
-151.06228020967876,42.73250081307805,42.29727735383054,24.76670455932617,15.0,180.0
-150.5729697997586,42.09557037158787,41.98058294605279,24.86660766601562,15.0,180.0
-150.14770579742978,41.62747196201787,41.68633590990673,24.96659088134766,15.0,180.0
-149.80950181627463,41.38122904897762,41.48265098146136,25.06649398803711,15.0,180.0
-149.54937024477618,41.29981451064489,41.37037332898677,25.16656875610352,15.0,180.0
-149.18282006729456,41.30206929583366,41.385018118265,25.26673889160156,15.0,180.0
-148.6266314245974,41.27451885941593,41.5494245284706,25.36659622192383,15.0,180.0
-147.97194775588844,41.13122908297392,41.59595940946394,25.46655464172363,15.0,180.0
-147.43235371501697,40.88662464138917,41.24509361645406,25.46655464172363,15.0,180.0
-146.9885510341429,40.65694353571995,40.71195101176851,25.56672286987305,15.0,180.0
-146.49845246189037,40.600659884156855,40.4479010332076,25.66664886474609,15.0,180.0
-146.2023115506138,40.77149667964847,40.3967014161301,25.76655960083008,15.0,180.0
-146.1867498822917,40.93031974937794,40.16707214344994,25.86659622192383,15.0,180.0
-146.26108095775362,40.93862747256051,39.88446621566983,25.96645164489746,15.0,180.0
-146.3353142722238,40.90755194600136,39.79630245901407,26.06662559509277,15.0,180.0
-146.2888560507547,40.83220398657598,39.76217877429978,26.16671562194824,15.0,180.0
-146.07038900755342,40.90692844875844,39.647132033253314,26.16671562194824,15.0,180.0
-145.72325412229722,41.290265067229,39.30802922594473,26.26656913757324,15.0,180.0
-145.22685406927948,41.64221944846265,38.83377055752427,26.36656379699707,15.0,180.0
-144.5862452592189,41.70110575796374,38.50332654444451,26.46657943725586,15.0,180.0
-143.9446875441498,41.58309355686773,38.30459636556821,26.56669425964355,15.0,180.0
-143.424937536063,41.43743159725296,38.18782350276904,26.6667594909668,15.0,180.0
-142.96847450372917,41.36982832598255,38.26428723058639,26.76657104492188,15.0,180.0
-142.65553336425265,41.37162748512591,38.511960495347935,26.76657104492188,15.0,180.0
-142.56041376214475,41.31893528470185,38.747825248606766,26.8666877746582,15.0,180.0
-142.4432237680012,41.184207148119256,38.81312654105096,26.96675682067871,15.0,180.0
-142.14329325623913,41.09458287311819,38.73560958980346,27.06658554077148,15.0,180.0
-141.78705237867194,41.17155437374608,38.68139027484964,27.16607093811035,15.0,180.0
-141.62762779203837,41.35987848343662,38.61521525207136,27.26620483398438,15.0,180.0
-141.62220761667015,41.64608599281267,38.47515224510729,27.36683082580566,15.0,180.0
-141.40735372892948,42.057123448709454,38.37005377193432,27.46713447570801,15.0,180.0
-140.92440776991302,42.530659627889406,38.31043390352156,27.46713447570801,15.0,180.0
-140.40339101854255,42.92917118955281,38.23499203848847,27.56684494018555,15.0,180.0
-139.82599985540736,43.07700268364158,38.13174960330152,27.66635322570801,15.0,180.0
-139.20895228686848,42.95654843531344,37.93498793292303,27.76657485961914,15.0,180.0
-138.7991969884866,42.58425210783992,37.645939491404086,27.86678695678711,15.0,180.0
-138.5997282338423,42.08356281658875,37.48569363397905,27.96656227111816,15.0,180.0
-138.44118592727182,41.60571421891581,37.45914567279636,28.06583595275879,15.0,180.0
-138.3823810093445,41.06996753535402,37.33002695810993,28.06583595275879,15.0,180.0
-138.3902919004207,40.42029162245425,37.15727959687253,28.1663818359375,15.0,180.0
-138.11265537791456,39.89471985730512,36.99543697324298,28.26693344116211,15.0,180.0
-137.5248702490858,39.75397469410556,36.69641402334938,28.36714553833008,15.0,180.0
-136.87658964083033,39.65588999588272,36.20013815488298,28.46682167053223,15.0,180.0
-136.27892119668925,39.32370373213196,35.630346260033946,28.56647109985352,15.0,180.0
-135.8378558109728,39.078349609268535,35.10335313333994,28.66630935668945,15.0,180.0
-135.5631009657997,39.02542753506277,34.68885294696633,28.76670074462891,15.0,180.0
-135.3486888281277,38.98436829994453,34.467874067014456,28.76670074462891,15.0,180.0
-135.06414545951617,39.10172269955104,34.28631383653626,28.86684226989746,15.0,180.0
-134.55152010112667,39.49926338516758,34.044962732641835,28.96598625183105,15.0,180.0
-133.8437233233828,39.96032991333264,33.81681859250421,29.06616020202637,15.0,180.0
-133.1780310870987,40.39688252469708,33.67620232170153,29.16672325134277,15.0,180.0
-132.7246329415531,40.66747233661094,33.680788447348746,29.26715469360352,15.0,180.0
-132.4102699180276,40.77687240021015,33.8010299834353,29.36693954467773,15.0,180.0
-132.0228873771067,40.97841320916839,33.993569810234604,29.36693954467773,15.0,180.0
-131.49581566394815,41.15784493908821,34.17140520246296,29.46646308898926,15.0,180.0
-130.89086221479582,41.03571115189421,34.32243281957548,29.56632041931152,15.0,180.0
-130.3638022600299,40.57714351779112,34.48276466036441,29.66674613952637,15.0,180.0
-130.06804668360056,39.83556449792978,34.63851504702729,29.76699829101562,15.0,180.0
-129.92566087679728,38.99881597374917,34.800791156136384,29.86625099182129,15.0,180.0
-129.7722877992192,38.39791483918387,34.98134938625962,29.96610069274902,15.0,180.0
-129.523912975881,38.0209740548278,35.244707906509014,30.06666946411133,15.0,180.0
-129.12765131053482,37.71571276764415,35.48548007363275,30.06666946411133,15.0,180.0
-128.729566833537,37.53059135327915,35.4941385358389,30.16708946228027,15.0,180.0
-128.5875467191443,37.47524764241528,35.241450583473856,30.26708984375,15.0,180.0
-128.7306297100281,37.55202507559911,34.799139779144475,30.36677932739258,15.0,180.0
-128.90082166837894,37.67472558199999,34.16887317883784,30.46666526794434,15.0,180.0
-128.8224584261782,37.680288728972535,33.333356685970955,30.56679534912109,15.0,180.0
-128.57164118216377,37.67902511948358,32.63654497475066,30.66666030883789,15.0,180.0
-128.2987180863319,37.72962027763826,32.20719824833779,30.76653861999512,15.0,180.0
-127.87676904574332,37.7737541360341,31.92093866570139,30.76653861999512,15.0,180.0
-127.34715225726116,37.82374353669244,32.02429827025083,30.86634826660156,15.0,180.0
-126.91348919455234,37.70914844536442,32.54845210286119,30.96646499633789,15.0,180.0
-126.554779525904,37.43644668245678,33.08318952024773,31.06674575805664,15.0,180.0
-126.26773397929168,37.28135599892272,33.473994531749945,31.16666030883789,15.0,180.0
-126.01551561724877,37.29717895791663,33.933783075595144,31.2667236328125,15.0,180.0
-125.78513807212354,37.23869424694571,34.427782743423734,31.36660385131836,15.0,180.0
-125.6574541481332,37.13837037042666,34.720953571344,31.36660385131836,15.0,180.0
-125.60141457184147,37.28926873269781,34.86355937361852,31.46642875671387,15.0,180.0
-125.58297692580436,37.48013071612418,35.017990954690944,31.56660270690918,15.0,180.0
-125.48018959882732,37.44260535143671,34.8894783954236,31.66666412353516,15.0,180.0
-125.22367636965556,37.32327641992678,34.23110324046352,31.76663398742676,15.0,180.0
-124.9220515363216,37.341953058259705,33.251781516101104,31.86660385131836,15.0,180.0
-124.55712368151296,37.38604597926276,32.306303270248705,31.9665641784668,15.0,180.0
-124.10428658759685,37.22329409040909,31.727399108227853,32.066650390625,15.0,180.0
-123.713375913443,36.97743071699578,31.350019503965665,32.066650390625,15.0,180.0
-123.35710237501884,36.67213041652201,30.95303667020325,32.1666145324707,15.0,180.0
-122.76718758395252,36.34543596070228,30.61890106768555,32.26671981811523,15.0,180.0
-122.02862375759682,36.30823014469445,30.33453814113628,32.36661529541016,15.0,180.0
-121.5576876795833,36.45241792774054,30.142811483384904,32.46653747558594,15.0,180.0
-121.31889594198712,36.37243737553443,30.095917865628813,32.56649398803711,15.0,180.0
-120.86216885055272,36.03734526800239,29.980551188184474,32.6666259765625,15.0,180.0
-120.2246921010123,35.71639898905326,29.78020188918789,32.6666259765625,15.0,180.0
-119.83281218248877,35.51730628753244,29.622565104053464,32.76684188842773,15.0,180.0
-119.73019239107389,35.315602519590804,29.43592669541692,32.86660766601562,15.0,180.0
-119.71462625016017,35.068034175664174,29.323885670511423,32.96659469604492,15.0,180.0
-119.61302571162392,34.84893922755738,29.29570121956232,33.06658554077148,15.0,180.0
-119.3047097302382,34.73551782998058,29.369080676649418,33.16662216186523,15.0,180.0
-118.81108983862904,34.76468962436497,29.47011073478255,33.26679611206055,15.0,180.0
-118.19597494231368,34.936816519808296,29.32395016684029,33.36665725708008,15.0,180.0
-117.53126383025118,35.154626603195574,29.1910236715752,33.36665725708008,15.0,180.0
-117.04679117645304,35.182849499646395,29.282155801971296,33.46661758422852,15.0,180.0
-116.78682738861976,35.04209568027949,29.39787567008666,33.56676864624023,15.0,180.0
-116.55343011465678,35.05167640642981,29.519429244322723,33.66666412353516,15.0,180.0
-116.3753856069454,35.19974827356108,29.73049755855212,33.76659774780273,15.0,180.0
-116.15462139031266,35.182860708724945,29.84368097298194,33.8665657043457,15.0,180.0
-115.64613184594872,35.07815243696099,29.6617021833102,33.96656036376953,15.0,180.0
-114.78976341250208,35.10667938483002,29.33946754307972,34.06661605834961,15.0,180.0
-113.74489091256962,35.28902919139177,29.043196902738885,34.06661605834961,15.0,180.0
-112.89630272891704,35.50850970849461,28.814402852500805,34.16669845581055,15.0,180.0
-112.34298761385833,35.621607578180274,28.67593096670948,34.26668548583984,15.0,180.0
-111.93867261613742,35.66759660492991,28.608799897725525,34.36661911010742,15.0,180.0
-111.58263682230624,35.63823298704637,28.626678166376937,34.46655654907227,15.0,180.0
-111.16881365806948,35.507480337738286,28.64994456455424,34.56650161743164,15.0,180.0
-110.66676473301186,35.17795719565019,28.599513924154696,34.66660690307617,15.0,180.0
-110.16953786941428,34.58315742478296,28.51618050866935,34.66660690307617,15.0,180.0
-109.82156617273532,33.93537995371534,28.33555931451377,34.76665878295898,15.0,180.0
-109.66007961760042,33.339718691757,28.13622962985467,34.86669540405273,15.0,180.0
-109.59848832199856,32.81484515337242,28.1731221110775,34.96664810180664,15.0,180.0
-109.600989116634,32.53934163211662,28.368489457798223,35.06656646728516,15.0,180.0
-109.66876995746644,32.63544361494056,28.609629714402864,35.16651153564453,15.0,180.0
-109.61605026897604,32.87580245944576,28.8903034784958,35.26662445068359,15.0,180.0
-109.26524195650023,32.97630921989796,29.030005393346983,35.36654281616211,15.0,180.0
-108.7677080367885,33.05634736912763,28.96132588996001,35.36654281616211,15.0,180.0
-108.36184316605954,33.32489694218464,28.774081126540413,35.46654510498047,15.0,180.0
-107.96423129297315,33.6432624781655,28.520660937244177,35.56652450561523,15.0,180.0
-107.44388025448043,33.79627976263764,28.246775125026605,35.66664123535156,15.0,180.0
-106.98842066113586,33.75581191327324,27.9451354785739,35.76674270629883,15.0,180.0
-106.7385256068515,33.61679961368963,27.605648088898825,35.86656188964844,15.0,180.0
-106.54745967399772,33.545721789793014,27.34171348247284,35.96646118164062,15.0,180.0
-106.24128967787482,33.532561208547506,27.350734180977625,35.96646118164062,15.0,180.0
-105.8585284376968,33.34905270235324,27.62845676235983,36.06649780273438,15.0,180.0
-105.48341231375449,32.882156322757865,27.866688677343816,36.16664886474609,15.0,180.0
-104.9564713829102,32.43076835920113,27.906029803106595,36.26659774780273,15.0,180.0
-104.3091547984152,32.13237366196475,27.71979944363597,36.36621856689453,15.0,180.0
-103.8153828537428,31.65606787335021,27.30949170860743,36.46636581420898,15.0,180.0
-103.47679349895223,31.14189960842632,26.832244082565023,36.56671142578125,15.0,180.0
-103.14767913462092,30.90179027888195,26.412973733593063,36.66708755493164,15.0,180.0
-102.74437387177674,30.81694351451092,25.90233779218853,36.66708755493164,15.0,180.0
-102.35904240628987,30.69254197164452,25.16723750672484,36.76673126220703,15.0,180.0
-102.1365628692021,30.513109746663226,24.45935109916876,36.86636734008789,15.0,180.0
-102.05487068279896,30.471508199145266,24.058558058345035,36.96635818481445,15.0,180.0
-102.07551519719664,30.61152208391318,24.021061362548323,37.06673049926758,15.0,180.0
-102.04811371855514,30.750791116456824,24.210518320865027,37.16685485839844,15.0,180.0
-101.82759840695016,30.74761385266957,24.46253762572197,37.26615524291992,15.0,180.0
-101.50403882517188,30.72347057032861,24.797275241859985,37.26615524291992,15.0,180.0
-101.14690290260324,30.90975937799753,25.11590387135137,37.36616516113281,15.0,180.0
-100.5879822985986,31.309546262901645,25.139720578829973,37.46673202514648,15.0,180.0
-99.56739825400383,31.6927814845533,24.99316975311626,37.56701278686523,15.0,180.0
-98.45093347057124,31.88121188947686,25.03814630570471,37.6668815612793,15.0,180.0
-97.8289422180396,31.992681651634165,25.197506946514384,37.76696014404297,15.0,180.0
-97.49622285751067,32.04559774663842,25.27831796109796,37.86665344238281,15.0,180.0
-97.1137504700339,31.94041511256443,25.308890929469165,37.96670913696289,15.0,180.0
-96.70413404793209,31.785718281279703,25.15968387824832,37.96670913696289,15.0,180.0
-96.24647917727616,31.64434924995057,24.86126549690768,38.06675720214844,15.0,180.0
-95.79650642657911,31.529558696001903,24.60739753642133,38.16655349731445,15.0,180.0
-95.49216998628728,31.4776401351286,24.341691900917013,38.26648330688477,15.0,180.0
-95.44534309436854,31.480291563489697,24.10841490131892,38.36664581298828,15.0,180.0
-95.67161529706104,31.55507635168556,24.08241444142396,38.46669769287109,15.0,180.0
-95.90852669024645,31.54348564362325,24.33211494663868,38.5666618347168,15.0,180.0
-95.82336787269742,31.25792213544937,24.54631757064419,38.66664123535156,15.0,180.0
-95.3564923732523,30.870201074957222,24.461165046473138,38.66664123535156,15.0,180.0
-94.87826915212062,30.602941404617408,24.26641661060875,38.7665901184082,15.0,180.0
-94.63567357986418,30.456635953798656,24.03892001330972,38.86665344238281,15.0,180.0
-94.43088646071158,30.382853496888977,23.801287573904688,38.96676635742188,15.0,180.0
-94.14117495674644,30.4015804304974,23.600567046311827,39.06645965576172,15.0,180.0
-93.7676295819636,30.430083802524745,23.232886385846832,39.16621017456055,15.0,180.0
-93.27230736943788,30.3051253071636,22.75763161570235,39.26647567749023,15.0,180.0
-92.7577437536272,30.15609398628197,22.40158075378394,39.26647567749023,15.0,180.0
-92.34488116627962,30.191427265731296,21.996108670883604,39.36662673950195,15.0,180.0
-92.01211197011769,30.32748953169348,21.46945550823261,39.4666633605957,15.0,180.0
-91.6134706392701,30.45005268869909,21.01773596355574,39.56647491455078,15.0,180.0
-90.96576985961572,30.53773499536897,20.89554228145991,39.66660308837891,15.0,180.0
-90.17643372779573,30.67003045771139,21.16151659907396,39.76673126220703,15.0,180.0
-89.5321047579656,30.75777155343137,21.58240980162558,39.86664199829102,15.0,180.0
-89.08957391486524,30.39663479340201,21.88966133538604,39.96664428710938,15.0,180.0
-88.60002379935628,29.544443935653945,21.981491244506334,39.96664428710938,15.0,180.0
-87.87098583664962,28.644235146224474,22.01449151312361,40.06641006469727,15.0,180.0
-87.0932376325007,28.187668759011167,22.01199865767111,40.1664924621582,15.0,180.0
-86.6054042820708,28.32153937274006,21.94283754990836,40.26686477661133,15.0,180.0
-86.5308717242419,28.656322900362223,21.82003219915949,40.36673736572266,15.0,180.0
-86.65781777371028,28.830385974575503,21.676655458782783,40.46665191650391,15.0,180.0
-86.73360158383846,28.88603083547936,21.59462749577389,40.56641387939453,15.0,180.0
-86.71429543595859,28.86634361915032,21.45834042874148,40.56641387939453,15.0,180.0
-86.5871030197166,28.684581950625866,21.14670973687003,40.66654586791992,15.0,180.0
-86.36906913584369,28.44390846687338,20.77560059762532,40.76681518554688,15.0,180.0
-86.12916928090443,28.3230216482928,20.633120386859943,40.86636352539062,15.0,180.0
-85.86285419274023,28.252962869879457,20.80125260106611,40.9654426574707,15.0,180.0
-85.60363091260547,28.190262366404745,21.062269318855336,41.06595230102539,15.0,180.0
-85.41625606987233,28.196585814270147,21.18233967450013,41.16682052612305,15.0,180.0
-85.27085503301431,28.1673993936327,21.244441730893907,41.26742553710938,15.0,180.0
-85.06028043936948,28.048055031669392,21.453020868437115,41.26742553710938,15.0,180.0
-84.81338758585088,27.856289960897847,21.696260484415888,41.36682891845703,15.0,180.0
-84.56553349550987,27.49558482398288,21.687588471699947,41.46609497070312,15.0,180.0
-84.22973158785024,27.007706099142737,21.39512528209884,41.56633758544922,15.0,180.0
-83.8119599862322,26.52853688072272,21.013005815768697,41.66708755493164,15.0,180.0
-83.30991010873734,26.13117268897643,20.522610564452457,41.76684188842773,15.0,180.0
-82.80442285362884,25.914775533088747,19.9453239604236,41.86554718017578,15.0,180.0
-82.35560051024349,25.841420609733767,19.54839936104735,41.96612930297852,15.0,180.0
-81.92738380312517,25.81630204231639,19.48995380393832,41.96612930297852,15.0,180.0
-81.55706830423233,25.833501046722176,19.65666665740517,42.06692123413086,15.0,180.0
-81.23684004995934,25.95247190779564,19.80513450978967,42.16769409179688,15.0,180.0
-80.87224600576135,26.19199726237544,19.842890683045667,42.26698684692383,15.0,180.0
-80.34396808213098,26.336012483927146,19.793617844478643,42.36581420898438,15.0,180.0
-79.63838792526948,26.20974278260433,19.672218148358706,42.46628952026367,15.0,180.0
-78.86658471758035,26.003291819718708,19.61363375602816,42.56697082519531,15.0,180.0
-78.15331075573701,25.94959875895892,19.75913574878963,42.56697082519531,15.0,180.0
-77.46623318407713,26.009260966864503,19.965006183691493,42.66721343994141,15.0,180.0
-76.70434278986443,26.08554763223804,20.0426821430395,42.76593017578125,15.0,180.0
-75.94240475280088,26.06048043555251,20.01984144700184,42.86621856689453,15.0,180.0
-75.27553083736562,25.97646046796265,20.01587563201202,42.96686172485352,15.0,180.0
-74.87969722421884,25.92341127010681,20.050220089193303,43.06744766235352,15.0,180.0
-74.90726389715095,25.553852880397244,20.04431381203132,43.16694259643555,15.0,180.0
-75.05417891320013,24.65389711925411,20.01738635740103,43.26599502563477,15.0,180.0
-74.99784938958933,23.66405460419879,19.96107897368268,43.26599502563477,15.0,180.0
-74.80258661714072,23.02340513311844,19.73674746992852,43.36639404296875,15.0,180.0
-74.5288590953798,22.73515690025032,19.41797221488112,43.46681976318359,15.0,180.0
-74.08660841994839,22.76674824961747,19.247050444910485,43.56717681884766,15.0,180.0
-73.52154585692067,23.07712071638687,19.15015666508093,43.66650009155273,15.0,180.0
-72.88735112161281,23.531095499324373,18.959070735469965,43.76656723022461,15.0,180.0
-72.2205289705159,24.00796792401368,18.776169194622646,43.86665725708008,15.0,180.0
-71.65613000113116,24.45044877737597,18.653721886776506,43.86665725708008,15.0,180.0
-71.1969182015668,24.869072919918413,18.42091757059261,43.96684646606445,15.0,180.0
-70.78494780193822,25.126821074241576,18.07405755117881,44.06680679321289,15.0,180.0
-70.45868735899396,25.11118761084285,17.80164635827385,44.16661834716797,15.0,180.0
-70.15319021208344,25.05386254802616,17.697836608946766,44.26641845703125,15.0,180.0
-69.68336031041365,25.22306731961488,17.797386427158123,44.3665771484375,15.0,180.0
-69.05122206462224,25.426051004301613,18.07916426798728,44.46688461303711,15.0,180.0
-68.32389944491587,25.50401862629558,18.41309096987176,44.56658935546875,15.0,180.0
-67.62001365614393,25.708258208099835,18.725268302329624,44.56658935546875,15.0,180.0
-67.15220065104093,26.03796263611476,18.88867314098802,44.66636657714844,15.0,180.0
-67.07539992908995,26.316538943354377,18.684885575837058,44.76670837402344,15.0,180.0
-67.38025266192547,26.522652614754097,18.29133619400674,44.86686706542969,15.0,180.0
-67.70882029991593,26.622563049215227,17.993634277112967,44.96688842773438,15.0,180.0
-67.74628017416033,26.553989523731108,17.67963197159767,45.06677627563477,15.0,180.0
-67.48455805614343,26.40826159877384,17.210069651568535,45.16666030883789,15.0,180.0
-67.04836169575239,26.25873688499421,16.761023926509306,45.26676177978516,15.0,180.0
-66.6466430837482,25.984860290061967,16.53609937921261,45.26676177978516,15.0,180.0
-66.36958856836665,25.56557089007124,16.4304689059633,45.36661529541016,15.0,180.0
-66.06530222069881,25.179032635530024,16.249475802837015,45.46657180786133,15.0,180.0
-65.60968166067445,24.91758290860887,15.994568670016715,45.56657791137695,15.0,180.0
-65.01612955525827,24.641715566155742,15.608811795817616,45.66658782958984,15.0,180.0
-64.3452363147604,24.35051400705992,14.869289878434248,45.76662826538086,15.0,180.0
-63.8025586748403,24.275774037873468,13.97575645211382,45.86656951904297,15.0,180.0
-63.4741549406111,24.49795965853031,13.367067422720828,45.86656951904297,15.0,180.0
-63.26396471622004,24.81172057304592,13.103379957802137,45.96649932861328,15.0,180.0
-63.04708970914101,25.13297388419944,12.923145670075249,46.06653213500977,15.0,180.0
-62.677570657533735,25.36565409811753,12.700545622206793,46.16667556762695,15.0,180.0
-62.22830547076844,25.198503227683013,12.560121420922709,46.26665115356445,15.0,180.0
-61.83543303798426,24.651708477610327,12.50737969694552,46.36660766601562,15.0,180.0
-61.48798131757151,24.048381554255847,12.683983125748512,46.46656799316406,15.0,180.0
-61.14898623330847,23.59134146762187,13.280180551793682,46.56655502319336,15.0,180.0
-60.98602940141752,23.30208228666383,13.96832830150729,46.56655502319336,15.0,180.0
-61.07238782269078,23.17826838179091,14.379123896007217,46.66665649414062,15.0,180.0
-60.997190992338375,23.132386412412888,14.599102692860496,46.76662063598633,15.0,180.0
-60.44530237569665,23.09496076639512,14.695555594194987,46.86656188964844,15.0,180.0
-59.61370186002408,23.08903150699944,14.54506918531384,46.9665641784668,15.0,180.0
-58.80356012238529,23.00839815991484,14.228498619797785,47.06654357910156,15.0,180.0
-58.06356075104985,22.780063401039587,13.962729880773358,47.16670227050781,15.0,180.0
-57.29666370013391,22.38742875823069,13.766059303123187,47.16670227050781,15.0,180.0
-56.558429782486,22.00103155983016,13.53642925109136,47.2667350769043,15.0,180.0
-56.00151070369424,21.985555552385776,13.321236599709987,47.36655426025391,15.0,180.0
-55.62112784553287,22.325477738430823,13.194794140797054,47.466552734375,15.0,180.0
-55.26222963241544,22.68461571092089,13.062115303694082,47.56656646728516,15.0,180.0
-54.924698189574144,22.830573291056748,12.878508476086033,47.66658401489258,15.0,180.0
-54.76843026298223,22.74371759908941,12.797852045205008,47.76663970947266,15.0,180.0
-54.72713586733641,22.61519935705373,12.831620583432288,47.86651611328125,15.0,180.0
-54.63151826894715,22.581035369809232,12.824578321884792,47.86651611328125,15.0,180.0
-54.50031237622647,22.613598514852985,12.821079705728822,47.96659088134766,15.0,180.0
-54.29517722015499,22.64105715031735,12.814906098576127,48.06669235229492,15.0,180.0
-53.85826369950641,22.486658537412456,12.697711587899969,48.16677856445312,15.0,180.0
-53.30880797185307,22.169200824441795,12.553660919508983,48.26617431640625,15.0,180.0
-52.7648698814516,21.83872328718021,12.48967117754175,48.3657112121582,15.0,180.0
-52.21009516948165,21.50135072558029,12.417020532742026,48.46646118164062,15.0,180.0
-51.76961949373843,21.27200050789408,12.118792807887788,48.46646118164062,15.0,180.0
-51.43749447076417,21.23573514430924,11.584495009785932,48.56720733642578,15.0,180.0
-51.08627341803171,21.323928951903973,10.907145063357357,48.66712188720703,15.0,180.0
-50.6782399320622,21.38883170084125,10.267187736224928,48.76638412475586,15.0,180.0
-50.19030688039075,21.43312065793839,10.05254405581671,48.86636352539062,15.0,180.0
-49.66261568506757,21.54905795431187,10.210210598633196,48.9666862487793,15.0,180.0
-49.17202777583928,21.54074741692125,10.444623585745722,49.06687164306641,15.0,180.0
-48.78894781732791,21.321984157295013,10.849908886323185,49.16581726074219,15.0,180.0
-48.75757530821496,21.07052906401543,11.461028724546038,49.16581726074219,15.0,180.0
-49.09274024478019,20.82843058827718,12.028134797881028,49.26607513427734,15.0,180.0
-49.41843162834877,20.51645014705916,12.29693781425008,49.36676788330078,15.0,180.0
-49.61230647367198,20.13996626082406,12.186774946008471,49.46739196777344,15.0,180.0
-49.71186996993333,19.687662678025248,11.935257650607484,49.56713485717773,15.0,180.0
-49.57195263403588,19.18131455465936,11.714813825235336,49.66617202758789,15.0,180.0
-49.18619144087662,18.749282247789903,11.573683732397768,49.76655578613281,15.0,180.0
-48.75768625448614,18.47648765482951,11.51717502960918,49.86692428588867,15.0,180.0
-48.36298925937718,18.484275335364103,11.202635121185684,49.86692428588867,15.0,180.0
-47.93945326773408,18.63708535202092,10.821588796123004,49.96701431274414,15.0,180.0
-47.604848592434216,18.61026766224808,10.915341919152016,50.06597137451172,15.0,180.0
-47.394231808467,18.58051181629401,11.283702734730657,50.16613388061523,15.0,180.0
-47.0292158581749,18.69365008722731,11.601385048738184,50.26679992675781,15.0,180.0
-46.43991242321432,18.743243154655005,11.818088993941956,50.36721420288086,15.0,180.0
-45.83936833771704,18.85255860483144,12.000647578621727,50.46694564819336,15.0,180.0
-45.28670377130625,19.07958330403161,12.186984227778211,50.46694564819336,15.0,180.0
-44.53010683279339,19.16823468386685,12.21169169341712,50.56633758544922,15.0,180.0
-43.5721974239512,18.950326900861903,12.045843368036028,50.66637420654297,15.0,180.0
-42.77214589850304,18.471207984902662,11.743149349147387,50.76670837402344,15.0,180.0
-42.250393249562606,18.004517943346027,11.343517989049817,50.866943359375,15.0,180.0
-41.95172299611675,17.723291055207604,11.080788671208026,50.96630477905273,15.0,180.0
-41.84340220521278,17.564622276229294,10.82064867439741,51.06649017333984,15.0,180.0
-41.74891411067005,17.498330936432822,10.30172569120734,51.16683578491211,15.0,180.0
-41.62553670990663,17.635957266322485,9.796749170704466,51.16683578491211,15.0,180.0
-41.621147536136505,17.90589028881304,9.554388650605825,51.26690673828125,15.0,180.0
-41.68171759306171,18.10725954397738,9.44237461470539,51.36688232421875,15.0,180.0
-41.78012827207143,18.174872482266988,9.417969187533489,51.46670532226562,15.0,180.0
-41.842138856880574,17.948561350741553,9.625511027269813,51.566650390625,15.0,180.0
-41.76945680372771,17.432039421928266,9.92716167768836,51.66670608520508,15.0,180.0
-41.74557480831726,16.864573479475848,10.169106026608734,51.76660919189453,15.0,180.0
-41.85704137327293,16.419176422553484,10.395214605627556,51.76660919189453,15.0,180.0
-41.93922097178756,16.189496691061514,10.494977144432063,51.86665344238281,15.0,180.0
-41.79395804540952,16.066850738371375,10.345140767664972,51.96651840209961,15.0,180.0
-41.363119336293884,16.075568694353745,10.026454056031564,52.0665283203125,15.0,180.0
-40.824586411805385,16.34489141127443,9.679027842257169,52.1666374206543,15.0,180.0
-40.3453711103925,16.694214296972085,9.41460892444274,52.26662063598633,15.0,180.0
-39.81326411902961,16.98155162869848,9.200530156932704,52.36672592163086,15.0,180.0
-39.20238147033274,17.27255721306154,8.9328072800773,52.46677780151367,15.0,180.0
-38.78444870889409,17.531396138610823,8.782143856023216,52.46677780151367,15.0,180.0
-38.48396187098977,17.60694589819427,8.854654024001379,52.566650390625,15.0,180.0
-38.08446824321267,17.52312092446067,9.024317432189523,52.66651153564453,15.0,180.0
-37.65489954795426,17.399800523077726,9.302225688207546,52.76652908325195,15.0,180.0
-37.230588966223685,17.2510227811217,9.608528569367651,52.86656951904297,15.0,180.0
-36.94924460939107,16.94565839693092,9.764382341197969,52.96667861938477,15.0,180.0
-36.73890154118472,16.48956588314998,9.83040618688075,53.06657028198242,15.0,180.0
-36.33103620090128,16.199334677399538,9.78176818860131,53.16656494140625,15.0,180.0
-35.82424506714717,16.082340743273825,9.40382711920456,53.16656494140625,15.0,180.0
-35.37843832562422,15.969900970902954,8.856151517182028,53.26664352416992,15.0,180.0
-34.92540149263635,16.01972111660823,8.484901119825428,53.36664199829102,15.0,180.0
-34.44710921202711,16.334566182274898,8.297533039473606,53.46664428710938,15.0,180.0
-34.126689240829435,16.656874295505926,8.16726237157253,53.56667327880859,15.0,180.0
-33.8983583170908,16.831686258074583,7.998523034325546,53.66658782958984,15.0,180.0
-33.522272490640944,16.923430900351974,7.742795072145005,53.76657104492188,15.0,180.0
-33.0899850937547,16.83537533891274,7.444639387171981,53.76657104492188,15.0,180.0
-32.7179302128207,16.625804731792922,7.11887318963577,53.8666877746582,15.0,180.0
-32.36564014861259,16.544455709374706,6.879382015893692,53.96657180786133,15.0,180.0
-32.07611529474789,16.619724895378553,6.925139763142864,54.06654357910156,15.0,180.0
-31.83756411656911,16.559677978405173,7.254709192224176,54.16668319702148,15.0,180.0
-31.56184337957943,16.303182276229602,7.717024139539291,54.26653289794922,15.0,180.0
-31.16723924495369,16.26837823302798,8.021620412995452,54.36666870117188,15.0,180.0
-30.723009250839265,16.417041021407524,7.862128469632703,54.46664047241211,15.0,180.0
-30.35451162957108,16.281282479662906,7.241870918373353,54.46664047241211,15.0,180.0
-30.05213719839029,15.914544138162071,6.499661165180592,54.56657409667969,15.0,180.0
-29.85367824698067,15.683091959623791,6.038404578297029,54.66669082641602,15.0,180.0
-29.654616204156184,15.47792869980811,5.932844463234812,54.76656723022461,15.0,180.0
-29.2994369630117,15.019551652039794,5.9116352673185695,54.86668395996094,15.0,180.0
-29.003923290011528,14.40015338091714,5.89018037672482,54.96669006347656,15.0,180.0
-28.79634367298289,13.817911387961043,5.88571119472249,55.06656265258789,15.0,180.0
-28.27585251780103,13.393262699131707,5.713461781109694,55.06656265258789,15.0,180.0
-27.62117057606056,13.262531583595706,5.400918920303205,55.16663360595703,15.0,180.0
-27.21137445236621,13.398152617148634,5.165130192275231,55.26669311523438,15.0,180.0
-26.930769648126244,13.51422232284786,5.1290269341750205,55.36671447753906,15.0,180.0
-26.7174233416911,13.465458394694624,5.206502083771044,55.46672058105469,15.0,180.0
-26.4754360968348,13.34459000498596,5.322899832979926,55.56660079956055,15.0,180.0
-26.01434485487356,13.206516045052933,5.560269208421185,55.66651916503906,15.0,180.0
-25.46789131485424,13.012728251147887,5.758220198904977,55.76650619506836,15.0,180.0
-25.164911741551062,12.871878601072355,5.675995952651687,55.76650619506836,15.0,180.0
-25.081925489370875,12.999808022170486,5.452004156914511,55.86668395996094,15.0,180.0
-24.91206543811297,13.364449633470404,5.235819653534595,55.96665573120117,15.0,180.0
-24.4924797134144,13.662224425518604,5.025021702408869,56.06677627563477,15.0,180.0
-24.03490739510843,13.735588991101796,4.919585673601323,56.16675567626953,15.0,180.0
-23.798178155049307,13.64881859318784,4.953718998312111,56.26657867431641,15.0,180.0
-23.59994700908118,13.460223401448474,5.150237610997062,56.36663055419922,15.0,180.0
-23.28211570455806,13.2382135864426,5.370085122834453,56.36663055419922,15.0,180.0
-22.89096061622432,12.956157711948194,5.400165463092045,56.46659469604492,15.0,180.0
-22.38387525109722,12.632293447986864,5.186491241208694,56.56655883789062,15.0,180.0
-21.83132910932329,12.43342091014975,4.803276405963803,56.66660308837891,15.0,180.0
-21.37050002551412,12.406529833705823,4.434956010063451,56.76659393310547,15.0,180.0
-20.9313681129017,12.381683491289278,4.063757167753409,56.86662292480469,15.0,180.0
-20.469013086828284,12.413227627330045,3.671615622535695,56.96665191650391,15.0,180.0
-20.07876368091418,12.724157783597972,3.3147450705864125,57.06642532348633,15.0,180.0
-19.779184334622524,12.985068474272763,3.001987642637854,57.06642532348633,15.0,180.0
-19.49612271641433,12.83095103743747,2.670242008266186,57.16650009155273,15.0,180.0
-19.228385025919334,12.404957779065656,2.458200003743749,57.2665901184082,15.0,180.0
-18.96613225663009,11.945048593936551,2.618477265733673,57.36650466918945,15.0,180.0
-18.63896101227889,11.665389493893075,2.677324028080796,57.46675491333008,15.0,180.0
-18.38381111135179,11.553868480644612,2.3290072361093115,57.5666389465332,15.0,180.0
-18.30413811883213,11.52365575445948,2.041571594303284,57.66660690307617,15.0,180.0
-18.103484360759865,11.771123804554426,1.9072465060583657,57.76667022705078,15.0,180.0
-17.615784561081036,12.15396638508062,1.7026731448787888,57.76667022705078,15.0,180.0
-17.12474004341816,12.258332589339,1.452044521403729,57.86646270751953,15.0,180.0
-16.82204153623288,12.22285802537944,1.3022271464477893,57.96647644042969,15.0,180.0
-16.653545928603673,12.35541222254468,1.4102523555869064,58.06665420532227,15.0,180.0
-16.55826718571626,12.553016579965254,1.7045147023041842,58.16668701171875,15.0,180.0
-16.533524935086888,12.586838043694485,1.9539423917174217,58.26668167114258,15.0,180.0
-16.604117930689515,12.384677798726072,2.126650926023084,58.36661148071289,15.0,180.0
-16.72297032282022,12.12554546288156,2.3612644293010385,58.36661148071289,15.0,180.0
-16.807126514525915,12.04381536637834,2.624403595530341,58.46652603149414,15.0,180.0
-16.861796973016343,11.882475464887229,2.7073198627783333,58.56665802001953,15.0,180.0
-16.87902930815445,11.356112429965602,2.5104092866358947,58.66659164428711,15.0,180.0
-16.745237525129625,10.68233095128443,2.135023355028043,58.76652908325195,15.0,180.0
-16.43345728297423,10.03331176892918,1.664516549024973,58.86670303344727,15.0,180.0
-15.990441579135885,9.522617215734796,1.0962606781832198,58.96667861938477,15.0,180.0
-15.408964537027789,9.389794613531093,0.6469428651702929,59.06664657592773,15.0,180.0
-14.728947196999403,9.647670017835438,0.5197793719604045,59.06664657592773,15.0,180.0
-14.112781063290356,10.154939557403706,0.5685167841768193,59.1667594909668,15.0,180.0
-13.719106839748449,10.693590008362982,0.562784041286684,59.26653289794922,15.0,180.0
-13.453989791059705,10.946915537563155,0.49588965616676,59.36657333374023,15.0,180.0
-13.18552747748053,10.875000043253175,0.405901976718189,59.46660232543945,15.0,180.0
-12.710178723729436,10.639394189398558,0.277633491597494,59.56649017333984,15.0,180.0
-11.997060991772464,10.283286047064353,0.2193544477261859,59.66667938232422,15.0,180.0
-11.541326516052528,9.91919370226828,0.1936108932773823,59.66667938232422,15.0,180.0
-11.324249700913535,9.70975469841792,0.0389116366955031,59.76656341552734,15.0,180.0
-11.106716507813443,9.558191775367892,-0.0882112226851061,59.86649322509766,15.0,180.0
-11.09772289014823,9.404117368051306,0.0479457597972174,59.96664428710938,15.0,180.0
-11.231912398176032,9.278557105257471,0.378607140668624,60.06652450561523,15.0,180.0
-11.275025755478772,9.235780280113143,0.650901521196042,60.16665267944336,15.0,180.0
-11.126213278191862,9.318030350701468,0.7588534710958879,60.2667236328125,15.0,180.0
-10.716196932363191,9.366261369613929,0.7072339684051316,60.36660003662109,15.0,180.0
-9.979913937622808,9.289292754342169,0.5356507295103992,60.36660003662109,15.0,180.0
-9.053664920050704,9.156469471489263,0.3225420235405387,60.46658325195312,15.0,180.0
-8.258301537843849,9.01113122633182,0.0657680890678236,60.56663131713867,15.0,180.0
-7.7139768496145855,8.773128316911304,-0.0884324153753173,60.6666259765625,15.0,180.0
-7.230035869752221,8.475190163073016,-0.1362594049223382,60.76676177978516,15.0,180.0
-6.754320960202584,8.286596460963885,-0.0631867138102446,60.86672973632812,15.0,180.0
-6.602177565777431,8.25523980558377,0.1320390739955561,60.96657562255859,15.0,180.0
-6.765086379076745,8.332825795125238,0.0810349711749891,61.06660461425781,15.0,180.0
-6.909804343948377,8.492228475479529,-0.1001389082034389,61.06660461425781,15.0,180.0
-6.955888162483717,8.622900812287542,-0.2066937074457762,61.16664123535156,15.0,180.0
-6.96572855326977,8.662323768475385,-0.4337335780325562,61.26658630371094,15.0,180.0
-6.896205610443449,8.762854527893612,-0.8357301630083454,61.36658477783203,15.0,180.0
-6.655453427261019,8.950599235408694,-1.3574787016242107,61.46644592285156,15.0,180.0
-6.307490927447752,9.036376493516048,-1.726677122911593,61.56642913818359,15.0,180.0
-5.915710338147001,8.881833430402294,-1.7065679310600537,61.66657638549805,15.0,180.0
-5.467785931393415,8.619759887373466,-1.5049456663206655,61.66657638549805,15.0,180.0
-5.047583568461132,8.443398735908374,-1.3113017611719808,61.76660919189453,15.0,180.0
-4.639908753113112,8.35092479200114,-1.1122231714064368,61.86670303344727,15.0,180.0
-4.200272622033644,8.369340262826501,-0.8682849464262672,61.96674728393555,15.0,180.0
-3.7930020706113226,8.496084933411481,-0.5864656264612016,62.0666618347168,15.0,180.0
-3.3430904675782145,8.505254850687272,-0.4736324160206635,62.16661071777344,15.0,180.0
-2.8323431297194475,8.28131353220525,-0.7791554755317742,62.26664733886719,15.0,180.0
-2.307728224046244,8.01115055138631,-1.3871721797743648,62.36659622192383,15.0,180.0
-1.87592745261588,7.907548955842677,-2.008612741653593,62.36659622192383,15.0,180.0
-1.7242787490605735,8.138972221888439,-2.483078467130545,62.4666748046875,15.0,180.0
-1.5692823712403872,8.61228624191069,-2.737204395468563,62.56653594970703,15.0,180.0
-1.2391403014071931,8.87169932572562,-2.751797929252674,62.66665649414062,15.0,180.0
-0.911068947987406,8.816710007642833,-2.5853670780555964,62.76682662963867,15.0,180.0
-0.497672044184906,8.620675019520203,-2.3800200466677746,62.86664962768555,15.0,180.0
-0.0862871078259139,8.381614092356985,-2.2994038856548302,62.96661758422852,15.0,180.0
0.0522078694576677,8.335802303690103,-2.4688149980362954,62.96661758422852,15.0,180.0
0.1083189552445418,8.321396074556626,-2.73319755722731,63.06649398803711,15.0,180.0
0.3355431175555594,8.037120447037891,-2.7942900152545587,63.16641998291016,15.0,180.0
0.56665784360505,7.704499538494948,-2.715285187593648,63.26666641235352,15.0,180.0
0.6857599822191567,7.3670282857065565,-2.774420778967709,63.36663818359375,15.0,180.0
0.810101870906319,6.914929152651995,-2.8819094498707862,63.4664421081543,15.0,180.0
1.1695037388262577,6.644466952018334,-2.901911641118941,63.56650543212891,15.0,180.0
1.7934081862074969,6.554471600003278,-2.8170833223413387,63.66656112670898,15.0,180.0
2.452736330717628,6.315663913235558,-2.5740456823690474,63.66656112670898,15.0,180.0
3.0849476122063493,5.919876877179451,-2.35810205895743,63.76670074462891,15.0,180.0
3.6756936943576406,5.557007044286717,-2.4846049973640856,63.86662673950195,15.0,180.0
4.000189417977119,5.399897776608602,-2.819628786478079,63.96667861938477,15.0,180.0
3.9595830616031513,5.367132081625625,-2.8683194643014795,64.06653594970703,15.0,180.0
3.912200530739284,5.298160783212028,-2.769003161084198,64.1666488647461,15.0,180.0
4.185127170013281,5.201934886381652,-2.8997168849420403,64.26654815673828,15.0,180.0
4.717596405726718,5.1050267217441565,-3.1524203105018485,64.26654815673828,15.0,180.0
5.312044432021608,5.013567645386868,-3.2785916381701163,64.3665771484375,15.0,180.0
5.75423859428,4.944422599733396,-3.246121697753217,64.46653747558594,15.0,180.0
5.977559402827108,4.886148978214127,-3.2106126499509395,64.56652069091797,15.0,180.0
6.112302777013321,4.808028269144111,-3.2000415214261544,64.66647338867188,15.0,180.0
6.218718933841203,4.8199354697458086,-3.24489911205006,64.7666015625,15.0,180.0
6.226882329514696,4.989895077852867,-3.279410212468431,64.86678314208984,15.0,180.0
6.219925497910564,5.177787969267422,-3.211291939528917,64.96675109863281,15.0,180.0
6.343113693063289,5.377712616045267,-3.218011358640817,64.96675109863281,15.0,180.0
6.497651536139752,5.523866809846732,-3.2299451679757567,65.06663513183594,15.0,180.0
6.7330455122058055,5.514468804198429,-3.177995036292719,65.16655731201172,15.0,180.0
7.078943567570473,5.507057100894474,-3.266719447277177,65.26664733886719,15.0,180.0
7.265478908426129,5.5269585090870095,-3.3838343945456257,65.36646270751953,15.0,180.0
7.251164077749451,5.510583665397464,-3.2671363336174606,65.46654510498047,15.0,180.0
7.295098284032491,5.472167360475982,-3.038261746953247,65.566650390625,15.0,180.0
7.560398081958251,5.454276746903616,-2.9348529539241515,65.66631317138672,15.0,180.0
7.901472885856725,5.450620128200859,-3.00349412649868,65.66631317138672,15.0,180.0
8.221112598681612,5.4563396929425405,-3.308117164102825,65.7666015625,15.0,180.0
8.616013245594145,5.5693759754996,-3.732739596243623,65.86674499511719,15.0,180.0
9.129345044807687,5.745707852605568,-4.1734781220415815,65.96676635742188,15.0,180.0
9.612509320892611,5.794913692260157,-4.731782126001591,66.06672668457031,15.0,180.0
9.873121454754235,5.768387517358994,-5.317245937302726,66.16661071777344,15.0,180.0
10.093585321292007,5.913594107987169,-5.689419875931288,66.26660919189453,15.0,180.0
10.605035420155051,6.057339812418519,-5.688200350319868,66.26660919189453,15.0,180.0
11.268858940626403,5.944798737432943,-5.395930901164199,66.3666000366211,15.0,180.0
11.809023351524369,5.702718219703865,-4.9674602127300505,66.46668243408203,15.0,180.0
12.19165995856804,5.404040400409212,-4.773074051794624,66.5666275024414,15.0,180.0
12.45868178690301,5.054886470281101,-5.155733438699492,66.66669464111328,15.0,180.0
12.650526305002728,4.666471973457521,-5.803603902775589,66.76661682128906,15.0,180.0
12.626895099773186,4.286794090977509,-6.355201218142367,66.86661529541016,15.0,180.0
12.409097010879997,4.137882062840504,-6.795822108803283,66.96672821044922,15.0,180.0
12.243309365760268,4.240953624193356,-7.201425789735329,66.96672821044922,15.0,180.0
12.187427604236234,4.347256506141631,-7.61897525544886,67.06661224365234,15.0,180.0
12.310426299483536,4.3204029112228,-7.892927628882805,67.16664123535156,15.0,180.0
12.638201573594582,4.255027549793637,-7.853258641418039,67.2666244506836,15.0,180.0
13.03395712347546,4.41503203123718,-7.705735517827484,67.36654663085938,15.0,180.0
13.46960244776238,4.812036229508676,-7.645248134225902,67.46674346923828,15.0,180.0
13.96180769582459,5.053768481988419,-7.6717519816562545,67.56659698486328,15.0,180.0
14.502386469301891,5.037862101674897,-7.768508704395666,67.56659698486328,15.0,180.0
15.02691394294082,4.9517187107361735,-7.874934726217896,67.66648864746094,15.0,180.0
15.357303373739622,4.792318653949037,-7.905955919374446,67.76663970947266,15.0,180.0
15.428299084234697,4.569625120852687,-7.768892792816588,67.86663055419922,15.0,180.0
15.423492401676205,4.409443105643167,-7.583287404926208,67.96668243408203,15.0,180.0
15.467900138803367,4.382767148806208,-7.4892487086513855,68.06664276123047,15.0,180.0
15.396120229557884,4.421271172780232,-7.534262468542049,68.16644287109375,15.0,180.0
15.306037614269208,4.473385769683345,-7.550661595408821,68.26654052734375,15.0,180.0
15.44646922970274,4.499098246011975,-7.240573897084099,68.26654052734375,15.0,180.0
15.682054613033223,4.343692822317026,-6.62969434048699,68.36659240722656,15.0,180.0
15.8972095372914,4.07864005014046,-5.96802176257983,68.46663665771484,15.0,180.0
16.198365154074185,3.9273200737253537,-5.576822377089052,68.56668853759766,15.0,180.0
16.58858064558211,3.7782755328987534,-5.5499980250891605,68.66653442382812,15.0,180.0
16.825255608737805,3.4693503657278386,-5.73809119199915,68.76634216308594,15.0,180.0
16.90493906649799,3.1991270413562014,-6.013313930325861,68.86661529541016,15.0,180.0
17.134279436624208,3.098791602433766,-6.231198879301275,68.96661376953125,15.0,180.0
17.560004750679244,2.939798860644221,-6.317886276761304,68.96661376953125,15.0,180.0
18.004190653985795,2.671025920918116,-6.211749188529759,69.06668090820312,15.0,180.0
18.41299493861871,2.3525047247095365,-5.882642974083803,69.16653442382812,15.0,180.0
18.830857451397907,1.90683964422592,-5.507110722200062,69.26656341552734,15.0,180.0
19.25219959609409,1.467893480696357,-5.25701270915651,69.36685180664062,15.0,180.0
19.59030542804589,1.2415040504607568,-5.265928693345565,69.46683502197266,15.0,180.0
19.750061072202712,1.2614185710637598,-5.617163776380643,69.56671905517578,15.0,180.0
19.832257945632563,1.3926965829408786,-6.250294088771963,69.56671905517578,15.0,180.0
19.94004732665792,1.4810702360795318,-6.929610352179357,69.66661071777344,15.0,180.0
20.056930902123685,1.541097408669379,-7.449522385238411,69.76659393310547,15.0,180.0
20.21824944682162,1.57429188702623,-7.766609905281713,69.86672973632812,15.0,180.0
20.44344833828,1.6100177081553446,-7.893389867099451,69.96674346923828,15.0,180.0
20.778779986243368,1.810304334252281,-8.077823527032551,70.06654357910156,15.0,180.0
21.18992786609964,2.211178121054074,-8.19172999130438,70.16645050048828,15.0,180.0
21.50761901808917,2.6040697952839484,-7.896106198233219,70.2667465209961,15.0,180.0
21.73648922126363,2.7694192255147727,-7.523632509672568,70.2667465209961,15.0,180.0
22.075921215016667,2.719357372947839,-7.348311061060126,70.36668395996094,15.0,180.0
22.55310287458149,2.5359625946400275,-7.332995262313815,70.46658325195312,15.0,180.0
22.9748414389093,2.186013783906133,-7.405743509000759,70.56670379638672,15.0,180.0
23.264573028141967,1.7417200448264656,-7.503492178256463,70.66653442382812,15.0,180.0
23.424086012862368,1.3268893328815663,-7.769405242001749,70.7666015625,15.0,180.0
23.57444298576058,0.9155185959959664,-8.159892858646902,70.86671447753906,15.0,180.0
23.81540649891463,0.6245493369123754,-8.38928882502254,70.86671447753906,15.0,180.0
24.103087895208294,0.5423216621325468,-8.333926375213188,70.96632385253906,15.0,180.0
24.54089922858635,0.5847005970013615,-8.223376901557835,71.06645965576172,15.0,180.0
25.023305182638666,0.7819698940481885,-8.434426395067586,71.16665649414062,15.0,180.0
25.33722114104025,1.0985479261336994,-8.892478956938639,71.26667785644531,15.0,180.0
25.55812950514945,1.3886580846558283,-9.114962094108456,71.36680603027344,15.0,180.0
25.73175706638094,1.636265202310772,-9.079355554839124,71.46668243408203,15.0,180.0
25.8073877573568,1.81086258191249,-9.220920466992112,71.56658172607422,15.0,180.0
25.78553014594545,1.803283248503508,-9.76360838878163,71.56658172607422,15.0,180.0
25.717968696956127,1.63877161341594,-10.462543883314098,71.66665649414062,15.0,180.0
25.74354169584231,1.4286018231493904,-10.884895506661628,71.76655578613281,15.0,180.0
26.010472011582834,1.2896291466894638,-10.900966572327366,71.86650848388672,15.0,180.0
26.39593553630325,1.2338478532756354,-10.696580791775688,71.96642303466797,15.0,180.0
26.666828577668223,1.1288589600648304,-10.435329581605547,72.06659698486328,15.0,180.0
26.73890866231188,0.9900828138390922,-10.122286241209617,72.16671752929688,15.0,180.0
26.721773471580804,0.8702742904839029,-9.884616882695337,72.16671752929688,15.0,180.0
26.92481927242894,0.6203920103745926,-9.908012448884602,72.26668548583984,15.0,180.0
27.31041545308948,0.2310599642255737,-10.073459124316342,72.36653900146484,15.0,180.0
27.632706038227408,-0.1683778432489591,-10.14894628376738,72.46670532226562,15.0,180.0
27.919544072012737,-0.6940467702609596,-10.04617121246998,72.5666732788086,15.0,180.0
28.13154183249852,-1.291462785279868,-9.735244459123711,72.66657257080078,15.0,180.0
28.270138861604345,-1.6587404907620846,-9.4453845754136,72.76664733886719,15.0,180.0
28.52798214663025,-1.8578347230774608,-9.433395469995038,72.8664779663086,15.0,180.0
28.94676869937721,-1.8929995819575964,-9.627607431823527,72.8664779663086,15.0,180.0
29.406171820039013,-1.629733903926513,-9.773431833285748,72.96658325195312,15.0,180.0
29.756850344200203,-1.1784507125926482,-9.687789214638023,73.06681060791016,15.0,180.0
30.057479243910738,-0.6204186458747456,-9.418893638431964,73.16656494140625,15.0,180.0
30.415152741621416,-0.1076255686347216,-9.17472360517542,73.26664733886719,15.0,180.0
30.74409359144221,0.2033791871159791,-8.987503387054877,73.36663818359375,15.0,180.0
31.037103035384465,0.4514475144361958,-8.767879535573613,73.46660614013672,15.0,180.0
31.33682491058846,0.7181579820064905,-8.677864665556523,73.56666564941406,15.0,180.0
31.482863432945862,0.781405928047874,-8.663365990969778,73.56666564941406,15.0,180.0
31.434275306255387,0.6022791689141966,-8.652439544090637,73.66657257080078,15.0,180.0
31.497159726371112,0.3822468902284752,-8.777207943885648,73.7664566040039,15.0,180.0
31.67819253357546,0.2473554564834108,-9.030692818393163,73.86642456054688,15.0,180.0
31.86354435872548,0.301679932668057,-9.418892554426474,73.96665954589844,15.0,180.0
32.17662452427256,0.4442952604796573,-9.834069209111318,74.06664276123047,15.0,180.0
32.600932176089984,0.5118810132899596,-10.12027549126462,74.1667709350586,15.0,180.0
33.049690362592585,0.5270742803265032,-10.312265609339043,74.1667709350586,15.0,180.0
33.52006273404394,0.3748185016155729,-10.486218163867338,74.26664733886719,15.0,180.0
34.001198565606295,0.0963247361453092,-10.640099620637232,74.36666107177734,15.0,180.0
34.28980079126773,0.0561940402898404,-10.871704228277306,74.46669006347656,15.0,180.0
34.27518951764536,0.1541619270684617,-11.210269945637332,74.5665512084961,15.0,180.0
34.23370453919908,0.0899949034593632,-11.44118155002764,74.66655731201172,15.0,180.0
34.34729830665982,0.015640481899759,-11.49174722509077,74.76649475097656,15.0,180.0
34.538545190784696,0.2042440670932612,-11.576650139393992,74.8664321899414,15.0,180.0
34.78876805818574,0.721201274732798,-11.68486074605914,74.8664321899414,15.0,180.0
35.02411521304198,1.20667253752818,-11.502133889783137,74.9666519165039,15.0,180.0
35.07755729003287,1.2467161079075617,-11.015911533519404,75.06669616699219,15.0,180.0
35.038720420133245,0.8917471717846239,-10.59044724774652,75.16673278808594,15.0,180.0
34.98791698278707,0.4782836736330744,-10.468800416232025,75.26659393310547,15.0,180.0
34.83109153141247,0.2147199452352386,-10.466318525453971,75.36648559570312,15.0,180.0
34.62645599049246,-0.0217394144263782,-10.38489869969032,75.46658325195312,15.0,180.0
34.61073029029069,-0.3613422503306416,-10.349502234134142,75.46658325195312,15.0,180.0
34.978561516459166,-0.7715844665639837,-10.489728503817954,75.56674194335938,15.0,180.0
35.474362916301224,-1.145601287507981,-10.800101547592154,75.66669464111328,15.0,180.0
35.68229029646943,-1.3015769887135955,-11.317762880871346,75.76660919189453,15.0,180.0
35.69729074101607,-1.2597890565639212,-11.94797153046707,75.86663818359375,15.0,180.0
35.900411573701604,-1.285394523907304,-12.352696507536816,75.96662139892578,15.0,180.0
36.37591166832013,-1.2734847641242029,-12.476730263956252,76.06673431396484,15.0,180.0
36.879015832857135,-1.1662951629214522,-12.59304894210976,76.16667175292969,15.0,180.0
37.188093927087344,-1.2325725064259765,-12.846529710899002,76.16667175292969,15.0,180.0
37.347134058278826,-1.4835480483398866,-13.166704977040176,76.26655578613281,15.0,180.0
37.52758198724023,-2.000003718787276,-13.413438235057916,76.36663818359375,15.0,180.0
37.87247633964874,-2.604298455722221,-13.464647764868587,76.46654510498047,15.0,180.0
38.33771940916453,-2.81189954167402,-13.331314455778266,76.56651306152344,15.0,180.0
38.738557671301294,-2.668657457506906,-13.311370477565216,76.66673278808594,15.0,180.0
39.107813123626464,-2.551720529467705,-13.485005949885135,76.76657104492188,15.0,180.0
39.52604045831546,-2.5455114116831714,-13.569973393441604,76.86666107177734,15.0,180.0
39.885199313027,-2.3993126369694706,-13.580644037140518,76.86666107177734,15.0,180.0
40.122210332287125,-2.062184399368521,-13.727602611883386,76.96664428710938,15.0,180.0
40.3348196880423,-1.759311564543605,-13.853219252800251,77.06661987304688,15.0,180.0
40.58774656518431,-1.6276637184698148,-13.695854327770489,77.16669464111328,15.0,180.0
40.87846727987922,-1.7399918537297108,-13.500065580781474,77.26668548583984,15.0,180.0
41.05547730884979,-1.9797535910909685,-13.633850719848931,77.3665771484375,15.0,180.0
41.047464721414656,-2.2126994516607104,-14.065555512129848,77.4664077758789,15.0,180.0
41.08019891542955,-2.375190186846029,-14.589854086549677,77.4664077758789,15.0,180.0
41.23076608952596,-2.4372234367556205,-14.98529002281088,77.56643676757812,15.0,180.0
41.45571299675509,-2.735527596943763,-15.017409472425456,77.66658020019531,15.0,180.0
41.78018849992253,-3.3149062611667626,-14.69521946077802,77.7667236328125,15.0,180.0
42.13751250573236,-3.881828721648012,-14.373950384626127,77.8667984008789,15.0,180.0
42.45412113004178,-4.385957722105253,-14.230676761259192,77.9666519165039,15.0,180.0
42.75418859356122,-4.740067022649835,-14.154854562712126,78.0667953491211,15.0,180.0
43.10095214772964,-4.902914770947792,-14.17005540541884,78.1664810180664,15.0,180.0
43.480863308102045,-5.07879341867435,-14.410879814939952,78.1664810180664,15.0,180.0
43.741109044352285,-5.3510829793031895,-14.703648779761783,78.26611328125,15.0,180.0
43.859394964569546,-5.629545941852082,-14.676208819658806,78.3662338256836,15.0,180.0
44.063922368656215,-5.763453350216441,-14.382459115144725,78.46640014648438,15.0,180.0
44.53046491549682,-5.740280154203343,-14.129541369106224,78.56671905517578,15.0,180.0
45.06397335449888,-5.714998513232116,-14.05046586923213,78.66687774658203,15.0,180.0
45.36409984426169,-5.72014137654089,-14.092059927872874,78.76668548583984,15.0,180.0
45.483813168567,-5.821864352361652,-14.187851302564418,78.76668548583984,15.0,180.0
45.54954769274025,-6.085874719104719,-14.404146966687646,78.8664321899414,15.0,180.0
45.56005819273498,-6.410904625602431,-14.692083347227614,78.96662139892578,15.0,180.0
45.50851942800256,-6.498128931336553,-14.93362631026873,79.06664276123047,15.0,180.0
45.52443393184021,-6.197894294066394,-15.15884140049403,79.16616821289062,15.0,180.0
45.78483598052544,-5.820562748944436,-15.472534687604718,79.26640319824219,15.0,180.0
46.17565262732797,-5.607608199335881,-15.988429996976404,79.36672973632812,15.0,180.0
46.49409522722985,-5.440216967616677,-16.61146389214665,79.46697235107422,15.0,180.0
46.64210537695436,-5.295837143518306,-17.028199924956336,79.46697235107422,15.0,180.0
46.667394366974136,-5.296831775099135,-17.057177046715143,79.56694030761719,15.0,180.0
46.79881034796453,-5.3968835168057865,-16.85978423058249,79.66674041748047,15.0,180.0
47.14348024607613,-5.4476222741096185,-16.727361790003364,79.76652526855469,15.0,180.0
47.51427403187346,-5.295704161105018,-16.626770527650766,79.86668395996094,15.0,180.0
47.64265409275856,-5.083097527703532,-16.29890450585856,79.96676635742188,15.0,180.0
47.60230268082492,-5.027133351822931,-15.741835864766228,80.06652069091797,15.0,180.0
47.64849196878753,-5.024817030591082,-15.134229792888831,80.06652069091797,15.0,180.0
47.87205598824001,-5.080416500558369,-14.726042314796617,80.1665267944336,15.0,180.0
48.18308619637604,-5.30589259105679,-14.710943053059088,80.26679992675781,15.0,180.0
48.48011059942984,-5.657181871006145,-14.787499485096692,80.36674499511719,15.0,180.0
48.86648765452271,-5.950124361610166,-14.66351735715915,80.46653747558594,15.0,180.0
49.28906006689919,-6.045602458652943,-14.53584903290081,80.56668090820312,15.0,180.0
49.73141050282882,-5.916996518406832,-14.57550788736679,80.66663360595703,15.0,180.0
50.29368949182096,-5.657686099579285,-14.868521569324948,80.76671600341797,15.0,180.0
50.78765764496683,-5.510836681267839,-15.424606496220015,80.76671600341797,15.0,180.0
51.0894727625366,-5.578170752013781,-15.898048221308883,80.86674499511719,15.0,180.0
51.25197372186079,-5.820039495111321,-16.036649436685543,80.9665756225586,15.0,180.0
51.20189911859092,-6.173649976296555,-16.089180550953046,81.06648254394531,15.0,180.0
50.88528142886627,-6.526362566272603,-16.270265543535036,81.16659545898438,15.0,180.0
50.49627013661484,-6.806187247607667,-16.501924025484023,81.26654052734375,15.0,180.0
50.2446192947237,-6.964339060378501,-16.762198147177386,81.36668395996094,15.0,180.0
50.21132472262053,-6.980504281614724,-17.159329162458413,81.46658325195312,15.0,180.0
50.38225476908886,-6.972831794025143,-17.688036022509632,81.46658325195312,15.0,180.0
50.6721889439313,-7.01632334207295,-18.20351919320296,81.5665512084961,15.0,180.0
51.03081083700362,-7.048541961815296,-18.50871410829645,81.6666259765625,15.0,180.0
51.50638609085249,-7.056839360823907,-18.46173811093523,81.76658630371094,15.0,180.0
51.98580796445911,-7.1891202542828285,-18.21621952171953,81.86659240722656,15.0,180.0
52.35634451286032,-7.615974737072688,-18.13493430437826,81.96658325195312,15.0,180.0
52.830390425117486,-8.127730563690415,-18.39350550953621,82.06652069091797,15.0,180.0
53.43724120097048,-8.390863911200167,-18.692549179974144,82.06652069091797,15.0,180.0
53.90382186020168,-8.418547480286849,-18.711294114027044,82.1666488647461,15.0,180.0
54.09568131110699,-8.32243566815678,-18.58450863201775,82.26671600341797,15.0,180.0
54.20714358545237,-8.06674102477321,-18.610526913535463,82.36673736572266,15.0,180.0
54.36329964645384,-7.609768054463299,-18.797523347393795,82.46669006347656,15.0,180.0
54.42891218865449,-7.093232115324442,-18.91526392668167,82.56653594970703,15.0,180.0
54.44293797541327,-6.775065816658456,-18.87930797187428,82.66639709472656,15.0,180.0
54.44930368902951,-6.780420917726679,-18.742493616255924,82.76659393310547,15.0,180.0
54.45040808074553,-6.961506512971099,-18.67480211813572,82.76659393310547,15.0,180.0
54.60088699938202,-7.02273634583753,-18.802252761145407,82.8666763305664,15.0,180.0
54.92782848306351,-6.880516308804077,-19.04136487877102,82.96659088134766,15.0,180.0
55.39461668927133,-6.873802034079183,-19.21805800416133,83.06658935546875,15.0,180.0
56.060206560104405,-7.13113154220062,-19.075562166629595,83.16654968261719,15.0,180.0
56.83043263173646,-7.295847861325598,-18.834188903106902,83.26664733886719,15.0,180.0
57.31610321308804,-7.287145676230391,-18.98437401316098,83.36663818359375,15.0,180.0
57.353955072522425,-7.363221374227394,-19.444905129425003,83.36663818359375,15.0,180.0
57.21427028535098,-7.556553107651759,-19.783904875109226,83.4664077758789,15.0,180.0
57.10867293618053,-7.603331312267525,-19.71001789130844,83.56654357910156,15.0,180.0
57.07905746073051,-7.408304664606098,-19.37405869705208,83.66658782958984,15.0,180.0
57.01199848199783,-7.223605945962036,-19.10411962420147,83.76663208007812,15.0,180.0
56.861578563981695,-7.126708809103379,-18.929382278640283,83.86663055419922,15.0,180.0
56.83828134841707,-7.089352372416658,-18.710377969469363,83.96660614013672,15.0,180.0
56.95150031125857,-7.267522678480268,-18.532341746513687,84.06663513183594,15.0,180.0
57.11234024157425,-7.665784080293425,-18.40824416413313,84.06663513183594,15.0,180.0
57.348733002610686,-8.07153414786746,-18.203708479263703,84.16666412353516,15.0,180.0
57.57398909866548,-8.252552758558203,-17.929023825149184,84.2665786743164,15.0,180.0
57.81232124499846,-8.162758485852954,-17.561937745927064,84.36662292480469,15.0,180.0
58.08924605246145,-7.901912980374062,-17.30004819395589,84.46659851074219,15.0,180.0
58.27119003972213,-7.631465130847845,-17.275165323094186,84.56676483154297,15.0,180.0
58.449252564017385,-7.460966432306816,-17.184648894707347,84.66666412353516,15.0,180.0
58.775239383869405,-7.326706981806087,-16.94840835335632,84.76630401611328,15.0,180.0
59.20196319519306,-7.250112561616986,-16.853608443114872,84.76630401611328,15.0,180.0
59.63126690569519,-7.360275977309047,-17.0743537543517,84.86664581298828,15.0,180.0
59.94486767899957,-7.672709139216383,-17.48553581210233,84.96693420410156,15.0,180.0
60.14521134163407,-8.12146344878894,-17.93031714507648,85.06669616699219,15.0,180.0
60.32516263811134,-8.611046081491914,-18.458952374266303,85.1666030883789,15.0,180.0
60.44310422470446,-8.986420098711687,-19.002829021526782,85.26675415039062,15.0,180.0
60.5835613430276,-9.259275284735203,-19.41847605627931,85.3666763305664,15.0,180.0
60.975910230715336,-9.558279632248432,-19.7277327410474,85.3666763305664,15.0,180.0
61.45730838498663,-9.839036852468848,-19.941705653430624,85.46674346923828,15.0,180.0
61.80257900795455,-9.989103011314803,-20.061888527359965,85.56640625,15.0,180.0
62.12929345161445,-9.994893306495818,-20.02938567184301,85.6661148071289,15.0,180.0
62.46146742574725,-9.9555903643577,-19.92268184104776,85.76647186279297,15.0,180.0
62.71161165474373,-9.965827346410148,-19.914629021954863,85.86672973632812,15.0,180.0
62.99784364104332,-10.01064411342464,-20.03524007485149,85.96678924560547,15.0,180.0
63.48264555602098,-10.017452236649529,-20.30203291469233,86.06671142578125,15.0,180.0
64.00220157201632,-9.970940761020517,-20.54355186954809,86.06671142578125,15.0,180.0
64.4165549984085,-10.023572060998749,-20.68764194138657,86.1665267944336,15.0,180.0
64.79920435200849,-10.080620847571607,-20.98334523045303,86.2664794921875,15.0,180.0
65.08802437348986,-9.925579569589445,-21.41488703793141,86.36671447753906,15.0,180.0
65.26233932242125,-9.710144911476943,-21.725548739169582,86.46658325195312,15.0,180.0
65.41213609239364,-9.63084848303568,-21.901053188881825,86.56581115722656,15.0,180.0
65.5026875972178,-9.796092488700811,-22.11719787578476,86.66622161865234,15.0,180.0
65.35068020628869,-9.959527421189872,-22.47748192495015,86.66622161865234,15.0,180.0
64.88073607805403,-9.907721515665669,-22.89622440042377,86.76679992675781,15.0,180.0
64.31133571014567,-9.76711963846991,-23.21724253414248,86.86721801757812,15.0,180.0
63.95276886124288,-9.550809845951754,-23.503665974907,86.96688842773438,15.0,180.0
63.8615615478562,-9.241326573762418,-23.68781229490029,87.06622314453125,15.0,180.0
63.897103021136616,-8.984959082511029,-23.538898659504923,87.16647338867188,15.0,180.0
64.1148846250023,-8.93080380219817,-23.225433221654413,87.26679992675781,15.0,180.0
64.50727403768005,-9.095563294054529,-22.84839861027224,87.36686706542969,15.0,180.0
64.7786661771494,-9.500187385877304,-22.40050733813477,87.36686706542969,15.0,180.0
64.79439125477413,-10.00647235899376,-22.14742066659761,87.46617126464844,15.0,180.0
64.69954600334803,-10.384608656482827,-22.06887420666818,87.56642150878906,15.0,180.0
64.60769061105667,-10.542097528929528,-22.060343229435748,87.66680908203125,15.0,180.0
64.5308160308544,-10.611185504361462,-22.3044566428216,87.7669906616211,15.0,180.0
64.58426168252643,-10.727934412494823,-22.72921357647354,87.86672973632812,15.0,180.0
64.8659350184104,-10.898252291427148,-22.94979604383998,87.96663665771484,15.0,180.0
65.19117731366259,-11.135992382816143,-22.6881104423448,88.06661224365234,15.0,180.0
65.44081918287361,-11.31666124193299,-22.101236251361456,88.06661224365234,15.0,180.0
65.70194561925484,-11.34565688358299,-21.59355645427153,88.16667175292969,15.0,180.0
65.98129960573475,-11.298964727947386,-21.32279817577217,88.26667022705078,15.0,180.0
66.27725997446271,-11.196554629420428,-21.19047348195604,88.36626434326172,15.0,180.0
66.5389361504011,-11.085877960737657,-21.06112068158187,88.46635437011719,15.0,180.0
66.80363258882254,-11.158692068052224,-21.003280956326904,88.56673431396484,15.0,180.0
67.21079569253205,-11.457193996016164,-21.04177393967309,88.66688537597656,15.0,180.0
67.66722372201869,-11.8171627875181,-21.083809673530872,88.66688537597656,15.0,180.0
68.03119195015924,-12.072933450183882,-21.18973152623909,88.76677703857422,15.0,180.0
68.2764068975873,-12.142546506463692,-21.40085582928173,88.86652374267578,15.0,180.0
68.438427819734,-12.151894212914328,-21.76910151104493,88.96662902832031,15.0,180.0
68.60552043719292,-12.159676377362704,-22.38768880527489,89.06668853759766,15.0,180.0
68.79514649359493,-12.076743140054024,-23.196830335202787,89.16680908203125,15.0,180.0
68.97609530764495,-11.916834086434184,-23.90131164200252,89.26619720458984,15.0,180.0
69.03478034206653,-11.647728603783795,-24.322676943324687,89.36634063720703,15.0,180.0
68.85545464468598,-11.246563209023131,-24.45762527745396,89.36634063720703,15.0,180.0
68.63447334900323,-10.779009635986991,-24.32489610947649,89.46688842773438,15.0,180.0
68.68874532159697,-10.337145228495045,-24.170867454703288,89.56689453125,15.0,180.0
69.08791028537038,-10.018181290920564,-24.265227016395727,89.66678619384766,15.0,180.0
69.65626813739706,-9.743288599734589,-24.6480665901068,89.76659393310547,15.0,180.0
70.15367818690882,-9.567943487318262,-25.261242517595623,89.86644744873047,15.0,180.0
70.45759962518403,-9.695160879676369,-26.0698306016674,89.96678161621094,15.0,180.0
70.6805993515103,-10.001971815567387,-26.75304153089888,89.96678161621094,15.0,180.0
70.96780844455549,-10.370782207293551,-26.977437106697543,90.06668090820312,15.0,180.0
71.14488079015563,-10.799740440415366,-27.050824660238632,90.16598510742188,15.0,180.0
71.04671759908648,-11.239583707427478,-27.112996506358307,90.26596069335938,15.0,180.0
70.98972040558212,-11.58357782230703,-26.84426285602241,90.36650848388672,15.0,180.0
71.27405278082243,-11.85282419459735,-26.29897770788879,90.46721649169922,15.0,180.0
71.70463555690642,-12.254407340516195,-25.80916535127012,90.56697845458984,15.0,180.0
71.96870789626917,-12.799951504754585,-25.50872835513844,90.6661376953125,15.0,180.0
72.06263459514707,-13.495223116861116,-25.321486040332577,90.6661376953125,15.0,180.0
72.26098317711154,-14.282145886573028,-25.28451940827497,90.76618194580078,15.0,180.0
72.68586527491598,-14.826689626094836,-25.32273805426029,90.86669158935548,15.0,180.0
73.03405755716612,-15.055572512340987,-25.139454225026228,90.9671401977539,15.0,180.0
73.28996275490718,-15.199798801248168,-24.69573807989088,91.06592559814452,15.0,180.0
73.86663284825124,-15.247567799162578,-24.30834658082968,91.1659698486328,15.0,180.0
74.63906116097588,-14.973640203630485,-24.172391991241607,91.26657104492188,15.0,180.0
75.1658421725633,-14.364785214269874,-24.17730732460221,91.26657104492188,15.0,180.0
75.40856986321727,-13.6922908505234,-24.277651071267627,91.3674087524414,15.0,180.0
75.48351464988674,-13.139541044522884,-24.31028014073072,91.4673843383789,15.0,180.0
75.43908245497542,-12.736477341574728,-24.18160806283785,91.56649017333984,15.0,180.0
75.2708810754056,-12.487389671510703,-24.08734044585392,91.66622924804688,15.0,180.0
75.12498589480595,-12.44264702582123,-24.04840088578857,91.76671600341795,15.0,180.0
75.13951698332848,-12.6121075609376,-24.04035866349676,91.86720275878906,15.0,180.0
75.03077829641336,-12.792960349776305,-24.041892455382666,91.96630859375,15.0,180.0
74.7063335264256,-13.0585465779083,-24.0326404228118,91.96630859375,15.0,180.0
74.59180457857724,-13.4780164020191,-24.143928485692044,92.06595611572266,15.0,180.0
74.92006701760076,-13.894129406881191,-24.340985983136736,92.16651153564452,15.0,180.0
75.41861268925919,-14.263889353423554,-24.572221021162218,92.26707458496094,15.0,180.0
75.82189931920243,-14.391933791947526,-24.96772679374057,92.36712646484376,15.0,180.0
76.12976673562184,-14.231675826461403,-25.419518589852345,92.46634674072266,15.0,180.0
76.30185774019301,-13.9951926213319,-25.69796303640128,92.5659637451172,15.0,180.0
76.1924360802515,-13.846129922068702,-25.886967464366307,92.6667022705078,15.0,180.0
75.81069783587165,-13.855090582109945,-26.137804813240475,92.6667022705078,15.0,180.0
75.3522550120338,-13.976197475512404,-26.27694985855563,92.7671356201172,15.0,180.0
75.07626395193334,-14.14432181622784,-26.246926233590308,92.86622619628906,15.0,180.0
75.0463651856773,-14.217588790596023,-26.30421941066976,92.96544647216795,15.0,180.0
75.1167297660393,-14.126038588282672,-26.61225840336938,93.06623077392578,15.0,180.0
75.19236136005392,-14.017353499761317,-27.257894939988983,93.1670379638672,15.0,180.0
75.23988823695025,-14.037484452202827,-27.90367096362222,93.26748657226562,15.0,180.0
75.43697968450729,-14.212957261545196,-28.135744844621023,93.26748657226562,15.0,180.0
75.88469821173089,-14.453547329376145,-28.186069132916234,93.36620330810548,15.0,180.0
76.35286886858732,-14.746890482451413,-28.21733556702728,93.46561431884766,15.0,180.0
76.67447228707084,-15.045196462396346,-28.05928060402654,93.56659698486328,15.0,180.0
76.90195564120793,-15.280800830572304,-27.59893423912353,93.66718292236328,15.0,180.0
77.19029586917998,-15.501938030565055,-26.896546702377044,93.7667236328125,15.0,180.0
77.60891796374756,-15.663710983230857,-26.268054561383394,93.86588287353516,15.0,180.0
78.02647014282458,-15.71523274487862,-25.96044800008962,93.96646881103516,15.0,180.0
78.29110218294828,-15.716720486594385,-25.998430955709065,93.96646881103516,15.0,180.0
78.69386883237424,-15.774269410166308,-26.23783933760929,94.0671615600586,15.0,180.0
79.42769389990465,-15.836656729597127,-26.40203153333565,94.16759490966795,15.0,180.0
80.10773738578068,-15.883699816973763,-26.359556365671963,94.26675415039062,15.0,180.0
80.58816642245274,-16.036260814329196,-26.21275260550801,94.36614990234376,15.0,180.0
81.0594899235023,-16.293427036868998,-26.129823191052584,94.46672058105467,15.0,180.0
81.50756961628166,-16.501862617067594,-26.18355081568042,94.5673599243164,15.0,180.0
81.70200887563432,-16.421830416437132,-26.30770976724457,94.5673599243164,15.0,180.0
81.631265129292,-16.222475226370243,-26.44316955427489,94.6670379638672,15.0,180.0
81.6033402176967,-16.325727024385618,-26.68471395320988,94.76630401611328,15.0,180.0
81.75738055567727,-16.644196971520792,-27.188744101727305,94.8665542602539,15.0,180.0
81.9962243843609,-16.867743073704574,-27.80709538225163,94.96692657470705,15.0,180.0
82.32290912382295,-16.992395873914155,-28.123024420869523,95.06698608398438,15.0,180.0
82.71875243705753,-17.156991272353693,-28.071239960383057,95.16693115234376,15.0,180.0
83.03961404180774,-17.35160698687319,-27.905855633743805,95.26677703857422,15.0,180.0
83.25599711040627,-17.48786001297577,-27.84405965590929,95.26677703857422,15.0,180.0
83.32530239990685,-17.491848861629272,-27.88430622086932,95.36669921875,15.0,180.0
83.2206353934152,-17.388370610658594,-27.831623220646787,95.46668243408205,15.0,180.0
83.15726655989872,-17.344163007077313,-27.761760320125767,95.5667724609375,15.0,180.0
83.16872541850324,-17.450452442378467,-27.92697281406366,95.66656494140624,15.0,180.0
83.03888346308962,-17.660854673995733,-28.272186075036327,95.76649475097656,15.0,180.0
82.88874046949283,-17.949664560505845,-28.5312964129283,95.86658477783205,15.0,180.0
82.96963868239189,-18.26852234126656,-28.735073742107826,95.96652221679688,15.0,180.0
83.20734514750892,-18.541537258892728,-29.13787344774428,95.96652221679688,15.0,180.0
83.48230486617432,-18.698376832584422,-29.530303940682945,96.06666564941406,15.0,180.0
83.89259212421163,-18.73847289349872,-29.549139229471457,96.16664123535156,15.0,180.0
84.5066175495489,-18.792076829436315,-29.27728264520381,96.26661682128906,15.0,180.0
85.09501953148799,-18.86857217348304,-29.04841772060217,96.36669921875,15.0,180.0
85.52004651715258,-18.87779162722041,-29.02231056362465,96.4664535522461,15.0,180.0
85.94829263278218,-18.783891986356803,-29.099065466463667,96.56655883789062,15.0,180.0
86.47535689045868,-18.703594219587767,-29.2655420583328,96.56655883789062,15.0,180.0
86.88593968715406,-18.775356916432813,-29.59403029089272,96.6666488647461,15.0,180.0
86.95297418782084,-18.816847607970733,-30.12222181019463,96.76656341552734,15.0,180.0
86.85524999499776,-18.652862043843296,-30.78061975072395,96.86659240722656,15.0,180.0
86.86696109656822,-18.52544567674464,-31.43645810597017,96.96656799316406,15.0,180.0
86.88626791439447,-18.50717434388305,-31.95670496346572,97.06649780273438,15.0,180.0
86.74077672264886,-18.31494925069544,-32.32196607412495,97.16671752929688,15.0,180.0
86.57757367574254,-17.821278761887022,-32.62452912203804,97.26666259765624,15.0,180.0
86.58267867198207,-17.2043898360869,-32.74664291174021,97.26666259765624,15.0,180.0
86.76553763891224,-16.864345181993244,-32.6542068527766,97.3666000366211,15.0,180.0
86.88867699753305,-16.801330408093698,-32.393332432510284,97.46660614013672,15.0,180.0
86.80024824604091,-16.615672824609252,-31.942211403624302,97.566650390625,15.0,180.0
86.69372303729453,-16.200891797874256,-31.463552569231805,97.66670989990234,15.0,180.0
86.6588719632437,-15.763518225399672,-31.11727987979577,97.76656341552734,15.0,180.0
86.54822049384862,-15.650396806310134,-30.94934044841604,97.86663818359376,15.0,180.0
86.25755599776114,-16.016984411742133,-30.81994694724547,97.86663818359376,15.0,180.0
85.95986990307082,-16.588389709254304,-30.44040949192816,97.96663665771484,15.0,180.0
85.77649658210484,-17.03907186718104,-29.85329740175245,98.06678009033205,15.0,180.0
85.65693746776056,-17.265577727483628,-29.43673172730684,98.16658782958984,15.0,180.0
85.73025915352572,-17.304812099548258,-29.45870494021732,98.26661682128906,15.0,180.0
86.02273026759488,-17.337758959276186,-29.696686602302385,98.36663055419922,15.0,180.0
86.33824507262499,-17.53457846643488,-29.797138338606565,98.4665985107422,15.0,180.0
86.72744988284971,-17.837500000612177,-29.92738158778078,98.56668090820312,15.0,180.0
87.30951212480726,-18.026294877550253,-30.18134350119797,98.56668090820312,15.0,180.0
87.93783176452476,-17.89977833477135,-30.48717366074467,98.66649627685548,15.0,180.0
88.51119263807101,-17.64256954501484,-30.82917121203017,98.76651763916016,15.0,180.0
89.07559599071269,-17.59925722242101,-30.94063873212851,98.86658477783205,15.0,180.0
89.5640776580996,-17.657278449844306,-30.76079788317222,98.96646881103516,15.0,180.0
89.88162452662161,-17.632800268431705,-30.4541244390198,99.0665054321289,15.0,180.0
90.15022959470902,-17.62904394542726,-30.172297337912344,99.16680908203124,15.0,180.0
90.44618633608106,-17.76150116780419,-30.12042028817065,99.16680908203124,15.0,180.0
90.74666902637486,-18.0167980847277,-30.27214037462747,99.2667236328125,15.0,180.0
91.0394707819466,-18.1596778733519,-30.41791795005598,99.3666534423828,15.0,180.0
91.29121632808258,-18.1268814035753,-30.50038791464544,99.46668243408205,15.0,180.0
91.58659257368323,-18.061510252526013,-30.455793893165527,99.56655883789062,15.0,180.0
91.98410642235768,-17.838555604305693,-30.233022981814337,99.66665649414062,15.0,180.0
92.35901731069627,-17.480081164006183,-29.99216042906461,99.76656341552734,15.0,180.0
92.55372589459556,-17.2694877053453,-29.865995985333463,99.8599624633789,15.0,180.0
92.47392231568004,-17.118036674621614,-29.947950102144134,99.8599624633789,15.0,180.0
91.95685136882604,-16.86146526391826,-30.148712476478323,99.92940521240234,15.0,180.0
91.26417273704818,-16.762880075874996,-30.340017960029268,99.96831512451172,15.0,180.0
90.91482213942687,-17.08094294492293,-30.57088518754536,99.9839859008789,15.0,180.0
90.69842405131314,-17.71909196860082,-30.690605674421093,99.99224090576172,15.0,180.0
90.3772442773208,-18.24636099930581,-30.66457367981167,99.99616241455078,15.0,180.0
90.16130436620982,-18.40393665312437,-30.69811460872953,99.99815368652344,15.0,180.0
90.17954581168202,-18.394809313187253,-30.671526605148024,99.99910736083984,15.0,180.0
90.57431521698808,-18.425526233341227,-30.459036985096017,99.99910736083984,15.0,180.0
91.32219450148408,-18.635349646874232,-30.272610112632456,99.99957275390624,15.0,180.0
92.04830173800268,-19.079742827960303,-30.17404919152669,99.99982452392578,15.0,180.0
92.50794703801176,-19.562810321364147,-30.08122817185976,99.99994659423828,15.0,180.0
92.78603876911556,-19.8518097946114,-30.01444641347668,100.0000076293945,15.0,180.0
92.87785705558142,-19.94906104047228,-30.123939146560645,100.0000457763672,15.0,180.0
92.6682069257858,-20.020881813017592,-30.603172003727177,100.0000610351562,15.0,180.0
92.43925961749947,-20.057868252047623,-31.19907743037784,100.0000610351562,15.0,180.0
92.33880645711778,-19.96561549956021,-31.670344656507105,100.0000686645508,15.0,180.0
92.12015470815145,-19.7487216332628,-32.19596797557749,100.0000686645508,15.0,180.0
91.91171607860991,-19.592734765770416,-32.654851704241,100.0000686645508,15.0,180.0
91.88365043961164,-19.811564638744525,-32.81730808048194,100.0000610351562,15.0,180.0
91.90853374312576,-20.16615536828179,-32.80570471671465,100.0000534057617,15.0,180.0
92.00685367679084,-20.31909561989581,-32.903094780580766,100.0000534057617,15.0,180.0
92.36944636984369,-20.53394691339173,-33.04702332535094,100.0000457763672,15.0,180.0
93.01006367194904,-20.856428901710903,-32.899620407111705,100.0000457763672,15.0,180.0
93.70564713887929,-20.97643339943339,-32.475585195339434,100.0000457763672,15.0,180.0
94.22847174262522,-20.90973492094481,-32.14366818518877,100.0000381469727,15.0,180.0
94.56763358842272,-20.83661438892344,-32.0527281110288,100.0000305175781,15.0,180.0
94.83628143681555,-20.72280584461277,-31.917569883391444,100.0000305175781,15.0,180.0
95.05894640823556,-20.51974987941136,-31.7031673171905,100.0000305175781,15.0,180.0
95.3166114926106,-20.383776670612484,-31.621131338497523,100.0000228881836,15.0,180.0
95.5206124535884,-20.37612111233681,-31.64177613817039,100.0000228881836,15.0,180.0
95.52592255102974,-20.438541116843915,-31.74576158613378,100.0000228881836,15.0,180.0
95.45264803810488,-20.55041170564979,-31.99853380400271,100.0000152587891,15.0,180.0
95.30090720550024,-20.56367842909248,-32.32775217069872,100.0000152587891,15.0,180.0
95.13418005329608,-20.473120445006217,-32.59238558890431,100.0000152587891,15.0,180.0
95.197748987885,-20.415824077374,-32.84859098611487,100.0000152587891,15.0,180.0
95.50545819522507,-20.44055548993296,-33.15166718661955,100.0000152587891,15.0,180.0
95.93277845102072,-20.46175083816226,-33.30699511372187,100.0000076293945,15.0,180.0
96.36721713999452,-20.45459710914633,-33.23236710340259,100.0000076293945,15.0,180.0
96.71734593449212,-20.48308641043905,-33.05155183588754,100.0000152587891,15.0,180.0
96.98506504115308,-20.533316250542065,-32.90306585178217,100.0000076293945,15.0,180.0
97.17412585454136,-20.766723418913383,-32.852286471708226,100.0000076293945,15.0,180.0
97.3108800154039,-21.1798722555376,-32.796189793505576,100.0000076293945,15.0,180.0
97.5997179398762,-21.45132672264577,-32.63120741221724,100.0000076293945,15.0,180.0
98.2297842584033,-21.540735254531484,-32.52288252905331,100.0000076293945,15.0,180.0
98.8924175488842,-21.705132740510862,-32.69339020615698,100.0000076293945,15.0,180.0
99.3025861697127,-22.01558687769436,-33.06198658153048,100.0000076293945,15.0,180.0
99.6106670467608,-22.140284721359656,-33.33872139764517,100.0,15.0,180.0
99.67916504726604,-21.881458641445263,-33.24983681687399,100.0,15.0,180.0
99.3591334606119,-21.644345207091888,-32.81572615139668,100.0,15.0,180.0
98.96660205910126,-21.714139654124068,-32.4293809423468,100.0,15.0,180.0
98.77716230964836,-21.89770698919469,-32.335819341576745,100.0,15.0,180.0
98.727822706897,-22.013378873577217,-32.40215662039973,100.0,15.0,180.0
98.6678392281683,-22.08652925906605,-32.460695927218055,100.0,15.0,180.0
98.65926354045894,-22.11786804207648,-32.44480017780235,100.0,15.0,180.0
98.79986220290397,-22.073327197517887,-32.43309990802881,100.0,15.0,180.0
98.91468019187944,-21.95192356272201,-32.70834904903716,100.0,15.0,180.0
98.84650869776682,-21.78565971260297,-33.2002739384775,100.0,15.0,180.0
98.70994698908596,-21.815903231905544,-33.52941442781458,100.0,15.0,180.0
98.65341490787682,-22.089936770726712,-33.630914201221195,100.0,15.0,180.0
98.61439021423358,-22.241646289421944,-33.569735964531816,100.0,15.0,180.0
98.53209096589876,-22.04535916889177,-33.3944304257677,100.0,15.0,180.0
98.49667444195984,-21.698651593281337,-33.116568295860205,100.0,15.0,180.0
98.58262942190476,-21.424668383753577,-32.9156156372436,100.0,15.0,180.0
98.83591633181804,-21.21961706510513,-33.00424876292649,100.0,15.0,180.0
99.09271750960934,-21.035723250734858,-33.1659913868424,100.0,15.0,180.0
99.10806112982304,-20.99030742919215,-33.11534004385065,100.0,15.0,180.0
98.81885804394402,-21.19427717000104,-32.92731992913989,100.0,15.0,180.0
98.3986528255615,-21.467932933395,-32.9431957036052,100.0,15.0,180.0
98.13252701458596,-21.597854797943487,-33.14282969708475,100.0,15.0,180.0
98.1861166684386,-21.671872445820064,-33.24450563609545,100.0,15.0,180.0
98.52809894241844,-21.833285610986504,-33.236720642977495,100.0,15.0,180.0
98.9830535314833,-21.91845265393281,-33.122389599895506,99.99999237060548,15.0,180.0
99.52188349974948,-21.756038197921363,-32.995529788793604,100.0,15.0,180.0
100.13156334194248,-21.496041282497348,-32.999813905474284,100.0,15.0,180.0
100.6432194948089,-21.390655524254463,-33.113885015902284,100.0,15.0,180.0
100.81950264834232,-21.59561941133533,-33.25105734372826,100.0,15.0,180.0
100.60311498571336,-21.92109889322677,-33.27603894772609,100.0,15.0,180.0
100.2943703006313,-21.95514162611736,-33.16953468121438,100.0,15.0,180.0
100.25808849216462,-21.83697245660338,-33.05176415344057,100.0,15.0,180.0
100.713385205434,-21.822873115325176,-33.06726610605373,100.0,15.0,180.0
101.4858522564205,-21.72126924490183,-33.11937354790932,100.0,15.0,180.0
102.1784016957543,-21.55583696642538,-33.267883607441206,100.0,15.0,180.0
102.62267263708048,-21.44566511096632,-33.658696379290966,100.0,15.0,180.0
102.80858108990115,-21.260773433251742,-33.72369222918547,100.0,15.0,180.0
102.83237589253108,-20.853456522778785,-33.29477032297821,100.0,15.0,180.0
102.76374780376194,-20.39988015718789,-32.96885193907936,100.0,15.0,180.0
102.68341297678624,-20.3567323163234,-32.894891839777195,100.0,15.0,180.0
102.76254990710584,-20.784107463351173,-32.81436161948719,100.0,15.0,180.0
103.05598060922124,-21.32100982838477,-32.82455205390536,100.0,15.0,180.0
103.41602965236542,-21.70915128745621,-33.2610654657294,100.0,15.0,180.0
103.73226912345916,-21.90950303107874,-34.01867577583922,100.0,15.0,180.0
104.10372138197545,-21.996505745907875,-34.79535376444505,100.0,15.0,180.0
104.43124119518572,-22.084092276517502,-35.418302110647524,100.0,15.0,180.0
104.64178331300224,-22.28624875261669,-35.72467707215135,100.0,15.0,180.0
104.701407804365,-22.677581089067512,-35.596095300315135,100.0,15.0,180.0
104.3674074067686,-23.158241732621743,-35.22679600826976,100.0,15.0,180.0
103.6629204172348,-23.535530405214573,-34.93951832079797,100.0,15.0,180.0
102.87926390227167,-23.63687383718741,-34.63238224015098,100.0,15.0,180.0
102.33030193001056,-23.50631844547991,-34.15056935438924,100.0,15.0,180.0
102.07853103739366,-23.39878625157346,-33.62720198996849,100.0,15.0,180.0
102.00249471548544,-23.32706452894432,-33.1912037040609,100.0,15.0,180.0
101.89657625869872,-23.23624751762945,-32.9039085660139,100.0,15.0,180.0
101.6132325129013,-23.15098151741636,-32.73978224964093,100.0,15.0,180.0
101.30275227770836,-22.90294350555958,-32.71116524492655,100.0,15.0,180.0
101.05154970681347,-22.46017308101135,-32.99683510463646,100.0,15.0,180.0
100.9418050106141,-22.02570412685077,-33.425298260068786,100.0,15.0,180.0
100.97826763911972,-21.69136217378687,-33.6102790177936,100.0,15.0,180.0
100.95632463589354,-21.426652780224924,-33.44650479157462,100.0,15.0,180.0
100.8386004411182,-21.248839039424723,-33.04816386192747,100.0,15.0,180.0
100.66970473938812,-21.367278360820155,-32.50578373963739,100.0,15.0,180.0
100.48906179615936,-21.69526138344598,-31.79350521863359,100.0,15.0,180.0
100.46729638340736,-21.932937563924305,-31.122965050484872,100.0,15.0,180.0
100.55676313889106,-22.09727859351723,-30.710000558439347,100.0,15.0,180.0
100.51729859064568,-22.13674335042628,-30.66909566595121,100.0,15.0,180.0
100.47257397433556,-21.94645162314272,-30.94853414525137,100.0,15.0,180.0
100.49477747238916,-21.642800635158125,-31.12147629381633,100.0,15.0,180.0
100.39799922957737,-21.320566151591585,-31.081362560044504,100.0,15.0,180.0
100.35098193825816,-21.00134659295828,-31.03116868209913,100.0,15.0,180.0
100.53764582808584,-20.83944955431908,-31.02006465044939,100.0,15.0,180.0
100.8293294828647,-20.83188845000204,-31.1266177344421,100.0,15.0,180.0
101.13849180940042,-20.71622711357685,-31.49217830383697,100.0,15.0,180.0
101.2978451307304,-20.412647075573307,-32.029569837641674,100.0,15.0,180.0
101.25738084863752,-20.13812433408113,-32.43976205400743,100.0,15.0,180.0
101.17099570301212,-20.19404310060227,-32.69098983832428,100.0,15.0,180.0
101.03514891329486,-20.52805587797764,-32.964622992100665,100.0,15.0,180.0
100.89221375358125,-20.759361330466028,-33.189646510274315,100.0,15.0,180.0
100.73289595843649,-20.77180311796476,-33.29013552039523,100.0,15.0,180.0
100.47492572356649,-20.70215733823893,-33.40677157997969,100.0,15.0,180.0
100.22976874777156,-20.70947389305679,-33.50361095594432,100.0,15.0,180.0
100.27312410494744,-20.91981612649001,-33.466314539488266,100.0,15.0,180.0
100.75697581942686,-21.255634558595226,-33.42164500994271,100.0,15.0,180.0
101.40916969472696,-21.570543222768947,-33.54654023809513,100.0,15.0,180.0
101.94394427188102,-21.787340347688865,-33.780391760626884,100.0,15.0,180.0
102.29793737506192,-21.8392965741891,-33.89532407847773,100.0,15.0,180.0
102.44045919373308,-21.693982604987298,-33.85517061266037,100.0,15.0,180.0
102.35002676051008,-21.44166808112316,-33.811826857169585,100.0,15.0,180.0
102.25664800393156,-21.212754997789425,-33.8913944502492,100.0,15.0,180.0
102.39000778404387,-21.017774416310136,-34.07957864287246,100.0,15.0,180.0
102.53409819770783,-20.901229848405567,-34.220246882971665,100.0,15.0,180.0
102.50452365191056,-20.96645562760291,-34.127003175443065,100.0,15.0,180.0
102.43547037272988,-21.0193610935704,-33.71717444562561,100.0,15.0,180.0
102.426561484845,-20.85442252946013,-33.35996433473527,100.0,15.0,180.0
102.36956469364544,-20.763601704833302,-33.37894652127233,100.0,15.0,180.0
102.17174367255308,-20.944474386048828,-33.44810268910109,100.0,15.0,180.0
101.8687322605663,-21.25533153910917,-33.24646528881782,100.0,15.0,180.0
101.51608789095076,-21.6184928035258,-32.78224312605272,100.0,15.0,180.0
101.03192687474296,-21.91061930621124,-32.240867700727094,100.0,15.0,180.0
100.39237642091068,-21.960462256484405,-31.79998252588128,100.0,15.0,180.0
99.781949010125,-21.755674627483263,-31.443647172843207,100.0,15.0,180.0
99.3575119437879,-21.482307861190684,-31.189902204189845,100.0,15.0,180.0
99.1316944642594,-21.35004906179737,-31.01619764584668,100.0,15.0,180.0
99.1065718981749,-21.39947062453905,-30.98443711419621,100.0,15.0,180.0
99.31461669387532,-21.52649220130347,-31.272683417441392,100.0,15.0,180.0
99.55715159288049,-21.72652158858181,-31.683841874655,100.0,15.0,180.0
99.79173333829203,-22.083806216149497,-31.98227643533324,100.0,15.0,180.0
100.18898546846565,-22.4030672145278,-32.201075917394235,100.0,15.0,180.0
100.56923343333132,-22.383331745230866,-32.49260896866294,100.0,15.0,180.0
100.78161894314503,-22.157968683816705,-32.96564292835489,100.0,15.0,180.0
100.8722259648748,-21.95164670944257,-33.28889402229491,100.0,15.0,180.0
100.8137209069659,-21.726127705275097,-33.319675499266324,100.0,15.0,180.0
100.7368613147232,-21.583828279582704,-33.36960918750554,100.0,15.0,180.0
100.88256810578528,-21.61518002385438,-33.497603920409766,100.0,15.0,180.0
101.1984305637588,-21.66329781999278,-33.643113397408214,100.0,15.0,180.0
101.34360695246824,-21.66465051290056,-33.74734889564463,100.0,15.0,180.0
101.2044692042492,-21.64265480288156,-33.7473513356892,100.0,15.0,180.0
101.02574132843012,-21.689665584577824,-33.74788785529172,100.0,15.0,180.0
100.93608989702922,-21.92536131258415,-33.77738016057579,100.0,15.0,180.0
100.91017089891092,-22.223619619640804,-33.790770397933656,100.0,15.0,180.0
101.041080814908,-22.50536272010624,-33.91961351650237,100.0,15.0,180.0
101.38677704029516,-22.720398181972925,-34.10338887100515,100.0,15.0,180.0
101.84351134332162,-22.648834600937832,-34.18525194714698,100.0,15.0,180.0
102.31870616216962,-22.36780963514013,-34.15085479777109,99.99999237060548,15.0,180.0
102.66050695540878,-22.126857536170704,-34.02504497034976,100.0,15.0,180.0
102.7239534263397,-21.924911852357106,-34.0016888562958,100.0,15.0,180.0
102.60081282208378,-21.693535680986145,-34.05580286310297,100.0,15.0,180.0
102.45568087233154,-21.51410040077236,-34.01742494570063,100.0,15.0,180.0
102.37961178600663,-21.4528384292814,-34.038284540433864,100.0,15.0,180.0
102.34837249489684,-21.43511116316927,-34.1232941616862,100.0,15.0,180.0
102.26074087450272,-21.52307490834682,-34.207435463651336,100.0,15.0,180.0
102.17274942915556,-21.657127189285248,-34.42930246704669,100.0,15.0,180.0
102.11999756573422,-21.67026763385894,-34.788586494168186,100.0,15.0,180.0
101.94808894736316,-21.66849037594368,-35.095117841401525,100.0,15.0,180.0
101.63318228251502,-21.695167263323214,-35.22978943436575,100.0,15.0,180.0
101.2795873577742,-21.7761629283446,-35.2089374359293,100.0,15.0,180.0
101.1506539408002,-22.003926246989884,-35.03320701338913,100.0,15.0,180.0
101.48143244622224,-22.27180571250065,-34.78947169049131,100.0,15.0,180.0
101.9523618462862,-22.39570586768049,-34.55773889796591,100.0,15.0,180.0
102.14594759741546,-22.3603453295168,-34.31736320625147,100.0,15.0,180.0
102.2176439532926,-22.378828451174144,-33.944964624730424,100.0,15.0,180.0
102.41244294673912,-22.51690173946208,-33.533014223623184,100.0,15.0,180.0
102.61086270615291,-22.618099894541512,-33.34823130298356,100.0,15.0,180.0
102.7446876069426,-22.65464421654096,-33.29827924383236,100.0,15.0,180.0
103.02435464391117,-22.602416394303795,-33.177090621795095,100.0,15.0,180.0
103.39742762111626,-22.42834112306609,-32.898724363627665,100.0,15.0,180.0
103.52548523261956,-22.22964701386362,-32.565090721691725,100.0,15.0,180.0
103.54955281307682,-22.14181628768633,-32.37437306282553,100.0,15.0,180.0
103.7223688475663,-22.17909373292633,-32.38637582875888,100.0,15.0,180.0
103.77690939429488,-22.28685023150863,-32.55401847378663,100.0,15.0,180.0
103.52586686572911,-22.336074281328955,-32.69312457276612,100.0,15.0,180.0
103.17378950546282,-22.232588383846984,-32.69302270467354,100.0,15.0,180.0
102.89464068297622,-22.233486479610768,-32.55631413011437,100.0,15.0,180.0
102.82642317572096,-22.42304458756473,-32.27181722167687,100.0,15.0,180.0
103.06727009984634,-22.56843724817128,-31.991685022278062,100.0,15.0,180.0
103.43070434430956,-22.534234227140228,-32.021283932079285,100.0,15.0,180.0
103.64072930487734,-22.319671663156704,-32.28978646474623,100.0,15.0,180.0
103.4949757699336,-22.00764790744266,-32.39395657286368,100.0,15.0,180.0
103.04036569841486,-21.640671964327623,-32.39778761742882,100.0,15.0,180.0
102.62367801323413,-21.388116787141147,-32.45700144790197,100.0,15.0,180.0
102.3714099034171,-21.35958932616152,-32.478260423754485,100.0,15.0,180.0
102.28146921354168,-21.351161531986502,-32.5171729672181,100.0,15.0,180.0
102.42921848879878,-21.34426438733308,-32.631119335095505,100.0,15.0,180.0
102.75099465629012,-21.493630093182507,-32.7322560471142,100.0,15.0,180.0
103.0045869454558,-21.65399372334108,-32.75690326554095,100.0,15.0,180.0
102.95106868629136,-21.640452142983342,-32.68458725486724,100.0,15.0,180.0
102.59043377689343,-21.413528044074795,-32.63783022053234,100.0,15.0,180.0
102.02409278759058,-21.10574558469815,-32.74172328352258,100.0,15.0,180.0
101.3505125993002,-20.963695372570005,-32.78004989834704,100.0,15.0,180.0
100.84065857330442,-20.92474035596715,-32.606364605816566,100.0,15.0,180.0
100.79216492531395,-20.946819083878683,-32.38386208360628,100.0,15.0,180.0
101.26396903272082,-21.1671713620916,-32.29626987340973,100.0,15.0,180.0
102.04151261688972,-21.417090644428388,-32.311738675635354,100.0,15.0,180.0
102.90029888872483,-21.57158808563004,-32.35787589289036,100.0,15.0,180.0
103.71311968239814,-21.821981380288378,-32.5436181536635,100.0,15.0,180.0
104.21314889704476,-22.104431143181927,-32.788262212928814,100.0,15.0,180.0
104.4737622714437,-22.30739768344076,-32.99157229144393,100.0,15.0,180.0
104.75042279597386,-22.637254828957023,-33.20191785811139,100.0,15.0,180.0
104.8774897281211,-23.048344463353388,-33.41744227755124,100.0,15.0,180.0
104.71495334545033,-23.228187126222124,-33.611339117881975,100.0,15.0,180.0
104.22853240433632,-23.15672827347349,-33.57636766044737,100.0,15.0,180.0
103.46584661065997,-23.124686911796022,-33.51508170851676,100.0,15.0,180.0
102.84641044241457,-23.28415478143769,-33.78015458713173,100.0,15.0,180.0
102.6793850287479,-23.45003835749092,-34.044179110536334,100.0,15.0,180.0
102.78733506771488,-23.366587121348704,-34.030560954897,100.0,15.0,180.0
102.969598901306,-23.058466071691345,-33.867582096397726,100.0,15.0,180.0
103.17303178401644,-22.82305738496438,-33.61752810226544,100.0,15.0,180.0
103.31349474722172,-22.63913552298298,-33.33389581600708,100.0,15.0,180.0
103.42779099541042,-22.33787933484072,-33.245032728262856,100.0,15.0,180.0
103.60607887750731,-22.146047811125225,-33.446135772378774,100.0,15.0,180.0
103.78961522171176,-22.1282756939258,-33.80699613490653,100.0,15.0,180.0
103.9252524958482,-22.142663753923365,-34.11165117750075,100.0,15.0,180.0
104.02628497658014,-22.233887707340006,-34.26578014296452,100.0,15.0,180.0
104.14577929871204,-22.36269645151885,-34.439974784240746,100.0,15.0,180.0
104.28516376895062,-22.44269591603136,-34.75591431145694,100.0,15.0,180.0
104.31543528105348,-22.5353461611899,-35.14585330143217,100.0,15.0,180.0
104.27480698214454,-22.672820890957816,-35.52403559189392,100.0,15.0,180.0
104.36746873183684,-22.90199334690336,-35.82897419851876,100.0,15.0,180.0
104.4086996267472,-23.238235539987247,-36.01725124530481,100.0,15.0,180.0
104.11689743479243,-23.534557632936128,-36.00821274656086,100.0,15.0,180.0
103.69121656517424,-23.7825345985988,-35.90500805856284,100.0,15.0,180.0
103.42168613691344,-23.948489749052584,-35.97952726275245,100.0,15.0,180.0
103.39761384003404,-23.8988009158314,-36.19054547464743,100.0,15.0,180.0
103.61589918309488,-23.824400216323667,-36.357810969203925,100.0,15.0,180.0
103.89159835911212,-23.74056961106046,-36.44943251524175,100.0,15.0,180.0
104.14229209982774,-23.519038150174588,-36.34949145819128,100.0,15.0,180.0
104.39759944895616,-23.40469025032977,-35.94820745652124,100.0,15.0,180.0
104.40747892140134,-23.45968894224665,-35.51282251989974,100.0,15.0,180.0
104.17466802403716,-23.539187754176385,-35.281667429455034,100.0,15.0,180.0
103.98551557434102,-23.59247356559136,-35.13170365318188,100.0,15.0,180.0
103.97541840461966,-23.56618412150424,-34.998997688085424,100.0,15.0,180.0
104.16539121902208,-23.49059615639594,-34.999592297519925,100.0,15.0,180.0
104.339414083415,-23.51323461029431,-35.05925399661857,100.0,15.0,180.0
104.46317005330437,-23.750781298735145,-34.93145137189218,100.0,15.0,180.0
104.67294574574316,-24.27028410422901,-34.65630422426227,100.0,15.0,180.0
104.91251274138024,-24.88202360360214,-34.41184760031104,100.0,15.0,180.0
105.24065974713528,-25.17130992905843,-34.22642095775555,100.0,15.0,180.0
105.54683569899382,-25.19001871036832,-34.083380098078806,100.0,15.0,180.0
105.60620767140092,-25.288669528155303,-34.07220035179134,100.0,15.0,180.0
105.45676811042672,-25.43879012849993,-34.193790179062454,100.0,15.0,180.0
105.1256128003027,-25.454124871294155,-34.105947046206346,100.0,15.0,180.0
104.6826002214719,-25.36908554461801,-33.90368610788875,100.0,15.0,180.0
104.34161095912816,-25.2283272231612,-34.0524302609065,100.0,15.0,180.0
104.25548843374378,-25.121807323613723,-34.314543398705176,100.0,15.0,180.0
104.40413292381892,-25.05126039054468,-34.33649434544007,100.0,15.0,180.0
104.66886557302485,-24.7266644404076,-34.32618889914107,100.0,15.0,180.0
104.80263699711844,-24.107380961161905,-34.48827160377998,100.0,15.0,180.0
104.67757649004166,-23.3573155374147,-34.61188012246597,100.0,15.0,180.0
104.61840287820444,-22.678107524589493,-34.40587314230859,100.0,15.0,180.0
104.85459775998106,-22.237793463087257,-33.85142701822853,100.0,15.0,180.0
105.25835303222784,-21.953486162138688,-33.14921061734252,100.0,15.0,180.0
105.69835888946032,-21.77839441797865,-32.63776539613235,100.0,15.0,180.0
106.12841753097962,-21.8193300959093,-32.47115201876367,100.0,15.0,180.0
106.54204302707366,-22.062286416238084,-32.45624001656411,100.0,15.0,180.0
106.81902577017064,-22.360840156191184,-32.33879660410258,100.0,15.0,180.0
106.87627803111177,-22.604724886334733,-32.03248712467672,100.0,15.0,180.0
106.88353526980045,-22.790195732096503,-31.712023910268783,100.0,15.0,180.0
106.9647229072499,-22.96872455548953,-31.52522041259223,100.0,15.0,180.0
107.00674362572018,-23.08922315046283,-31.404187310181623,100.0,15.0,180.0
107.01474875339495,-23.19660035748451,-31.41497703135641,100.0,15.0,180.0
107.1941411159122,-23.395548650574,-31.687853391204687,100.0,15.0,180.0
107.51294229242868,-23.626835791001373,-32.15032729695725,100.0,15.0,180.0
107.70875348976662,-23.803928166762148,-32.59623803835679,100.0,15.0,180.0
107.63915764300324,-23.926490360970405,-32.945064480729776,100.0,15.0,180.0
107.31828604088324,-23.988682422726608,-33.18287854419118,100.0,15.0,180.0
106.93861411511304,-23.95820011247265,-33.233622827241106,100.0,15.0,180.0
106.60517755647028,-23.81375923990377,-33.231540683437856,100.0,15.0,180.0
106.13226955841692,-23.5123932157768,-33.50924891904295,100.0,15.0,180.0
105.6052848208189,-23.199014612125232,-34.04561467096795,100.0,15.0,180.0
105.32821777709536,-23.119173049414,-34.38723370788296,100.0,15.0,180.0
105.34504421834336,-23.22621240965501,-34.54486396907569,100.0,15.0,180.0
105.48489733184186,-23.349718633788072,-34.79080165896325,100.0,15.0,180.0
105.50780539349046,-23.412601048534167,-34.94789428381171,100.0,15.0,180.0
105.4166136063082,-23.372391834304,-34.95733978788533,100.0,15.0,180.0
105.30448954962104,-23.26789095852088,-35.05100228277635,100.0,15.0,180.0
105.1198673536598,-23.13140967584108,-35.214593206305416,100.0,15.0,180.0
105.02792359038192,-22.98184319593449,-35.31354839199273,100.0,15.0,180.0
105.1216698455724,-22.93861571735852,-35.38502227112954,100.0,15.0,180.0
105.14613944740148,-22.98927217480669,-35.46338926363288,100.0,15.0,180.0
104.96157875524294,-22.96785149863087,-35.48185557541879,100.0,15.0,180.0
104.62102410887977,-22.8335295435704,-35.367578390427695,100.0,15.0,180.0
104.34509344977906,-22.72761521079627,-35.16163870425245,100.0,15.0,180.0
104.2895964493588,-22.661865478050103,-34.921329418972434,100.0,15.0,180.0
104.2964243197602,-22.47892921188398,-34.70046889031404,100.0,15.0,180.0
104.34613684223848,-22.417050317095807,-34.60575485039288,100.0,15.0,180.0
104.41340612320292,-22.67574653599672,-34.578351057361644,100.0,15.0,180.0
104.29131037444644,-22.977583306196124,-34.51527249554585,100.0,15.0,180.0
103.94733004143912,-23.20225177844796,-34.4881731565633,100.0,15.0,180.0
103.5913667645576,-23.3744375272027,-34.54686262420475,100.0,15.0,180.0
103.51357094596491,-23.36074676086948,-34.49515641992502,100.0,15.0,180.0
103.77747967875618,-23.192374822787443,-34.32943825191826,100.0,15.0,180.0
104.24679431923914,-23.119178889433098,-34.365613248340665,100.0,15.0,180.0
104.74478918983192,-23.23764035288245,-34.55798190780984,100.0,15.0,180.0
105.0976040923598,-23.5515205823132,-34.67287704133918,100.0,15.0,180.0
105.25930918517604,-24.012981884324866,-34.82530075085129,100.0,15.0,180.0
105.33782989524228,-24.314055177176765,-35.21042120976936,100.0,15.0,180.0
105.33082283256348,-24.28337417034265,-35.69037145532104,100.0,15.0,180.0
105.18655205224658,-24.154087770870923,-35.98405620850359,100.0,15.0,180.0
104.98201004373487,-24.14939595380875,-36.04622498141472,100.0,15.0,180.0
104.71678720876122,-24.26060562260758,-36.06290921864869,100.0,15.0,180.0
104.51673919582772,-24.27681033890912,-36.24100840428992,100.0,15.0,180.0
104.56519405228492,-24.06918664740725,-36.44719894869709,100.0,15.0,180.0
104.76494793876832,-23.812269169353247,-36.32180846815249,100.0,15.0,180.0
104.8710596815482,-23.645059643293543,-35.90460145417098,100.0,15.0,180.0
104.79208607754131,-23.573003359234587,-35.63878891486769,100.0,15.0,180.0
104.77438444555013,-23.590763421396176,-35.67727556716335,100.0,15.0,180.0
105.0093512232696,-23.590013763598204,-35.69436930222845,100.0,15.0,180.0
105.45919807003074,-23.56241021606245,-35.464066115675095,100.0,15.0,180.0
105.9753666110307,-23.69041799304137,-35.11736053655335,100.0,15.0,180.0
106.36503203351135,-23.958293214649963,-34.90081864767022,100.0,15.0,180.0
106.5448119704395,-24.23197879083868,-34.870413949230205,100.0,15.0,180.0
106.51198777230884,-24.47985172311236,-34.89717144121886,100.0,15.0,180.0
106.50719719658927,-24.637123784599225,-34.98518902527249,100.0,15.0,180.0
106.62109626723236,-24.7928317610364,-35.22112355938033,100.0,15.0,180.0
106.58960646496055,-25.056219330173256,-35.45190233726006,100.0,15.0,180.0
106.59230639121176,-25.3131167605185,-35.49846026446717,100.0,15.0,180.0
106.74089707209625,-25.48943525130453,-35.443246840419064,100.0,15.0,180.0
106.75434604646426,-25.492769057109182,-35.358440549827506,100.0,15.0,180.0
106.74538405943596,-25.41697182275401,-35.058591186287906,100.0,15.0,180.0
106.9059384075422,-25.57199107173136,-34.56572808950764,100.0,15.0,180.0
107.06814140867796,-26.005849989211097,-34.36621725603594,100.0,15.0,180.0
107.0235227685213,-26.580787753071483,-34.59404217233125,100.0,15.0,180.0
106.8381078259979,-27.05103732289263,-34.81514178854921,100.0,15.0,180.0
106.63499571596658,-27.19082507799516,-34.84940386554005,100.0,15.0,180.0
106.44380511738298,-27.026240788910545,-34.87982136065956,100.0,15.0,180.0
106.32588602272462,-26.786941169734188,-34.961672856323304,100.0,15.0,180.0
106.26846622555142,-26.664485947400355,-35.02809650842124,100.0,15.0,180.0
106.173178049601,-26.6483159149645,-35.112520240682144,100.0,15.0,180.0
106.06003357816176,-26.71821139122414,-35.27564167740304,100.0,15.0,180.0
106.07962800425476,-26.87280968270863,-35.560621355399604,100.0,15.0,180.0
106.33480160817732,-26.925759076253065,-35.92104400971529,100.0,15.0,180.0
106.81971153669949,-26.772120243637023,-36.21623826819059,100.0,15.0,180.0
107.37850086371006,-26.571307939120707,-36.37533712511176,100.0,15.0,180.0
107.7405099483646,-26.477973435413848,-36.31374134934024,100.0,15.0,180.0
107.73743492153442,-26.372406651104264,-36.10283398282277,100.0,15.0,180.0
107.53080715586232,-26.25588250554317,-35.82439675016911,100.0,15.0,180.0
107.43475795322456,-26.332272934340043,-35.40061147306524,100.0,15.0,180.0
107.5097202321042,-26.3665512274342,-35.01909416992747,100.0,15.0,180.0
107.4564825188374,-26.160179376018664,-34.871713919043835,100.0,15.0,180.0
107.2175148731802,-25.95887672453725,-34.791986271703664,100.0,15.0,180.0
107.09339308282829,-25.79497311142454,-34.722093896994664,100.0,15.0,180.0
107.18235206540278,-25.50085429372984,-34.8343745189181,100.0,15.0,180.0
107.54297274971242,-25.23188853511565,-35.06489053543156,100.0,15.0,180.0
108.00656584307676,-25.18671562477836,-35.20883620290466,100.0,15.0,180.0
108.08886413282724,-25.16893226034331,-35.20544908765924,100.0,15.0,180.0
107.8171387184714,-24.92377796645836,-35.10641954208416,100.0,15.0,180.0
107.59035283388673,-24.611532632719847,-35.00471212734705,100.0,15.0,180.0
107.44529832389522,-24.569042495452027,-34.942085327637855,100.0,15.0,180.0
107.38623930208848,-24.844599712574365,-35.015156539603375,100.0,15.0,180.0
107.36497129653722,-25.22318272035219,-35.23236296107976,100.0,15.0,180.0
107.19447718534995,-25.571450147509346,-35.41295803629363,100.0,15.0,180.0
106.96804298815144,-25.78355366922892,-35.55073961197999,100.0,15.0,180.0
106.88532657879723,-25.7908356756744,-35.76249735812817,100.0,15.0,180.0
107.05859601569338,-25.768800215399988,-36.12154408223918,100.0,15.0,180.0
107.36108312400074,-25.839061449486945,-36.51232665534374,100.0,15.0,180.0
107.59753864526704,-25.918639622510863,-36.69516496493458,100.0,15.0,180.0
107.69843842577464,-25.96622960067,-36.638573952509134,100.0,15.0,180.0
107.63148953001104,-26.09007561422285,-36.49062523230712,100.0,15.0,180.0
107.3881885625966,-26.304250205470687,-36.364705589965936,100.0,15.0,180.0
107.04407682977951,-26.530073186920948,-36.198168816131485,100.0,15.0,180.0
106.83765553157907,-26.852999114371663,-35.97519103253827,100.0,15.0,180.0
106.8583156964267,-27.24604192985725,-35.77610229660178,100.0,15.0,180.0
107.03498102293976,-27.52631205288989,-35.60724164160231,100.0,15.0,180.0
107.40394756096444,-27.672693970972656,-35.554377754762164,100.0,15.0,180.0
107.93939124333964,-27.732048145787275,-35.664039548044,100.0,15.0,180.0
108.39798241236088,-27.76282352487614,-35.84635357215755,100.0,15.0,180.0
108.59991267666638,-27.698355154282403,-36.04422670752924,100.0,15.0,180.0
108.71632688589524,-27.43181094491297,-36.2785163409857,100.0,15.0,180.0
108.8282359715322,-27.10079683736134,-36.624669874600045,100.0,15.0,180.0
108.86338756272484,-26.816040198370807,-37.04208731253371,100.0,15.0,180.0
109.03713935283622,-26.560515258073657,-37.34456374346132,100.0,15.0,180.0
109.41583013695188,-26.401620420317848,-37.51253991249467,100.0,15.0,180.0
109.75031667214223,-26.406305509979465,-37.640202762081294,100.0,15.0,180.0
109.87863951792788,-26.474670330187827,-37.639419752009765,100.0,15.0,180.0
109.78098995056236,-26.564156204270013,-37.46002423448612,100.0,15.0,180.0
109.53697082241132,-26.76673803379996,-37.23753839257273,100.0,15.0,180.0
109.27251067916592,-27.08393359416201,-37.10312993467533,100.0,15.0,180.0
109.01978025266396,-27.386214809579126,-37.12044758619545,100.0,15.0,180.0
108.84266157938175,-27.562913716188064,-37.26657550111321,100.0,15.0,180.0
108.78207696552604,-27.7147718847012,-37.27694112504581,100.0,15.0,180.0
108.76844652574404,-28.00113167582986,-37.051518011391465,100.0,15.0,180.0
108.94060592027223,-28.340255011390337,-37.00122978195376,100.0,15.0,180.0
109.33387196786266,-28.59460448557624,-37.27455088776592,100.0,15.0,180.0
109.64933886379204,-28.740312568724,-37.4414514337792,100.0,15.0,180.0
109.78393684204671,-28.72217887741163,-37.29033341845569,99.99999237060548,15.0,180.0
109.8098537375502,-28.651812650410413,-37.03586659248297,100.0,15.0,180.0
109.74754906278852,-28.5031384451593,-36.88229017560447,100.0,15.0,180.0
109.86319446081134,-27.997727145368152,-36.94215287029552,100.0,15.0,180.0
110.35939368756937,-27.42211152306136,-37.04395304360241,100.0,15.0,180.0
110.86342323780497,-27.188148846256,-36.8421633950517,100.0,15.0,180.0
111.10517544829804,-27.17175559306056,-36.597224394613306,100.0,15.0,180.0
111.136919013582,-27.16892542629862,-36.59067981545117,100.0,15.0,180.0
110.84712242311907,-27.02793987703633,-36.41512234142888,100.0,15.0,180.0
110.34898588989772,-26.766480556974784,-36.00258315799842,100.0,15.0,180.0
109.93838234187751,-26.63452467563698,-35.694069153764374,100.0,15.0,180.0
109.68317176264826,-26.68120697467212,-35.56096804252935,100.0,15.0,180.0
109.6974114002303,-26.84125764352363,-35.48863746358254,100.0,15.0,180.0
110.11211495444016,-27.17287119750149,-35.394017333855686,100.0,15.0,180.0
110.7319731762207,-27.56819697149295,-35.39549960350938,100.0,15.0,180.0
111.34159369959524,-27.84431832247473,-35.59569404737969,100.0,15.0,180.0
111.84420253768464,-27.918331481853,-36.01538409140399,100.0,15.0,180.0
111.97687923920944,-27.737873398249825,-36.519231717120654,100.0,15.0,180.0
111.80095599306432,-27.520292047755685,-36.75120354627617,100.0,15.0,180.0
111.74894367643851,-27.61159566091549,-36.760723369765614,100.0,15.0,180.0
111.80238218466002,-28.07318325934815,-36.90580139132945,100.0,15.0,180.0
111.66567769335263,-28.58618144460072,-37.15069018038469,100.0,15.0,180.0
111.37543244312327,-28.785966477487328,-37.21506151962956,100.0,15.0,180.0
111.12589051068244,-28.68374202098265,-37.15686550183672,100.0,15.0,180.0
111.03134218688204,-28.50470193159417,-37.14900169155421,100.0,15.0,180.0
111.16056559375151,-28.374618300998456,-37.11479968574403,100.0,15.0,180.0
111.50302015933326,-28.363079882062944,-37.02585101446233,100.0,15.0,180.0
112.00852545448907,-28.52106531617092,-36.89914461216641,100.0,15.0,180.0
112.55928400092188,-28.66200407002059,-36.79877990114388,100.0,15.0,180.0
113.0522183814892,-28.465188907743908,-36.76603950068261,100.0,15.0,180.0
113.47260719129702,-28.08511972696715,-36.69623407588605,100.0,15.0,180.0
113.7780144171442,-27.89207585067819,-36.58278183995496,100.0,15.0,180.0
113.9449374872618,-27.6640622157509,-36.41469061256328,100.0,15.0,180.0
113.95370555086306,-27.10425253709064,-36.22637661001853,100.0,15.0,180.0
113.84251580737684,-26.493482964007782,-36.17752552890235,100.0,15.0,180.0
113.7240168640558,-26.10744428013428,-36.11085001465084,100.0,15.0,180.0
113.68717420092806,-25.806507585253165,-35.81632907643351,100.0,15.0,180.0
113.77568465134313,-25.520731094688887,-35.570229470261715,100.0,15.0,180.0
113.90071367152316,-25.446516295359537,-35.57730065472723,100.0,15.0,180.0
113.95670929052612,-25.557140490157337,-35.66039409498177,100.0,15.0,180.0
113.935530367233,-25.773214558860392,-35.6500178477401,100.0,15.0,180.0
113.8721521696753,-26.22968440223287,-35.57095458716545,100.0,15.0,180.0
113.77689506939052,-26.80053740978481,-35.51744267670249,100.0,15.0,180.0
113.59572348423106,-27.27961915323417,-35.560824320728784,100.0,15.0,180.0
113.4110522242558,-27.6552233293029,-35.731275719244174,100.0,15.0,180.0
113.3863978135612,-27.96631523689725,-35.84260483041951,100.0,15.0,180.0
113.5231381046525,-28.24534813039826,-35.85543044887844,100.0,15.0,180.0
113.70393929306182,-28.470608383551728,-35.924138362131764,100.0,15.0,180.0
113.82861337860432,-28.6353239529844,-35.954104357498395,100.0,15.0,180.0
113.88804556161294,-28.60438546057732,-35.948642896341525,100.0,15.0,180.0
113.9072552697256,-28.294245698247124,-36.21304990055342,100.0,15.0,180.0
113.86134280157164,-27.980243548473936,-36.74879761351111,100.0,15.0,180.0
113.813028238883,-27.84565238945809,-37.12636512005808,100.0,15.0,180.0
113.91133669792964,-27.8270080515407,-37.20583512293853,100.0,15.0,180.0
114.121433110832,-27.82160352354316,-37.22463972943674,100.0,15.0,180.0
114.26185136096518,-27.65676174859479,-37.159448743353416,100.0,15.0,180.0
114.29939823765436,-27.337245080182264,-36.9784529150553,100.0,15.0,180.0
114.29487925300586,-27.035550101560894,-37.02011010162734,100.0,15.0,180.0
114.2335312368303,-26.905592629505165,-37.39068402029084,100.0,15.0,180.0
114.22978865073382,-26.9250754296164,-37.720323494999874,100.0,15.0,180.0
114.45733904540842,-26.95435250695699,-37.68596742451764,100.0,15.0,180.0
114.84324928106844,-27.027910924018432,-37.43711349554345,100.0,15.0,180.0
115.131909339724,-27.04209995383738,-37.2798661802202,100.0,15.0,180.0
115.14190372746596,-26.94838813621508,-37.351312491106825,100.0,15.0,180.0
115.03545694071104,-26.88088023633354,-37.73519933387605,100.0,15.0,180.0
115.08524818014452,-26.884647560109265,-38.36852372595372,100.0,15.0,180.0
115.29958223701898,-26.97119983375676,-39.08610700738821,100.0,15.0,180.0
115.58110103773916,-26.98723519406544,-39.55301192238613,100.0,15.0,180.0
115.86210895936384,-26.92511587301584,-39.459941557800406,100.0,15.0,180.0
116.12575667344112,-26.90172718922736,-39.15410450241208,100.0,15.0,180.0
116.33304408646428,-26.793402688220446,-39.08856309459756,100.0,15.0,180.0
116.31703344867714,-26.60031525534994,-39.3331825184695,100.0,15.0,180.0
116.13523812224813,-26.507607151197004,-39.93816562280233,100.0,15.0,180.0
116.2383887502407,-26.43552893729056,-40.83726071697847,100.0,15.0,180.0
116.67303797405074,-26.306404639517893,-41.53551812384117,100.0,15.0,180.0
117.0760690633265,-26.271064265045705,-41.61958084141308,100.0,15.0,180.0
117.4911110177792,-26.27589373119976,-41.37805685682229,100.0,15.0,180.0
117.9858914384069,-26.27132276949092,-41.11764055567669,100.0,15.0,180.0
118.381512715975,-26.32905171029812,-40.73569366648277,100.0,15.0,180.0
118.72331355978493,-26.39464557942759,-40.193703794435216,100.0,15.0,180.0
119.0919174222612,-26.50612463400381,-39.61525545462306,100.0,15.0,180.0
119.31598454417112,-26.675572926994256,-39.12024670969642,100.0,15.0,180.0
119.25031244829684,-26.76813161096253,-38.83697910830264,100.0,15.0,180.0
119.00564484839887,-26.79396342481765,-38.88963138578016,100.0,15.0,180.0
118.77650066305226,-26.79723769793984,-39.18160880772044,100.0,15.0,180.0
118.59596702359836,-26.748544389053023,-39.46219384990345,100.0,15.0,180.0
118.50200250461864,-26.75582256881447,-39.708682461425646,100.0,15.0,180.0
118.48015210642946,-27.01413177656013,-39.94584964407093,100.0,15.0,180.0
118.27875199909153,-27.397532610049584,-40.07020253931717,100.0,15.0,180.0
117.8928247374604,-27.588983705110568,-40.11964408050592,100.0,15.0,180.0
117.6450608505879,-27.63912800837844,-40.200904143627625,100.0,15.0,180.0
117.6377876262588,-27.574167516788663,-40.34752008853742,100.0,15.0,180.0
117.76328723539056,-27.327207310514687,-40.54868201477106,100.0,15.0,180.0
117.97812714050568,-27.016702310033097,-40.67175200071095,100.0,15.0,180.0
118.2478534448945,-26.642653307598632,-40.80537967293083,100.0,15.0,180.0
118.54351671663206,-26.208832276321093,-41.16658677229633,100.0,15.0,180.0
118.838752835422,-25.896315104309267,-41.51152452093812,100.0,15.0,180.0
119.0663828031705,-25.76599199119224,-41.72201105438383,100.0,15.0,180.0
119.22367846853314,-25.73415103734524,-42.0227867503369,100.0,15.0,180.0
119.35171652054667,-25.67607699919011,-42.342122730557946,100.0,15.0,180.0
119.51914951386718,-25.515330062412275,-42.330051653572696,100.0,15.0,180.0
119.69671776287372,-25.65401158612473,-42.03605909869955,100.0,15.0,180.0
119.67281549679764,-26.208660693146506,-41.81221910206062,100.0,15.0,180.0
119.36827293890649,-26.75718417219529,-41.71210591138496,100.0,15.0,180.0
119.00152561003438,-27.13150021840576,-41.57258686319854,100.0,15.0,180.0
118.856004385681,-27.247808508928813,-41.328399551296165,100.0,15.0,180.0
118.8707415797028,-27.26110706007095,-41.05649834392486,100.0,15.0,180.0
118.87867367123896,-27.428039817318314,-40.627324034416375,100.0,15.0,180.0
118.83424593209044,-27.62350360702737,-40.04822996950311,100.0,15.0,180.0
118.64585209573757,-27.653967185035217,-39.69339578198224,100.0,15.0,180.0
118.48234565484115,-27.574075836665,-39.65404106585312,100.0,15.0,180.0
118.60672834300289,-27.417154878953937,-39.72215992259677,100.0,15.0,180.0
118.87302735363386,-27.086530282092827,-39.75150051604117,100.0,15.0,180.0
119.06806632006834,-26.74301242662935,-39.642817909179016,100.0,15.0,180.0
119.27701614887584,-26.64795903200737,-39.48664823869,100.0,15.0,180.0
119.46419506038391,-26.84332437430068,-39.44511999108085,100.0,15.0,180.0
119.48984146033402,-27.166075153640183,-39.53912993614498,100.0,15.0,180.0
119.47288206333808,-27.374347166743867,-39.7268409596937,100.0,15.0,180.0
119.51773171560512,-27.52028884808521,-39.87399986649051,100.0,15.0,180.0
119.64333852386964,-27.700683818127445,-39.91864506767424,99.99999237060548,15.0,180.0
119.81565074347236,-27.7815179005412,-39.91578585952561,100.0,15.0,180.0
119.92381231719928,-27.781697640455363,-39.8647042041292,100.0,15.0,180.0
119.98287879394152,-27.946254709376703,-39.836200192496975,100.0,15.0,180.0
120.10477912365327,-28.47567596226893,-40.03065825420954,100.0,15.0,180.0
120.25496614715038,-29.19981467846768,-40.36537197119991,100.0,15.0,180.0
120.2998601856867,-29.784813308901995,-40.593522281058895,100.0,15.0,180.0
120.31931337458072,-30.117041724142474,-40.78856111847894,100.0,15.0,180.0
120.44150915924762,-30.26108300698283,-40.94420063590095,100.0,15.0,180.0
120.66236437472988,-30.27272237872808,-40.82099768772286,100.0,15.0,180.0
120.906230068342,-30.11290334237068,-40.48240840579006,100.0,15.0,180.0
121.1506740427719,-29.8678689023135,-40.021087458218574,100.0,15.0,180.0
121.33255000501786,-29.55414924114916,-39.49184014970939,100.0,15.0,180.0
121.43329907889216,-29.079486868165983,-39.19724807527926,100.0,15.0,180.0
121.54837639901336,-28.52891146131913,-39.15798113693489,100.0,15.0,180.0
121.76446562102991,-27.98997613785993,-39.16580899167514,100.0,15.0,180.0
122.15803411597828,-27.59214220566776,-39.19548512070633,100.0,15.0,180.0
122.49748054423624,-27.39760824078164,-39.22395611104348,100.0,15.0,180.0
122.55590064829704,-27.305727622617034,-39.151646363000935,100.0,15.0,180.0
122.47525383047312,-27.256754003252297,-38.99612606891242,100.0,15.0,180.0
122.49548544348508,-27.225816872307004,-38.97027362183177,100.0,15.0,180.0
122.47963541063606,-27.17967206153744,-39.198178141839385,100.0,15.0,180.0
122.33800145482742,-27.23631648006872,-39.44755257201808,100.0,15.0,180.0
122.2329880835416,-27.50373392058956,-39.56465552009143,100.0,15.0,180.0
122.12695276473607,-27.703737164521907,-39.81527886986646,100.0,15.0,180.0
121.98211889341005,-27.561519803626755,-40.30042283707493,100.0,15.0,180.0
121.868806376545,-27.317774129455486,-40.73730799643619,100.0,15.0,180.0
121.9521514433184,-27.365914807101635,-41.01652357956368,100.0,15.0,180.0
122.29486399396498,-27.66025186950676,-41.31831291242376,100.0,15.0,180.0
122.79225285927504,-28.01694648271647,-41.672403671593685,100.0,15.0,180.0
123.36537787662516,-28.390851127708164,-41.85915107382869,100.0,15.0,180.0
123.89197734252714,-28.769102816567813,-41.76934373669302,100.0,15.0,180.0
124.17376888197614,-29.190196830489803,-41.46958213838721,100.0,15.0,180.0
124.1710914556746,-29.59508681588584,-41.18353065481347,100.0,15.0,180.0
123.92760810607176,-29.953641381802942,-41.187152726387104,100.0,15.0,180.0
123.57470867375578,-30.312532876888618,-41.50551095707532,100.0,15.0,180.0
123.2734604074932,-30.575864011875066,-41.99168499305712,100.0,15.0,180.0
123.02714051185843,-30.678835794491143,-42.51566547072895,100.0,15.0,180.0
122.89546069023967,-30.79510753940316,-42.92578096658718,100.0,15.0,180.0
122.91910473887664,-30.967261281926675,-43.160722105078506,100.0,15.0,180.0
122.8997514445686,-31.04998288685173,-43.192432243865255,100.0,15.0,180.0
122.5837856573634,-31.011157716056807,-42.97235120698327,100.0,15.0,180.0
122.08488417053864,-30.775850924702496,-42.65569092086842,100.0,15.0,180.0
121.6306571182896,-30.32060578894509,-42.26059607520149,100.0,15.0,180.0
121.1781817564176,-29.803489111832047,-41.77182809544642,100.0,15.0,180.0
120.87820425219591,-29.38650667940545,-41.21561939692079,100.0,15.0,180.0
120.94774411736076,-29.201011924375816,-40.68778219911056,100.0,15.0,180.0
121.33548719032288,-29.25909662145759,-40.4397605074736,100.0,15.0,180.0
121.97124714042228,-29.414068478700663,-40.369249299156166,100.0,15.0,180.0
122.68759020229923,-29.53918271873491,-40.4427595104131,100.0,15.0,180.0
123.31499173286328,-29.626901587919555,-40.76863193992813,100.0,15.0,180.0
123.75641105801452,-29.879803126123704,-41.27693520860467,100.0,15.0,180.0
124.03861889704832,-30.394888718713297,-41.8651956597636,100.0,15.0,180.0
124.28434035957586,-30.867801186312008,-42.28621011768208,99.9992904663086,15.0,180.0
124.490364856175,-31.09177744499757,-42.301364284094085,99.98680877685548,15.0,180.0
124.69018916687106,-31.089581092050604,-42.03852581128152,99.9467315673828,15.0,180.0
124.79442813329835,-30.963016253871324,-41.85215625682781,99.87849426269533,15.0,180.0
124.75495384847338,-30.791153174456404,-41.82431786564042,99.79068756103516,15.0,180.0
124.79430757638728,-30.59755949335988,-41.9002661400388,99.69679260253906,15.0,180.0
124.92905343924552,-30.576756149145545,-42.03571118251299,99.5998306274414,15.0,180.0
125.02237577883515,-30.73697085688058,-42.03957031450942,99.5998306274414,15.0,180.0
125.07584633918177,-30.91115317537405,-41.88572687553834,99.5016098022461,15.0,180.0
125.23976815717153,-31.16791814206922,-41.684933203955296,99.40250396728516,15.0,180.0
125.4922120297825,-31.6860543724261,-41.61958754940788,99.30294799804688,15.0,180.0
125.64699069417954,-32.375320212903446,-42.01305320023464,99.203125,15.0,180.0
125.66081850648166,-32.91827133579425,-42.8529930279727,99.1032257080078,15.0,180.0
125.64931759973597,-33.2780791559459,-43.739198240476384,99.00333404541016,15.0,180.0
125.79682222129564,-33.4707376799924,-44.32704143444887,99.00333404541016,15.0,180.0
126.0082904292898,-33.41389471543464,-44.598289114559705,98.90326690673828,15.0,180.0
126.12380004601292,-33.12225651134104,-44.73194512445695,98.80327606201172,15.0,180.0
126.14687332498994,-32.50536207755084,-44.94405522613265,98.70330047607422,15.0,180.0
126.0716797879198,-31.602912023242588,-45.20392893105337,98.60334014892578,15.0,180.0
125.95374631322515,-30.79248046551462,-45.25650837706279,98.50343322753906,15.0,180.0
125.82388728515105,-30.37942865190821,-45.20777553033148,98.40340423583984,15.0,180.0
125.64038461285256,-30.32213306166265,-45.25533944612251,98.30337524414062,15.0,180.0
125.53941689468914,-30.309271881396988,-45.27548123583797,98.30337524414062,15.0,180.0
125.6348968734847,-30.186777534860383,-45.26902330838964,98.20340728759766,15.0,180.0
125.6836531377741,-30.023784882182525,-45.33594871880532,98.10333251953124,15.0,180.0
125.60073791850708,-29.89552294753764,-45.32899283127061,98.00352478027344,15.0,180.0
125.552715752139,-29.90108602709089,-45.11889333463784,97.90342712402344,15.0,180.0
125.53648540124033,-29.99008806228388,-44.8105283756552,97.8032455444336,15.0,180.0
125.55211945312642,-29.988138302238006,-44.49885615696364,97.70343017578124,15.0,180.0
125.68435507682618,-29.935746800139327,-44.10024501217497,97.70343017578124,15.0,180.0
125.79539009486447,-30.031296625991644,-43.64960345219717,97.60328674316406,15.0,180.0
125.68414011237668,-30.233445025328862,-43.20204593641519,97.5033721923828,15.0,180.0
125.5956046795154,-30.46066322694177,-42.76205967505736,97.4034652709961,15.0,180.0
125.80759812911928,-30.68486981798529,-42.43673864376281,97.30345916748048,15.0,180.0
126.05782238460738,-30.86748655219155,-42.191946670642565,97.2037353515625,15.0,180.0
126.0674315396944,-31.00647544316774,-41.97619329981797,97.10335540771484,15.0,180.0
125.91014640790073,-31.02409349870848,-41.97007759901665,97.00323486328124,15.0,180.0
125.73449606115258,-30.993318426444464,-42.24800870428292,97.00323486328124,15.0,180.0
125.7380529214122,-31.012796678100624,-42.60746377540724,96.9035186767578,15.0,180.0
125.96327536461976,-30.972340064938507,-42.98144749450641,96.80361938476562,15.0,180.0
126.25086181826696,-30.816821634194262,-43.40627300129101,96.7034912109375,15.0,180.0
126.5496214366103,-30.69339845059441,-43.770587664398526,96.6030502319336,15.0,180.0
126.9418685416433,-30.558932891544146,-44.007853435242666,96.50321197509766,15.0,180.0
127.4683848974252,-30.369166097648684,-44.14056460928792,96.40331268310548,15.0,180.0
127.95937949927054,-30.308520084128013,-44.180661661825845,96.30341339111328,15.0,180.0
128.3942286279159,-30.43183290331596,-44.18166236520511,96.30341339111328,15.0,180.0
128.9197670128379,-30.812484204587307,-44.193131039418645,96.20352172851562,15.0,180.0
129.3354513248877,-31.40719835195105,-44.13835845153275,96.10340881347656,15.0,180.0
129.42962849489606,-32.00075352944036,-43.93394478512312,96.00344848632812,15.0,180.0
129.34524010912375,-32.438915660818914,-43.76148942673807,95.90364074707033,15.0,180.0
129.23774572384494,-32.63325709087145,-43.80580309278416,95.8034896850586,15.0,180.0
129.19912962038447,-32.75594855107017,-43.94251661328612,95.70321655273438,15.0,180.0
129.28754682642747,-32.91081516721032,-44.00563959269663,95.70321655273438,15.0,180.0
129.37022025804072,-32.97065322628893,-43.9490679239587,95.60326385498048,15.0,180.0
129.37487342257083,-32.9310791393526,-43.84193491465897,95.50358581542967,15.0,180.0
129.3842967675891,-32.77767683227874,-43.77372799178649,95.40347290039062,15.0,180.0
129.41043089349077,-32.57621298934417,-43.91423924293508,95.30342864990234,15.0,180.0
129.4668685730305,-32.35704345434163,-44.30151407837254,95.20342254638672,15.0,180.0
129.45818563606545,-31.99594903005275,-44.76929674423039,95.10326385498048,15.0,180.0
129.32310040009816,-31.61921262245199,-45.2103653078279,95.0033721923828,15.0,180.0
129.35422813457117,-31.351531773602773,-45.59118350419085,95.0033721923828,15.0,180.0
129.60627545863255,-31.27766535322525,-45.94851903104992,94.90367126464844,15.0,180.0
129.7182188905076,-31.613947062864955,-46.21490587229098,94.80325317382812,15.0,180.0
129.52876883945612,-32.11897347783177,-46.36462278237862,94.70320129394533,15.0,180.0
129.15177497851374,-32.45630861784851,-46.46202679072552,94.60325622558594,15.0,180.0
128.93677905536885,-32.74112912455909,-46.56618824324083,94.50334167480467,15.0,180.0
129.127399772214,-33.02219556983097,-46.685919926126886,94.40335083007812,15.0,180.0
129.51922241782077,-33.09324594828216,-46.80612924021056,94.40335083007812,15.0,180.0
129.86697490891206,-32.889799996588,-46.93722347061093,94.30337524414062,15.0,180.0
130.07368995833863,-32.6863659617179,-47.01430487159777,94.203369140625,15.0,180.0
130.13000024918315,-32.73707408555903,-47.11979889619554,94.10336303710938,15.0,180.0
130.01133954702772,-32.954997012202234,-47.3644475931473,94.00337982177734,15.0,180.0
129.86898873071712,-32.944126265845206,-47.64384040502794,93.90342712402344,15.0,180.0
129.90273405768272,-32.67242115252358,-47.8315945643517,93.80338287353516,15.0,180.0
130.0347078387633,-32.4380216865166,-47.74114777984231,93.7033462524414,15.0,180.0
130.2783976056572,-32.16596038328918,-47.28519139266058,93.7033462524414,15.0,180.0
130.6075954985366,-31.84876193839288,-46.79789317401157,93.60338592529295,15.0,180.0
130.86208670017876,-31.729027257838897,-46.635712146141465,93.50338745117188,15.0,180.0
131.03705714034749,-31.85536619575709,-46.62767968753426,93.40328979492188,15.0,180.0
131.28260800962562,-32.00581567332679,-46.41465015976983,93.30337524414062,15.0,180.0
131.5700400563552,-32.04231911978861,-46.07513974500076,93.20333862304688,15.0,180.0
131.7220623111693,-32.15144137904973,-45.878607864474205,93.10334014892578,15.0,180.0
131.75649780721034,-32.3640947341879,-45.9052107464087,93.10334014892578,15.0,180.0
131.6996502676703,-32.58921217401357,-46.05388394255182,93.00354766845705,15.0,180.0
131.71882062683562,-32.78790242097244,-46.13400588895672,92.90333557128906,15.0,180.0
131.8947263527226,-32.85748859287256,-46.04988533275014,92.8033447265625,15.0,180.0
132.0692199910233,-32.81467799472822,-45.89296667967581,92.70345306396484,15.0,180.0
132.3946338132518,-32.7055779013651,-45.69641498335357,92.60337829589844,15.0,180.0
132.9035275050605,-32.70201360831234,-45.46392372045485,92.50347137451172,15.0,180.0
133.4101169123864,-32.88458940597784,-45.34833227928787,92.40337371826172,15.0,180.0
133.89386502114627,-33.067478501527695,-45.41240168345467,92.40337371826172,15.0,180.0
134.1154574060976,-33.238029642564165,-45.55875234221448,92.30329132080078,15.0,180.0
133.84985318378364,-33.33141195298026,-45.49458129540147,92.20336151123048,15.0,180.0
133.19207329357167,-33.101852587942744,-45.00770058207009,92.10328674316406,15.0,180.0
132.23066273529716,-32.57656964321696,-44.42894939989241,92.00336456298828,15.0,180.0
131.21958594279016,-32.03814586231998,-44.25813687388351,91.90350341796876,15.0,180.0
130.4357756754447,-31.686347244366765,-44.39960558059537,91.8033447265625,15.0,180.0
129.90149461451455,-31.44437235627359,-44.43268538147316,91.70338439941406,15.0,180.0
129.7150604871136,-31.22611482087095,-44.25679203887847,91.70338439941406,15.0,180.0
129.80612423367162,-31.09044780197834,-43.97943061277991,91.60338592529295,15.0,180.0
129.8674639086509,-30.951783024928584,-43.74879065100983,91.50331115722656,15.0,180.0
129.84346315357217,-30.82607633974622,-43.7177616466295,91.40337371826172,15.0,180.0
129.90413230762866,-30.812065788847093,-43.90656810535389,91.30335998535156,15.0,180.0
130.03446319633667,-30.80585033603575,-44.07749100463582,91.20331573486328,15.0,180.0
130.0431012122746,-30.82653228486488,-44.016460480872574,91.1034698486328,15.0,180.0
129.98102370241435,-30.95703086516544,-43.79156958554877,91.1034698486328,15.0,180.0
129.90222991088265,-31.107992997999723,-43.53076823305144,91.00337982177734,15.0,180.0
129.64510650780198,-31.232862883715363,-43.25651993816948,90.90345001220705,15.0,180.0
129.15225066731344,-31.31300213066879,-42.96445768552204,90.80339050292967,15.0,180.0
128.50542369770582,-31.25395604946491,-42.80118866685812,90.70327758789062,15.0,180.0
127.87268290451335,-31.10000883841558,-42.8499051760212,90.60335540771484,15.0,180.0
127.41328791035592,-31.1405032398,-42.90960109850486,90.50334167480467,15.0,180.0
127.07986557437326,-31.4093738234582,-42.83129368662648,90.40343475341795,15.0,180.0
126.9293815944927,-31.58671444021952,-42.655782467942494,90.40343475341795,15.0,180.0
126.97610322869384,-31.64894451899513,-42.439518230440825,90.30339813232422,15.0,180.0
126.82636250562194,-31.703464433186348,-42.10751378333767,90.2033462524414,15.0,180.0
126.35184117201366,-31.84670364753667,-41.75134563554496,90.1034164428711,15.0,180.0
125.78867161944882,-32.0618043440107,-41.66385167127503,90.00340270996094,15.0,180.0
125.24179027028784,-32.0845109659928,-41.78299705323476,89.90342712402344,15.0,180.0
124.73626058818674,-31.855239412443225,-41.86386404000252,89.80341339111328,15.0,180.0
124.34202561456608,-31.5843669380664,-41.93776382684248,89.80341339111328,15.0,180.0
124.14021901115296,-31.69196194111167,-42.16261231775427,89.703369140625,15.0,180.0
124.31282961875664,-32.126975702168686,-42.533290510343335,89.60332489013672,15.0,180.0
124.99808528946846,-32.514876352357575,-42.95751898865753,89.50338745117188,15.0,180.0
126.11086774421278,-32.904161294800936,-43.322943652875374,89.40343475341797,15.0,180.0
127.41561302268492,-33.31290297550094,-43.536733653345685,89.30338287353516,15.0,180.0
128.4821875050633,-33.64908766651067,-43.59261151838652,89.20341491699219,15.0,180.0
129.09067440669986,-33.84393326611001,-43.59568369094044,89.10337829589844,15.0,180.0
129.2575792247022,-33.82458278616167,-43.67118451702903,89.10337829589844,15.0,180.0
129.03633167079124,-33.65953928494001,-43.5696869470317,89.00337219238281,15.0,180.0
128.59906387517677,-33.62668587910165,-43.10029612336205,88.90348815917969,15.0,180.0
128.1062784767248,-33.87463037829512,-42.54428147042172,88.80339813232422,15.0,180.0
127.74085734523054,-34.121941696293526,-42.27602114435313,88.703369140625,15.0,180.0
127.57626732158678,-34.08711630244606,-42.41879859614619,88.6033706665039,15.0,180.0
127.65526626445164,-33.71482878447367,-42.70445235534592,88.50337219238281,15.0,180.0
127.95347281771669,-33.20090946672772,-42.93014410856345,88.40340423583984,15.0,180.0
128.30560991836765,-32.859309405900206,-43.116150655748456,88.40340423583984,15.0,180.0
128.66384577505244,-32.55281711439993,-43.329663431153264,88.30328369140625,15.0,180.0
128.94018927372383,-32.23942168084097,-43.53878219382915,88.2033920288086,15.0,180.0
129.00780282698764,-32.19215616533348,-43.50744405511824,88.1033706665039,15.0,180.0
128.95303393201772,-32.30346319960679,-43.22996459314651,88.00343322753906,15.0,180.0
128.86004246762553,-32.36972701472345,-42.95592825123581,87.90349578857422,15.0,180.0
128.77854516182447,-32.34574862509661,-42.75701067211891,87.80332946777344,15.0,180.0
128.7593850355843,-32.30963193319702,-42.66152396846995,87.80332946777344,15.0,180.0
128.75780383262608,-32.358619537084,-42.63180802169335,87.70340728759766,15.0,180.0
128.73078316584875,-32.39481864953188,-42.63682380777476,87.60340118408203,15.0,180.0
128.49011079637165,-32.40052218970268,-42.82726862933646,87.5035171508789,15.0,180.0
127.99915076776789,-32.405867011998325,-42.96510933517679,87.4035415649414,15.0,180.0
127.52193075803832,-32.25760785021226,-42.83246119721314,87.30335235595703,15.0,180.0
127.23216255276932,-31.96015501724933,-42.64249844525381,87.203369140625,15.0,180.0
127.14927477290315,-31.726946297885217,-42.55167803391832,87.10340881347656,15.0,180.0
127.20148458748,-31.665849629166274,-42.62458871284961,87.10340881347656,15.0,180.0
127.35097017004507,-31.75948361890288,-42.73860949457601,87.00333404541016,15.0,180.0
127.48820267040776,-32.04680265283832,-42.5970088542063,86.90340423583984,15.0,180.0
127.49219995780793,-32.423316210322184,-42.106441265681525,86.8033676147461,15.0,180.0
127.4525923551906,-32.66110889021617,-41.57124342640632,86.70330810546875,15.0,180.0
127.48513726020738,-32.8543884551968,-41.291241102933824,86.60340881347656,15.0,180.0
127.69246428140828,-33.0928659458306,-41.26095542512016,86.50341033935547,15.0,180.0
128.02164233770975,-33.31802010939769,-41.37275908520408,86.50341033935547,15.0,180.0
128.41162379536547,-33.44960699164223,-41.5588053001663,86.40347290039062,15.0,180.0
128.90931386259513,-33.448866571575174,-41.70779580730084,86.30339050292969,15.0,180.0
129.4298498258384,-33.49795212879795,-41.857466760877,86.20333862304688,15.0,180.0
129.95175246735013,-33.60069487572336,-42.12200305968294,86.10340881347656,15.0,180.0
130.402720378181,-33.53206311529117,-42.34706199800894,86.00333404541016,15.0,180.0
130.7236373956341,-33.21270312556095,-42.37430952146694,85.9033203125,15.0,180.0
131.0663201583606,-32.812977351490815,-42.20369973751845,85.80326843261719,15.0,180.0
131.41159455291657,-32.48495078153537,-42.04439742702331,85.80326843261719,15.0,180.0
131.70995823454035,-32.19438663236477,-41.97937897031312,85.7033462524414,15.0,180.0
132.13122475401036,-31.92100278702825,-41.74462706433484,85.60334014892578,15.0,180.0
132.51890148464994,-31.66661217255437,-41.26270744553337,85.50334167480469,15.0,180.0
132.57047926252255,-31.43493477548547,-40.73681524111184,85.40343475341797,15.0,180.0
132.37222042380048,-31.23197280727311,-40.3911647495317,85.30335235595703,15.0,180.0
132.11757222900158,-31.10735770638323,-40.18803510460458,85.203369140625,15.0,180.0
131.99171602195526,-31.09824214710098,-39.97674825840912,85.10330963134766,15.0,180.0
132.02981934530663,-31.18211917494381,-39.809502023614336,85.10330963134766,15.0,180.0
132.1002111952337,-31.38659246571552,-39.74292485319627,85.00334167480469,15.0,180.0
132.19666798430305,-31.59863653627941,-39.741931659785095,84.90345001220703,15.0,180.0
132.25444824932285,-31.736537615741028,-39.82896750365448,84.80342864990234,15.0,180.0
132.19469163735343,-31.812952076207328,-40.1371979623672,84.70348358154297,15.0,180.0
132.01832138453346,-31.73247400543056,-40.66930098587565,84.6033706665039,15.0,180.0
131.69409770358862,-31.66906134485016,-41.297736846474784,84.50331115722656,15.0,180.0
131.24713666118163,-31.73727217837054,-41.879205538065165,84.50331115722656,15.0,180.0
130.80218452844707,-31.77973664672414,-42.13834282336343,84.40340423583984,15.0,180.0
130.46378597034507,-31.738335019944014,-41.996444052874274,84.30326080322266,15.0,180.0
130.17404436897402,-31.56685381282208,-41.74177301177963,84.20331573486328,15.0,180.0
129.92067797970577,-31.36892191733752,-41.62574798238269,84.1033706665039,15.0,180.0
129.69503987148835,-31.17419508199149,-41.83736615362684,84.00341033935547,15.0,180.0
129.5829149499907,-31.012644271793903,-42.11484380998176,83.9034194946289,15.0,180.0
129.7120574679691,-31.070359245537947,-41.922928183562064,83.80338287353516,15.0,180.0
129.88821213545168,-31.24996844267404,-41.41746866892903,83.80338287353516,15.0,180.0
129.91164572819994,-31.48675434688696,-40.9009331712354,83.70339965820312,15.0,180.0
129.79127203067443,-31.762498578064484,-40.47095366403229,83.60335540771484,15.0,180.0
129.66406720832885,-31.9203070759556,-40.31027023789816,83.50334167480469,15.0,180.0
129.656100243849,-31.984908950655765,-40.37413116024656,83.4033203125,15.0,180.0
129.78320527792835,-31.920699674896586,-40.43670756949535,83.30333709716797,15.0,180.0
130.0136908049487,-31.699448927993355,-40.34842155252812,83.20347595214844,15.0,180.0
130.33644206637408,-31.62338777259455,-40.09725432052926,83.20347595214844,15.0,180.0
130.60701880960767,-31.622332951258,-39.8075343298072,83.10350036621094,15.0,180.0
130.43887550916824,-31.277166340412023,-39.65061957913628,83.0035400390625,15.0,180.0
129.8289836527386,-30.653520538474247,-39.6330042250135,82.903564453125,15.0,180.0
129.35614227643805,-30.104688361656088,-39.46965558776648,82.80339050292969,15.0,180.0
129.31755935268947,-29.757233724996016,-39.09000822661201,82.70345306396484,15.0,180.0
129.59330733057058,-29.59505172168905,-38.78363002910504,82.60332489013672,15.0,180.0
129.93215418461895,-29.56978451158073,-38.66922196670821,82.50353240966797,15.0,180.0
129.97715778097069,-29.52464724738006,-38.70658725677292,82.50353240966797,15.0,180.0
129.68801823083086,-29.43325458033467,-38.87082320339464,82.40352630615234,15.0,180.0
129.42868314608583,-29.295105841573065,-39.12434657849661,82.3032455444336,15.0,180.0
129.44384737104406,-29.0234948597198,-39.43856748893842,82.20333099365234,15.0,180.0
129.54750742498763,-28.79325709477729,-39.74007933518822,82.10330963134766,15.0,180.0
129.55236492301358,-28.98710104740123,-39.95418400239884,82.00340270996094,15.0,180.0
129.5361325369803,-29.572145417659616,-40.17560469113442,81.90352630615234,15.0,180.0
129.553992620838,-30.03549093028765,-40.47432859065565,81.90352630615234,15.0,180.0
129.67471775538567,-30.31030374490713,-40.64802817538237,81.80335235595703,15.0,180.0
129.9468636358306,-30.6061093531603,-40.53268610055541,81.70344543457031,15.0,180.0
130.1388439430629,-30.72712517087249,-40.24069237634061,81.60331726074219,15.0,180.0
130.15355197380833,-30.633088401902206,-39.94300496540063,81.50343322753906,15.0,180.0
130.2324629555452,-30.51667958545834,-39.708143207509714,81.40336608886719,15.0,180.0
130.54200948093137,-30.41553418604995,-39.560024114703765,81.30322265625,15.0,180.0
130.99684038368108,-30.3688189924072,-39.480374076963656,81.20333862304688,15.0,180.0
131.33269780093937,-30.421181483980693,-39.45781344607775,81.20333862304688,15.0,180.0
131.5075589280502,-30.39298695159828,-39.43578195533628,81.1033706665039,15.0,180.0
131.72795489679322,-30.17795351748903,-39.40868982385168,81.00348663330078,15.0,180.0
132.00126633143063,-30.04818362925917,-39.472281268623846,80.9035415649414,15.0,180.0
132.09572579324632,-30.07047551892008,-39.502262327161006,80.8035659790039,15.0,180.0
131.72839534774693,-30.062131617394165,-39.32001280488235,80.70341491699219,15.0,180.0
130.98734204175588,-30.020695321575616,-38.95467459611253,80.60333251953125,15.0,180.0
130.1928294187995,-29.87925298677513,-38.6715537947652,80.50341033935547,15.0,180.0
129.36431981511842,-29.59135563495025,-38.48960118052089,80.50341033935547,15.0,180.0
128.69860583999252,-29.238375079268543,-38.05600530711093,80.40335083007812,15.0,180.0
128.45978973390885,-28.8340004520908,-37.37452437734181,80.30320739746094,15.0,180.0
128.78183455926674,-28.66173778697276,-36.85679245346298,80.2032241821289,15.0,180.0
129.81448286123504,-28.834967402794145,-36.930945565171626,80.10323333740234,15.0,180.0
131.23926968306847,-28.972257365908675,-37.55005744213267,80.00338745117188,15.0,180.0
132.489499606797,-28.98392193427892,-38.26379845437122,79.90327453613281,15.0,180.0
133.1310777268708,-29.103719874517093,-38.78415270529863,79.90327453613281,15.0,180.0
133.1828669358373,-29.30129951972449,-38.981839651776816,79.8032455444336,15.0,180.0
133.11858978088307,-29.43191969951461,-38.92420525413443,79.70333862304688,15.0,180.0
133.3060163573489,-29.54778860465856,-38.85654911014424,79.60343170166016,15.0,180.0
133.70792886173822,-29.70980495567864,-38.921296113634384,79.5035400390625,15.0,180.0
133.95221308882316,-29.88165890895023,-39.09596701297097,79.40345764160156,15.0,180.0
133.87490606006085,-29.87524360573376,-39.318229588546096,79.30341339111328,15.0,180.0
133.65644436975882,-29.6983630278094,-39.50507697941598,79.20343017578125,15.0,180.0
133.49355374100992,-29.5962606219695,-39.64631201172186,79.20343017578125,15.0,180.0
133.50704598571426,-29.648560176597982,-39.80351893025349,79.10331726074219,15.0,180.0
133.79474269124665,-29.848592630649875,-39.9125645594279,79.00334167480469,15.0,180.0
134.24781579634663,-30.13327988040548,-39.92991290188523,78.90335845947266,15.0,180.0
134.4354133088336,-30.386959745454824,-39.90462592453763,78.80339813232422,15.0,180.0
134.29711195501767,-30.470464942226563,-39.98331066459368,78.70344543457031,15.0,180.0
134.22340056474366,-30.349686245685604,-40.1957300412252,78.60331726074219,15.0,180.0
134.2954984337284,-30.20417282246038,-40.381413228409095,78.60331726074219,15.0,180.0
134.40303836608436,-30.119303173396816,-40.45357400158424,78.5032730102539,15.0,180.0
134.4086365527278,-29.952298210612057,-40.4158232683241,78.40325927734375,15.0,180.0
134.25626474649744,-29.56227460471957,-40.28614243299925,78.30322265625,15.0,180.0
134.06745500494316,-29.07104559725592,-40.17508726082717,78.20327758789062,15.0,180.0
133.8581768359814,-28.76336428510534,-40.27147210893669,78.10346984863281,15.0,180.0
133.7034143810658,-28.75914649413727,-40.50491882433485,78.00375366210938,15.0,180.0
133.72435655480172,-28.92370814806993,-40.666078079394936,77.90363311767578,15.0,180.0
133.90709388273987,-28.986595125793944,-40.66561910227448,77.90363311767578,15.0,180.0
134.1012159492337,-28.95228572601049,-40.49975849114708,77.80339050292969,15.0,180.0
134.23890975084998,-29.070085928085927,-40.32626943806783,77.7033462524414,15.0,180.0
134.35867808375173,-29.268513006356823,-40.22575493048801,77.60325622558594,15.0,180.0
134.37495702504697,-29.331425342380854,-40.10792101846832,77.50347137451172,15.0,180.0
134.2833821698248,-29.26327427751714,-40.05896216923219,77.4034423828125,15.0,180.0
134.10942140097825,-29.20806950956956,-40.019226174119055,77.3033676147461,15.0,180.0
133.90075750970684,-29.239820730020888,-39.85358991398434,77.20339965820312,15.0,180.0
133.8135797159925,-29.25796060414853,-39.69432439748237,77.20339965820312,15.0,180.0
133.89406802126103,-29.262396181964235,-39.59794218543141,77.10340118408203,15.0,180.0
134.04230802426827,-29.34331409190004,-39.44904152227441,77.0032730102539,15.0,180.0
134.05314328595787,-29.45600953936928,-39.27969639813681,76.90338897705078,15.0,180.0
133.83993886470307,-29.67101425651539,-39.27269073276318,76.80338287353516,15.0,180.0
133.53788529399486,-30.191393893813583,-39.34706849665488,76.70331573486328,15.0,180.0
133.22225298120284,-30.8435815526748,-39.37914275603306,76.60340118408203,15.0,180.0
132.95672381124106,-31.222843089828668,-39.34280525359302,76.60340118408203,15.0,180.0
132.80999794994725,-31.15155205241694,-39.15411236447427,76.50334167480469,15.0,180.0
132.76086692650105,-30.72239138544661,-38.91745647071271,76.40336608886719,15.0,180.0
132.8284857169993,-30.2364010301266,-38.78331086422409,76.30339050292969,15.0,180.0
132.92152279027556,-29.93795562328912,-38.65783974275435,76.20333099365234,15.0,180.0
132.89006334965254,-29.7643992848847,-38.52446286112316,76.10342407226562,15.0,180.0
132.68364510913693,-29.57399272731869,-38.49311085795244,76.00345611572266,15.0,180.0
132.4276534249008,-29.49829662270235,-38.35296571278786,75.9034423828125,15.0,180.0
132.5378187365811,-29.52764940310135,-38.009547460640455,75.9034423828125,15.0,180.0
133.08989803491664,-29.4490804907976,-37.85714103729022,75.80342864990234,15.0,180.0
133.5624925489513,-29.344292521824368,-37.95279218014165,75.70338439941406,15.0,180.0
133.74190326875947,-29.23122431181332,-37.94566889322303,75.60337829589844,15.0,180.0
133.92466215905688,-29.05567429448856,-37.881983566465,75.50342559814453,15.0,180.0
134.25482340848882,-28.950656353138967,-37.955017023969816,75.40326690673828,15.0,180.0
134.5347803477584,-28.93406387125276,-38.066263489345694,75.30331420898438,15.0,180.0
134.61275707873725,-28.920659448363423,-38.19745143855668,75.30331420898438,15.0,180.0
134.66288169143698,-29.008857529818066,-38.38323760930391,75.2034912109375,15.0,180.0
134.80551252332393,-29.31749562808492,-38.51099295847002,75.10346221923828,15.0,180.0
134.83418233197568,-29.67188341820828,-38.51315437104268,75.00334167480469,15.0,180.0
134.65312367146402,-30.02416140479873,-38.462266265958725,74.90351104736328,15.0,180.0
134.4713208620944,-30.38736239638133,-38.47644124168287,74.80338287353516,15.0,180.0
134.43653643499255,-30.5719044059972,-38.55302483441794,74.70338439941406,15.0,180.0
134.41594578188145,-30.59426229049731,-38.59379142751249,74.60337829589844,15.0,180.0
134.23737966798632,-30.505476631725777,-38.62421191504408,74.60337829589844,15.0,180.0
133.99789747281943,-30.37592949437516,-38.745094875567965,74.5031967163086,15.0,180.0
133.83930924162303,-30.373739352361767,-38.88811575855099,74.40347290039062,15.0,180.0
133.56524327013483,-30.272441706492067,-38.91078171343178,74.3033676147461,15.0,180.0
133.0796895301105,-29.88649809582268,-38.88762631662104,74.20333099365234,15.0,180.0
132.6930669765581,-29.57204444221525,-39.04133435941532,74.10343170166016,15.0,180.0
132.6035112542474,-29.62111968974034,-39.30685172030729,74.00335693359375,15.0,180.0
132.83537015593743,-29.904067006379258,-39.45214352888747,74.00335693359375,15.0,180.0
133.3231421620695,-30.131466553337354,-39.46221428089955,73.90339660644531,15.0,180.0
133.69097759379954,-30.17125666919774,-39.33388716193097,73.80335235595703,15.0,180.0
133.6120118316088,-30.02523208805156,-39.07548371420723,73.70332336425781,15.0,180.0
133.32541935786182,-29.73755603668977,-38.78405368186935,73.60346984863281,15.0,180.0
133.15125921747688,-29.490882285710097,-38.40052525271226,73.50350189208984,15.0,180.0
133.07458901396487,-29.38032261740528,-37.88199370076009,73.40335083007812,15.0,180.0
133.06989198756574,-29.31099766100816,-37.37564024289132,73.30335998535156,15.0,180.0
133.1188749382022,-29.30421816704765,-36.9280101535061,73.30335998535156,15.0,180.0
133.1678819348141,-29.509819300649152,-36.56609695449414,73.20333862304688,15.0,180.0
133.13266939428453,-29.88514994671653,-36.40191868345187,73.10323333740234,15.0,180.0
132.96120946269912,-30.129659403445576,-36.31278675440869,73.00350189208984,15.0,180.0
132.70992728542822,-30.163863041650885,-36.23449770442472,72.90342712402344,15.0,180.0
132.50864890242883,-30.16206921278495,-36.358567913354335,72.80333709716797,15.0,180.0
132.44128160092905,-30.142167408238087,-36.59134636507771,72.70344543457031,15.0,180.0
132.48297666278611,-30.099842706904607,-36.72281642794286,72.60328674316406,15.0,180.0
132.65040522590945,-30.048882406618105,-36.787372590452826,72.60328674316406,15.0,180.0
132.8608432810855,-29.849413965810303,-36.83811640202807,72.50347900390625,15.0,180.0
132.9747573893739,-29.591032858556886,-36.8758201750009,72.40342712402344,15.0,180.0
132.91414550470174,-29.642578604830604,-36.89993199300536,72.30339813232422,15.0,180.0
132.7157842680942,-29.9559754683338,-36.98491076850168,72.20349884033203,15.0,180.0
132.5756790727158,-30.22435164565332,-37.084025636689205,72.10336303710938,15.0,180.0
132.56326523033718,-30.42148013504568,-37.101034596656575,72.00336456298828,15.0,180.0
132.53674057876137,-30.66672351735585,-37.16057933098621,72.00336456298828,15.0,180.0
132.45470075148722,-30.90095053932738,-37.31519043489816,71.9034194946289,15.0,180.0
132.4738185118589,-30.951871619702647,-37.47419354796634,71.80332946777344,15.0,180.0
132.5470391055945,-30.96482504069595,-37.52188412867997,71.7033920288086,15.0,180.0
132.50031897420817,-31.07112737100056,-37.43317833662177,71.60345458984375,15.0,180.0
132.38175169336864,-31.238347759664617,-37.47479230237448,71.50341796875,15.0,180.0
132.42567573170842,-31.52167350924184,-37.74832829600161,71.4034652709961,15.0,180.0
132.69944286689926,-31.82502448462205,-37.97134751466149,71.30335235595703,15.0,180.0
132.91668636347654,-32.0645172008619,-38.08547992651212,71.30335235595703,15.0,180.0
132.8769751660767,-32.23130444999582,-38.12322067002873,71.20337677001953,15.0,180.0
132.75116647131085,-32.2175308452229,-38.00749805325386,71.10333251953125,15.0,180.0
132.75232934593996,-31.91749701834728,-37.722147114392456,71.00337982177734,15.0,180.0
132.79055389682932,-31.461451842431323,-37.2848161017322,70.90341186523438,15.0,180.0
132.8000044672515,-31.12687172036792,-36.92699109908696,70.80335235595703,15.0,180.0
132.76283744745942,-30.959022566019414,-36.81177491002946,70.70336151123047,15.0,180.0
132.4731371596221,-30.99960367101995,-36.744770567760575,70.70336151123047,15.0,180.0
131.94394060867037,-31.31132330879621,-36.48550600516607,70.6033706665039,15.0,180.0
131.46966470332592,-31.536062960554865,-36.02874920668074,70.50344848632812,15.0,180.0
131.16689299982784,-31.43933620651185,-35.57851713646479,70.40338134765625,15.0,180.0
130.95557511166015,-31.243134505975327,-35.26308480856368,70.3033218383789,15.0,180.0
130.9074450140939,-31.00662945138481,-35.14791987364391,70.20333862304688,15.0,180.0
131.1004728777511,-30.8358479056684,-35.26774763187779,70.10330963134766,15.0,180.0
131.46376025157113,-31.00640288762548,-35.4263439663405,70.00348663330078,15.0,180.0
131.82131819108977,-31.319046429187964,-35.43138499571324,70.00348663330078,15.0,180.0
131.9659903739297,-31.57866460923656,-35.3551535661847,69.90336608886719,15.0,180.0
131.95431293022483,-31.96164968233077,-35.363582801907576,69.80338287353516,15.0,180.0
131.91869201073723,-32.32070629136621,-35.554742800684856,69.703369140625,15.0,180.0
131.87704623702237,-32.54685988249274,-35.73955726723324,69.6033706665039,15.0,180.0
131.87720952408844,-32.72143514974117,-35.6264467446633,69.50349426269531,15.0,180.0
131.84897293413778,-32.57424308858643,-35.352126073942635,69.40340423583984,15.0,180.0
131.7396012429079,-32.0572770579569,-35.11343632096397,69.30327606201172,15.0,180.0
131.70203860223663,-31.52320984537339,-34.93255737243991,69.30327606201172,15.0,180.0
131.78439679179846,-31.017418846219496,-34.83748949236739,69.2033920288086,15.0,180.0
131.87369395277491,-30.48627036390069,-34.76302245232818,69.10336303710938,15.0,180.0
131.857614459647,-30.240241385486023,-34.77333230964554,69.0033950805664,15.0,180.0
131.72522339395286,-30.34354428860781,-34.99206183070609,68.90338897705078,15.0,180.0
131.5556785084811,-30.46782025166481,-35.360152143158544,68.80329895019531,15.0,180.0
131.38361603858422,-30.50071156005508,-35.68081468879738,68.70332336425781,15.0,180.0
131.36561011975363,-30.41230695549275,-35.85432389842349,68.70332336425781,15.0,180.0
131.50058336834226,-30.20119841225606,-35.84249781742834,68.60348510742188,15.0,180.0
131.42598966535914,-30.077676908438526,-35.48660301464601,68.50340270996094,15.0,180.0
131.07386636145688,-30.02659262920353,-34.87330246624263,68.40338134765625,15.0,180.0
130.5824979219601,-29.85675452891565,-34.36885778661883,68.30342864990234,15.0,180.0
130.00479690496329,-29.731664978273784,-34.24864381034497,68.20339965820312,15.0,180.0
129.5071626214446,-29.829516370393627,-34.39388939519911,68.10335540771484,15.0,180.0
129.15199510509376,-30.126894118448163,-34.55980059581901,68.00347137451172,15.0,180.0
128.91417270780414,-30.42697193385821,-34.80922140773774,68.00347137451172,15.0,180.0
128.97389652232127,-30.543373568609454,-34.933308352777985,67.90351104736328,15.0,180.0
129.33762908638525,-30.658240571801755,-34.634180493213016,67.8033447265625,15.0,180.0
129.78781886459197,-30.770214271334005,-34.2078629416029,67.70348358154297,15.0,180.0
130.2378244623623,-30.76559674890172,-33.98847413023815,67.60330200195312,15.0,180.0
130.72317812025614,-30.651336505572587,-33.94903564957709,67.50325775146484,15.0,180.0
131.26257244606495,-30.39276224038711,-33.77514268413866,67.40335083007812,15.0,180.0
131.5949239813788,-30.205464282930805,-33.39345995851393,67.40335083007812,15.0,180.0
131.54009330574124,-30.23072888419712,-33.16803568220003,67.30345916748047,15.0,180.0
131.1538730848145,-30.29514898065325,-33.27495715650158,67.20340728759766,15.0,180.0
130.40768014312437,-30.12740374547727,-33.541861393568254,67.10335540771484,15.0,180.0
129.58545150449788,-29.74850282688412,-33.685190783545124,67.00332641601562,15.0,180.0
129.14676184003503,-29.535017451071568,-33.63809082351841,66.90350341796875,15.0,180.0
128.98379362940648,-29.635740490066752,-33.44181458758171,66.80342864990234,15.0,180.0
128.78223377475487,-29.90520645082697,-33.12256458297293,66.70328521728516,15.0,180.0
128.64399404639178,-30.3168116201588,-32.974234204348264,66.70328521728516,15.0,180.0
128.79956349317084,-30.89901886445465,-33.23155221581711,66.60335540771484,15.0,180.0
129.29513042826548,-31.36136666727113,-33.81365210697768,66.50337219238281,15.0,180.0
129.91575630475572,-31.554081209855006,-34.290454367398524,66.40351104736328,15.0,180.0
130.29611307325197,-31.68723884414176,-34.221253331010296,66.30339813232422,15.0,180.0
130.3929170251003,-31.761193972337363,-33.79779544624175,66.20333862304688,15.0,180.0
130.48056422983962,-31.80087962043727,-33.40526952564064,66.10345458984375,15.0,180.0
130.55748776076794,-31.86850694339172,-33.1518754912174,66.10345458984375,15.0,180.0
130.30525795654174,-31.723533616896805,-32.98158898829704,66.00345611572266,15.0,180.0
129.77963936383748,-31.277124167143423,-32.77036658654217,65.9034652709961,15.0,180.0
129.40602832999295,-30.837828108541235,-32.61920091383323,65.80339813232422,15.0,180.0
129.42140719482978,-30.674162570852776,-32.68605918143865,65.70336151123047,15.0,180.0
129.6639753721344,-30.77686688622733,-33.049030237497234,65.60343170166016,15.0,180.0
129.76054294241217,-30.93945227489037,-33.7396621276778,65.50332641601562,15.0,180.0
129.61854270727142,-30.93090390081564,-34.38965309421809,65.40345764160156,15.0,180.0
129.40651082227228,-30.97147272975474,-34.77937626967523,65.40345764160156,15.0,180.0
129.27570354738992,-31.21505655208714,-35.09583297698895,65.30327606201172,15.0,180.0
129.253123912016,-31.245261200846727,-35.289455809053365,65.20326232910156,15.0,180.0
129.2748008570504,-30.939917032558828,-35.22189191041879,65.10325622558594,15.0,180.0
129.27100765078447,-30.59117065513921,-35.03400586236579,65.0033950805664,15.0,180.0
129.15923106373822,-30.313632111896545,-34.90544789796964,64.90352630615234,15.0,180.0
128.98863267524507,-30.24945470470957,-34.6653516190301,64.80331420898438,15.0,180.0
128.78203918939425,-30.59285436828628,-34.02974062999256,64.70342254638672,15.0,180.0
128.40583360480363,-31.100421780500213,-33.23494704372147,64.70342254638672,15.0,180.0
127.88241587541954,-31.35177037675149,-32.60309762219499,64.60340118408203,15.0,180.0
127.47649147204696,-31.27753103116046,-32.090787395360806,64.50336456298828,15.0,180.0
127.33217013854676,-31.131986373509555,-31.615729577190667,64.4034423828125,15.0,180.0
127.23795412984671,-31.050181379229016,-31.15031268853098,64.30325317382812,15.0,180.0
126.96699483847875,-30.908759082566768,-30.7697436500064,64.2032470703125,15.0,180.0
126.60561609157506,-30.74131005730112,-30.53231344376827,64.1032943725586,15.0,180.0
126.36594907742858,-30.813057526239376,-30.332493480330907,64.1032943725586,15.0,180.0
126.34759401185894,-31.19944201613593,-30.0685398084941,64.00333404541016,15.0,180.0
126.6189612835877,-31.671503153115,-29.937796800606968,63.90350723266602,15.0,180.0
127.13250068375233,-31.99872632699882,-30.07464263121834,63.80339050292969,15.0,180.0
127.6282378003058,-32.28228890174504,-30.33486703135784,63.70333480834961,15.0,180.0
127.93858609763714,-32.68007022502759,-30.8413285730228,63.60335159301758,15.0,180.0
128.1649715382422,-33.0457102693852,-31.614389319572304,63.5034065246582,15.0,180.0
128.47416566813857,-33.30089778553569,-32.19201428890866,63.4034423828125,15.0,180.0
128.81717798402667,-33.34599034576817,-32.37255322185752,63.4034423828125,15.0,180.0
128.83773980215366,-33.04996694262393,-32.42357940648337,63.3033332824707,15.0,180.0
128.57737017758464,-32.69556092962851,-32.52320791679735,63.20338439941406,15.0,180.0
128.42863528205433,-32.67165004513636,-32.65073777588456,63.10334014892578,15.0,180.0
128.27077561453547,-33.09486597177691,-32.813736726928866,63.00345993041992,15.0,180.0
127.9820789888709,-33.55653361308609,-33.12519500503475,62.90345001220703,15.0,180.0
127.70770715999303,-33.539806988170355,-33.56028281418688,62.80339050292969,15.0,180.0
127.50511131750218,-33.17220241507723,-33.72467440558415,62.80339050292969,15.0,180.0
127.26070267846018,-32.74955588369813,-33.5532301732037,62.70337295532227,15.0,180.0
126.89483930706515,-32.378807141975045,-33.40528262225545,62.60329818725586,15.0,180.0
126.64662665757974,-32.131378965900126,-33.33696212779201,62.50347900390625,15.0,180.0
126.65496143723658,-32.009637375281656,-33.10685681798853,62.40346908569336,15.0,180.0
126.76628222739292,-32.09991170956916,-32.55908725412779,62.30332565307617,15.0,180.0
126.77372101162332,-32.45897443405285,-32.01500572213492,62.20338821411133,15.0,180.0
126.58212791738823,-32.81420283121038,-31.669010257306383,62.10335159301758,15.0,180.0
126.27486759853171,-32.96387731870054,-31.30258382233528,62.10335159301758,15.0,180.0
125.95416568694984,-33.14388749257151,-30.822459071651338,62.0034294128418,15.0,180.0
125.71831403683812,-33.47094829754779,-30.225750359408952,61.90349578857422,15.0,180.0
125.7556117499018,-33.75066022273217,-29.7015171823551,61.80330657958984,15.0,180.0
126.14945815854696,-33.78384088827168,-29.547973649406703,61.70331192016602,15.0,180.0
126.67032192753528,-33.489036643053566,-29.66782367930359,61.60331726074219,15.0,180.0
126.98686128136283,-32.975792698958315,-29.838549597291387,61.50333023071289,15.0,180.0
126.96353983103197,-32.464030215994775,-30.09739194329304,61.40332794189453,15.0,180.0
126.5960326823632,-32.10251336118447,-30.41407808924754,61.40332794189453,15.0,180.0
125.92930691229812,-31.8005121869552,-30.662306092670025,61.30332946777344,15.0,180.0
125.1436393023873,-31.564958659396623,-30.70886338833244,61.20340728759766,15.0,180.0
124.45566208674512,-31.429847707841294,-30.62936653711783,61.10333251953125,15.0,180.0
124.09946531196128,-31.184658538278715,-30.690422355429995,61.00350189208984,15.0,180.0
124.07774099762082,-30.90314020752356,-30.76538519378468,60.90356063842773,15.0,180.0
124.03982952322691,-30.818337512343494,-30.57622247402255,60.80350875854492,15.0,180.0
123.88804328920556,-30.989599859289168,-30.174751015546416,60.80350875854492,15.0,180.0
123.78818736136115,-31.37986372389388,-29.64229910039773,60.70335388183594,15.0,180.0
123.79923197455568,-31.851915346755703,-29.046980078624568,60.60324859619141,15.0,180.0
123.9200004747696,-32.2054819792835,-28.57787850447015,60.50339508056641,15.0,180.0
124.01775266527528,-32.29963348641793,-28.334944267267662,60.40337753295898,15.0,180.0
123.95739607042869,-32.191353156948274,-28.46638891459281,60.30340194702148,15.0,180.0
123.92398317056276,-32.008872948400835,-28.95445830824529,60.20340347290039,15.0,180.0
124.11543724989632,-31.94423278702344,-29.359006641589552,60.1034049987793,15.0,180.0
124.37546347602108,-31.977267305846983,-29.38424044066742,60.1034049987793,15.0,180.0
124.48335190667947,-31.893943366497563,-29.17991889507364,60.00348281860352,15.0,180.0
124.39654353433583,-31.74349342284881,-29.07635535468976,59.90338134765625,15.0,180.0
124.2157825796529,-31.70078383469567,-29.2103070033944,59.80331039428711,15.0,180.0
124.0119372226096,-31.75801363207245,-29.385983210266104,59.70339584350586,15.0,180.0
123.80258927715134,-31.764669640507105,-29.335402461789453,59.60332489013672,15.0,180.0
123.67603223652232,-31.64661450471405,-29.12425143178803,59.5034294128418,15.0,180.0
123.67794915502756,-31.51065084796023,-29.0057270010808,59.5034294128418,15.0,180.0
123.82620451077976,-31.563621766376897,-29.06411355007825,59.40340042114258,15.0,180.0
124.02097668778065,-31.8480756460534,-29.197818140311085,59.3033561706543,15.0,180.0
124.11617596706996,-32.16507303655,-29.0836629124241,59.20340347290039,15.0,180.0
124.14916397906224,-32.32913332249041,-28.628105648854174,59.10337448120117,15.0,180.0
124.16118327345713,-32.39398220639214,-28.288834023295937,59.00345611572266,15.0,180.0
124.04873452083616,-32.43388959783442,-28.229691103603123,58.9034423828125,15.0,180.0
123.7670342797072,-32.398377085119314,-28.15895136567296,58.80334854125977,15.0,180.0
123.38661191029573,-32.249723997807685,-28.03834849726874,58.80334854125977,15.0,180.0
122.92726910152128,-32.050832755464455,-27.79911757077721,58.70335388183594,15.0,180.0
122.50267265824009,-31.971571602909,-27.207743371663064,58.60327911376953,15.0,180.0
122.20959093692558,-32.11237998687958,-26.40261281071288,58.50344848632812,15.0,180.0
122.00524090654524,-32.3005022660915,-25.78065130380357,58.40349960327148,15.0,180.0
121.88631196780528,-32.35776006459474,-25.60446578082636,58.30334091186523,15.0,180.0
121.80714875073254,-32.357592388332435,-25.774188799665183,58.2033576965332,15.0,180.0
121.71588925174848,-32.377825023478955,-25.94472643026268,58.2033576965332,15.0,180.0
121.6103479798515,-32.41684915276723,-26.076623216823847,58.10336303710938,15.0,180.0
121.44612674537434,-32.434200843794244,-26.38115654028097,58.00337219238281,15.0,180.0
121.12195241408756,-32.30573918541673,-26.9596869163338,57.90333938598633,15.0,180.0
120.61206119058022,-32.26947298260235,-27.584706339287205,57.80329895019531,15.0,180.0
120.0960114156426,-32.654182703001496,-27.88060619520802,57.70347213745117,15.0,180.0
119.71196810784204,-33.199592665536755,-27.92239233937165,57.60342407226562,15.0,180.0
119.42803880611318,-33.50884149795689,-27.96314885258996,57.50340270996094,15.0,180.0
119.13072668816594,-33.45662379540329,-27.975749603558583,57.50340270996094,15.0,180.0
118.73571146347558,-33.30896558636861,-27.90475873431994,57.40339660644531,15.0,180.0
118.27101596613356,-33.28151905001402,-27.813622280190263,57.30330657958984,15.0,180.0
117.7677921861352,-33.286301019799886,-27.61096639725693,57.20335006713867,15.0,180.0
117.34494599817135,-33.1876424620582,-27.16870166765513,57.10332870483398,15.0,180.0
117.08871645519532,-32.86999186792836,-26.51281597690456,57.00331878662109,15.0,180.0
116.8372922751287,-32.40960149240914,-25.85145865952231,56.90345001220703,15.0,180.0
116.5922838664064,-32.01091824435142,-25.443147740797247,56.80345916748047,15.0,180.0
116.60036920917402,-31.88460297771667,-25.215420322520004,56.80345916748047,15.0,180.0
116.72629995642454,-31.993765764040035,-25.11401599050093,56.7033576965332,15.0,180.0
116.56148896137256,-32.22339846477862,-25.09740558213036,56.60338592529297,15.0,180.0
116.25875771300556,-32.501188561780914,-25.081676517883448,56.50342178344727,15.0,180.0
116.16069965812753,-32.58651896039602,-25.212170874184046,56.40343856811523,15.0,180.0
116.14161613281024,-32.53510615568935,-25.41979648473691,56.30335235595703,15.0,180.0
116.08374229981447,-32.46016802261557,-25.46498721945229,56.20339202880859,15.0,180.0
115.96722675528274,-32.24846258442778,-25.371890853752813,56.20339202880859,15.0,180.0
115.71534841059754,-31.956286567239783,-25.37987682595868,56.10349655151367,15.0,180.0
115.49234330981454,-31.703112352139108,-25.56025565169825,56.00336837768555,15.0,180.0
115.46532952770944,-31.55122433824568,-25.899860159666986,55.90340042114258,15.0,180.0
115.44429751657314,-31.420330524286467,-26.47796275931457,55.8033447265625,15.0,180.0
115.32129501952072,-31.232247827916808,-27.04138796149001,55.70331573486328,15.0,180.0
115.3141775565878,-30.994687475086582,-27.25908285772873,55.60341644287109,15.0,180.0
115.40800621765908,-30.80203260091784,-27.248934220772288,55.50332260131836,15.0,180.0
115.33317045701696,-30.895782477454134,-27.182238266756418,55.50332260131836,15.0,180.0
115.21298686580046,-31.301857571219884,-26.91901953174829,55.40339660644531,15.0,180.0
115.14579930262217,-31.84339861086025,-26.375870208924383,55.3034782409668,15.0,180.0
114.87368344267408,-32.3470125128753,-25.79763918223973,55.20330810546875,15.0,180.0
114.54581003699477,-32.72714263189845,-25.3492404960594,55.10333633422852,15.0,180.0
114.42028450521885,-32.977441620964534,-24.954037420456054,55.00334548950195,15.0,180.0
114.33761326594244,-33.11920416115961,-24.61714143209643,54.90332794189453,15.0,180.0
114.1425948611335,-33.17295783665607,-24.32407343280208,54.90332794189453,15.0,180.0
113.9156670638251,-33.07904954191716,-24.16662171581503,54.80335235595703,15.0,180.0
113.7340211255042,-32.88515356636562,-24.19931597559805,54.703369140625,15.0,180.0
113.46039860240154,-32.65940994090564,-24.113899341693195,54.60335922241211,15.0,180.0
113.02972125605515,-32.415811879953324,-23.844834946803008,54.50340270996094,15.0,180.0
112.58767139496986,-32.166543975384464,-23.562697609263097,54.40345764160156,15.0,180.0
112.25074597216792,-31.87228373253369,-23.25849288794196,54.3033561706543,15.0,180.0
112.02378832170729,-31.641945176159805,-22.89553164707113,54.20335388183594,15.0,180.0
111.83612561875216,-31.67236314876813,-22.482121343078656,54.20335388183594,15.0,180.0
111.63375065392373,-31.96257812182124,-22.02147664412169,54.1033821105957,15.0,180.0
111.47827677160538,-32.27299771820277,-21.69028869357761,54.0033073425293,15.0,180.0
111.37999833995876,-32.3966150468023,-21.72922382254001,53.90332412719727,15.0,180.0
111.2378162366899,-32.3622147498615,-22.00884664945476,53.80344009399414,15.0,180.0
111.15497738756164,-32.21319599754228,-22.19481360434438,53.70335388183594,15.0,180.0
111.30688958592384,-31.94065060070759,-22.14704042609001,53.60348510742188,15.0,180.0
111.57430861684908,-31.56394823470252,-22.05835830807298,53.50343322753906,15.0,180.0
111.63062229167151,-31.061391624434613,-22.168394959413376,53.50343322753906,15.0,180.0
111.4742081134222,-30.64303540704531,-22.40578363371272,53.4033088684082,15.0,180.0
111.3187762959279,-30.476489445125026,-22.61013906930874,53.30343627929688,15.0,180.0
111.11328665403236,-30.30658795359066,-22.87237517636959,53.20331573486328,15.0,180.0
110.91620929874736,-30.050971356777755,-23.23830931499208,53.10341644287109,15.0,180.0
110.7537317365136,-30.08715913947744,-23.50957358868349,53.00342178344727,15.0,180.0
110.53073064536206,-30.4655969161605,-23.73288399885074,52.90333557128906,15.0,180.0
110.3547530649894,-30.69066360846896,-23.975578776520468,52.90333557128906,15.0,180.0
110.28713239836696,-30.66886799459165,-24.052309000485685,52.80342864990234,15.0,180.0
110.24477229455408,-30.679050707396804,-23.913766245403224,52.7034912109375,15.0,180.0
110.16746638875756,-30.799560511240028,-23.565319881534663,52.60366058349609,15.0,180.0
110.24609234088982,-30.87541279559405,-22.96570423258129,52.50348281860352,15.0,180.0
110.60573963427144,-30.818410143839188,-22.22656626820324,52.4034538269043,15.0,180.0
111.04331623023374,-30.77140131915888,-21.598259984786928,52.30342483520508,15.0,180.0
111.3304572875664,-30.70508268259326,-21.291382183843048,52.20328521728516,15.0,180.0
111.32545506628206,-30.496526837779964,-21.217908629495845,52.20328521728516,15.0,180.0
111.03281426955576,-30.2834628477142,-21.13509973562351,52.10327529907227,15.0,180.0
110.682643348156,-30.23371374819975,-21.05390494151013,52.00331878662109,15.0,180.0
110.53232422669493,-30.348224843272668,-21.08728536977464,51.90337371826172,15.0,180.0
110.41884276309992,-30.349119315361737,-21.181504856791715,51.80340957641602,15.0,180.0
110.21088117497987,-30.00816880946781,-21.28895652718202,51.70343399047852,15.0,180.0
110.03748072516956,-29.653422591633067,-21.541607393017088,51.60346984863281,15.0,180.0
109.78668933633868,-29.601345806121547,-21.907815055700315,51.60346984863281,15.0,180.0
109.40747501607898,-29.64890223888405,-22.24006416075145,51.50335311889648,15.0,180.0
109.02935167241807,-29.63365085777848,-22.46380033741881,51.40338516235352,15.0,180.0
108.70043201671707,-29.81459797324556,-22.56991250491796,51.30341720581055,15.0,180.0
108.39227905291796,-30.266817253387536,-22.715668401634023,51.20332336425781,15.0,180.0
108.20074733121942,-30.6954964954908,-22.833155312757075,51.10337829589844,15.0,180.0
108.1010126863519,-31.058077909965668,-22.64789570105545,51.00335693359375,15.0,180.0
107.95525459750613,-31.45811245082116,-22.134978418035395,50.9033203125,15.0,180.0
107.91636182745192,-31.799211150273955,-21.6947918731851,50.9033203125,15.0,180.0
108.17852767360114,-32.04014689892894,-21.6077347179769,50.80347061157227,15.0,180.0
108.77275180686424,-32.09902840538173,-21.502291046789264,50.70343017578125,15.0,180.0
109.47829716064822,-31.89596986115892,-21.285184787854003,50.60338973999023,15.0,180.0
110.0041405803575,-31.72189660690995,-21.13197433809788,50.50339508056641,15.0,180.0
110.32630309006102,-31.71786714966689,-20.91909268064714,50.40325927734375,15.0,180.0
110.438435206837,-31.716144392820965,-20.720659136971783,50.30335235595703,15.0,180.0
110.21112696427544,-31.70199722053722,-20.58678100566714,50.20332336425781,15.0,180.0
109.74044170639576,-31.70017538086434,-20.574069701135137,50.20332336425781,15.0,180.0
109.20991386548026,-31.60425280706407,-20.598567700405063,50.10336303710938,15.0,180.0
108.71298606567602,-31.42053199056577,-20.376355634247776,50.00333786010742,15.0,180.0
108.3260903761962,-31.29923579782216,-20.082440048970696,49.90337371826172,15.0,180.0
108.0552428073877,-31.295019347431992,-19.93551931792713,49.80356979370117,15.0,180.0
107.84683545603784,-31.423408276754515,-19.990863773362875,49.70339965820312,15.0,180.0
107.66371451270426,-31.5910662494618,-20.171352440941728,49.60327529907227,15.0,180.0
107.43050680439028,-31.64749602950388,-20.234233042575795,49.60327529907227,15.0,180.0
106.90379451818129,-31.47171850433259,-20.15406145484013,49.5033073425293,15.0,180.0
106.1161002313677,-31.06192816444816,-20.06920891632524,49.40337753295898,15.0,180.0
105.31805384889604,-30.626979954198102,-20.066642405379607,49.30336761474609,15.0,180.0
104.54532048508354,-30.30188616252196,-20.01244887198579,49.20327758789062,15.0,180.0
103.8972035077993,-30.090132347256294,-19.742040844652056,49.1033935546875,15.0,180.0
103.54665788241736,-29.99643945968452,-19.22180545526403,49.00337219238281,15.0,180.0
103.3706837538766,-30.01705450111012,-18.545715190480315,48.90342712402344,15.0,180.0
103.26385771249812,-29.935663533109903,-17.81748577297186,48.90342712402344,15.0,180.0
103.33141116699592,-29.637699053557466,-17.00825295790349,48.8034553527832,15.0,180.0
103.4822386698802,-29.40435060292267,-16.28468867177127,48.70333480834961,15.0,180.0
103.46045309773362,-29.28905081474941,-15.873025963474111,48.60340118408203,15.0,180.0
103.14551724563152,-29.285830163929944,-15.674453985118506,48.50336456298828,15.0,180.0
102.86602332817664,-29.46112564493089,-15.61164463334749,48.40333557128906,15.0,180.0
102.8828131236978,-29.583618994842663,-15.824663887947,48.30343627929688,15.0,180.0
103.00786257617918,-29.58981252326251,-16.150360196638413,48.30343627929688,15.0,180.0
103.27793177391518,-29.67948065217354,-16.411476086441738,48.20338439941406,15.0,180.0
103.65270870561751,-29.92839678445812,-16.75526453715481,48.1035270690918,15.0,180.0
103.7255523562136,-30.061708938798148,-17.26091984228149,48.00331878662109,15.0,180.0
103.50750916933194,-29.915125885409697,-17.871172273808916,47.90339660644531,15.0,180.0
103.30620173464564,-29.744284717883723,-18.36104964971356,47.80340576171875,15.0,180.0
103.11516559522052,-29.619031170260563,-18.56982808209609,47.70326995849609,15.0,180.0
102.91876033802212,-29.562873059101,-18.715851882180694,47.60337448120117,15.0,180.0
102.73133427504736,-29.718317567731773,-18.807424268166137,47.60337448120117,15.0,180.0
102.35422098896356,-29.90289650445626,-18.59271742820776,47.50334930419922,15.0,180.0
101.72238251825569,-29.92688644366089,-18.45106833965993,47.40346908569336,15.0,180.0
100.93859313715625,-29.879740998257383,-18.641858095008008,47.30350875854492,15.0,180.0
100.15139206935451,-29.853918754461635,-18.84685846314554,47.20345306396484,15.0,180.0
99.58024690828256,-29.86253738262887,-18.952977976914458,47.10346984863281,15.0,180.0
99.37471672743314,-29.983292358699405,-18.96446770617712,47.00350952148438,15.0,180.0
99.51749313174724,-30.22369529261313,-19.00334988291737,47.00350952148438,15.0,180.0
99.77172789047628,-30.34867902636413,-19.092549721298543,46.90336608886719,15.0,180.0
100.09767037829656,-30.254126568789555,-19.10727990100684,46.80328369140625,15.0,180.0
100.54425865014008,-30.1906374110828,-19.042557052930523,46.7032470703125,15.0,180.0
100.85172952103666,-30.299895878238573,-18.93630854379489,46.60334014892578,15.0,180.0
100.93978968714674,-30.37432200105445,-18.873196857639154,46.50329971313477,15.0,180.0
100.9937345792538,-30.192630408400376,-18.76398431593911,46.4034538269043,15.0,180.0
101.1139105965562,-29.803080112945025,-18.616634211668448,46.30350494384766,15.0,180.0
101.14249568816012,-29.50796984428248,-18.562577380059007,46.30350494384766,15.0,180.0
100.98370467011787,-29.486702945687384,-18.46254775435621,46.20334243774414,15.0,180.0
100.76728311900094,-29.65091052414673,-18.147175366110435,46.10359573364258,15.0,180.0
100.5865835788957,-29.82906402866669,-17.68000743572909,46.00348281860352,15.0,180.0
100.53853500685676,-29.861219033649547,-17.31298902185067,45.90338134765625,15.0,180.0
100.6111913950614,-29.72548337909231,-17.180841298778397,45.80341720581055,15.0,180.0
100.6927126494117,-29.60710769450816,-17.238255394713665,45.70338439941406,15.0,180.0
100.65175615881606,-29.7134563965035,-17.43356876512745,45.60342025756836,15.0,180.0
100.27330583821832,-29.938427063809247,-17.627165122340212,45.60342025756836,15.0,180.0
99.56292495869528,-29.94342055005341,-17.577396328417432,45.50330352783203,15.0,180.0
98.98412843879912,-29.764880687026444,-17.247242466050658,45.4033317565918,15.0,180.0
98.871078083331,-29.59388961546088,-16.851506133813984,45.30339813232422,15.0,180.0
98.90717168352604,-29.408389082042977,-16.5474454689875,45.20328521728516,15.0,180.0
98.71952269975816,-29.398744288990567,-16.32331333740366,45.10349655151367,15.0,180.0
98.19021159105024,-29.620263759507136,-16.124490766018265,45.00323104858398,15.0,180.0
97.42402471479254,-29.774696873056502,-16.077151711619702,45.00323104858398,15.0,180.0
96.789576767827,-29.81165664031645,-16.11903213098548,44.90327835083008,15.0,180.0
96.49304281712658,-29.98465152153628,-15.916760946383796,44.80330276489258,15.0,180.0
96.51746446737933,-30.37756163815456,-15.49429782036139,44.7032585144043,15.0,180.0
96.79673860845264,-30.70938810635008,-15.031640569812428,44.60342788696289,15.0,180.0
97.0638096074304,-30.794819319953053,-14.602875855664667,44.50330352783203,15.0,180.0
97.10129391714932,-30.70888289618464,-14.361894759691404,44.40338134765625,15.0,180.0
96.99711331893565,-30.488948106754883,-14.430592469337148,44.30343627929688,15.0,180.0
96.86562203607726,-30.209791994200465,-14.75837807044664,44.30343627929688,15.0,180.0
96.79038589773876,-30.04206663599687,-15.142536822651198,44.20337295532227,15.0,180.0
96.7689497099497,-29.96394385733678,-15.386034565299283,44.10338973999023,15.0,180.0
96.81189764255193,-29.84039768686403,-15.608676342165776,44.00334930419922,15.0,180.0
96.91336419037764,-29.796635488086075,-15.851769583877513,43.90335464477539,15.0,180.0
97.04280364857225,-29.98627283920722,-15.92950780357111,43.80348587036133,15.0,180.0
97.2463106929715,-30.31144575835821,-15.868579252740528,43.70348739624023,15.0,180.0
97.34061266354507,-30.606465801342257,-15.6052951065695,43.70348739624023,15.0,180.0
97.21543043180912,-30.77389440180622,-15.284730361495768,43.60337829589844,15.0,180.0
96.90384193369798,-30.68304882100781,-15.249888809573296,43.50351333618164,15.0,180.0
96.33607456392023,-30.36053343650368,-15.261455200793158,43.40335083007812,15.0,180.0
95.59219825432452,-30.064220393263515,-15.008399190141954,43.30348205566406,15.0,180.0
94.78542787541022,-29.810165913966127,-14.6113479587556,43.20341491699219,15.0,180.0
94.14229097138004,-29.5779379700386,-14.227332421716266,43.1032600402832,15.0,180.0
93.90579083202472,-29.542820976170475,-13.836449214548026,43.00335311889648,15.0,180.0
93.96267789143438,-29.65551700832397,-13.443562440397216,43.00335311889648,15.0,180.0
94.22926212912638,-29.728843772520296,-13.257039246799405,42.90334701538086,15.0,180.0
94.6124179752144,-29.72442312779082,-13.302343233688015,42.8034782409668,15.0,180.0
94.89833973453378,-29.657142386401308,-13.399138522332668,42.70339965820312,15.0,180.0
94.96524749466148,-29.515172027438805,-13.779695095217104,42.60324859619141,15.0,180.0
94.81184922423424,-29.330070901314595,-14.42479299334588,42.50331497192383,15.0,180.0
94.59795219217196,-29.07811417640447,-14.730757746913262,42.40341567993164,15.0,180.0
94.43649755756472,-28.698271976663783,-14.670840852362286,42.3036003112793,15.0,180.0
94.30309443174166,-28.33050586471973,-14.614277527299253,42.3036003112793,15.0,180.0
94.13541478232528,-28.2076566608632,-14.57414739710564,42.20346069335938,15.0,180.0
93.87783583327736,-28.34280362541747,-14.539719828126067,42.10329437255859,15.0,180.0
93.60824202450628,-28.530583323005256,-14.526299071993297,42.00333023071289,15.0,180.0
93.35235531583793,-28.55056143046712,-14.474913170064916,41.9034309387207,15.0,180.0
93.03540175548576,-28.36908487473305,-14.551930459032915,41.80341339111328,15.0,180.0
92.8005055286944,-28.176630173279133,-14.860272279514689,41.70341491699219,15.0,180.0
92.6870016472456,-27.989407376923253,-15.169691615745254,41.70341491699219,15.0,180.0
92.400137440942,-27.742663504418992,-15.351900622143882,41.60335159301758,15.0,180.0
91.6785832580876,-27.65082874420077,-15.54587978943139,41.50324249267578,15.0,180.0
90.70605510072654,-27.780979468683565,-15.662620386109117,41.40330505371094,15.0,180.0
90.02798532039422,-27.957747539137188,-15.299758590960735,41.30344390869141,15.0,180.0
89.75094489422484,-28.132683525371952,-14.566765024048085,41.20338821411133,15.0,180.0
89.53301870800858,-28.34881502732758,-13.994128898537344,41.10342025756836,15.0,180.0
89.23175274163928,-28.71442898462944,-13.670160885606224,41.0034065246582,15.0,180.0
88.89997535641632,-29.159354888342115,-13.47907012786877,41.0034065246582,15.0,180.0
88.67908454107224,-29.387147403917865,-13.3439244055522,40.9033317565918,15.0,180.0
88.60959712545512,-29.36465140232904,-13.142502088751431,40.80341339111328,15.0,180.0
88.58430716137053,-29.16587730266226,-12.92414024268353,40.70342636108398,15.0,180.0
88.6226679618022,-28.8470532589032,-12.711000944521151,40.60340118408203,15.0,180.0
88.7607139399496,-28.513407490738093,-12.32206101696143,40.50339889526367,15.0,180.0
88.92228351104086,-28.166812071155828,-11.762275973739769,40.40344619750977,15.0,180.0
89.07430625334553,-27.868938646761805,-11.19761622923107,40.40344619750977,15.0,180.0
89.1114285257384,-27.68636454442119,-10.74263053100329,40.3033447265625,15.0,180.0
88.87594649612613,-27.54450466172183,-10.52292364833724,40.20330429077148,15.0,180.0
88.52895054602256,-27.3932431014616,-10.535040270952711,40.10329437255859,15.0,180.0
88.31193297494953,-27.181508966911007,-10.671580225292674,40.00338745117188,15.0,180.0
88.1535361065108,-26.841941292314544,-10.78675960996554,39.9033203125,15.0,180.0
87.85588022403425,-26.52854712718009,-10.809028663868784,39.80337905883789,15.0,180.0
87.56351122483844,-26.560932752533912,-10.632002802114377,39.70343399047852,15.0,180.0
87.49278380763117,-27.07967003419005,-10.256516873666476,39.70343399047852,15.0,180.0
87.38329340392931,-27.693795375618315,-10.070808690313624,39.6032600402832,15.0,180.0
87.11330062216115,-27.797877216342723,-10.27854091039957,39.50327682495117,15.0,180.0
86.83005182420628,-27.37672932059183,-10.690165033125316,39.40324401855469,15.0,180.0
86.57758031222035,-26.952952317212823,-11.085762022455375,39.30332946777344,15.0,180.0
86.39281531376301,-26.68219933175468,-11.396575488196204,39.20333099365234,15.0,180.0
86.16670975587209,-26.3485003503864,-11.545297171290503,39.10337829589844,15.0,180.0
85.85732411052958,-26.09620694626177,-11.463735143140898,39.10337829589844,15.0,180.0
85.41429952066989,-26.07787244801611,-11.442427730345,39.00354766845703,15.0,180.0
84.72285285177537,-26.13351539034642,-11.72705891274958,38.90361022949219,15.0,180.0
83.87739478851364,-26.1615342699778,-12.084887293622092,38.80349731445312,15.0,180.0
83.02808294246464,-26.17976065811243,-12.239622114026776,38.70343780517578,15.0,180.0
82.36540675966195,-26.235588357752743,-12.09819941177212,38.60336303710938,15.0,180.0
81.95605780809505,-26.349639726809013,-11.63954368607237,38.50341033935547,15.0,180.0
81.64780042613894,-26.690997393474923,-11.141614965048326,38.40341567993164,15.0,180.0
81.40297225802365,-27.33961776146634,-10.852946699346196,38.40341567993164,15.0,180.0
81.28195490262625,-27.92771778983174,-10.635752895582598,38.30337142944336,15.0,180.0
81.32449098122642,-28.203630145413324,-10.53769686672269,38.20347595214844,15.0,180.0
81.566423359001,-28.291618467474976,-10.592988781917224,38.10334396362305,15.0,180.0
81.82686894035514,-28.34791726554949,-10.647590225871715,38.00336074829102,15.0,180.0
81.95734697244099,-28.34222076352476,-10.751099055548336,37.90335464477539,15.0,180.0
81.95157859042892,-28.187037614735925,-10.881651229682696,37.80328750610352,15.0,180.0
81.67748614538907,-27.810352241580173,-10.969179718526432,37.70339584350586,15.0,180.0
81.14142824436635,-27.209475837130945,-11.041130775434867,37.70339584350586,15.0,180.0
80.53722177191456,-26.54244420059137,-11.02152284399352,37.60340118408203,15.0,180.0
79.93720525068261,-25.86894667053892,-10.774212167594412,37.5034065246582,15.0,180.0
79.37592389054173,-25.349868158965595,-10.369264188749002,37.40340042114258,15.0,180.0
79.00384815047121,-25.06998882375012,-10.11548215805442,37.30342102050781,15.0,180.0
78.83517889074268,-24.95486405325612,-10.133200765215747,37.20340347290039,15.0,180.0
78.6907131778781,-25.170735163308656,-10.340956448896604,37.10343551635742,15.0,180.0
78.57700633199713,-25.51998100881257,-10.625518112992054,37.10343551635742,15.0,180.0
78.54443695333521,-25.686012173448795,-10.932323830631985,37.00346755981445,15.0,180.0
78.39436301878908,-25.863400827142577,-11.234515506009288,36.90342712402344,15.0,180.0
77.94683041123922,-26.16637440657973,-11.326522005469949,36.80337905883789,15.0,180.0
77.36363935679748,-26.36532698200313,-11.185284132569,36.70334243774414,15.0,180.0
76.88456018644987,-26.19978627798104,-11.04432017454216,36.60345077514648,15.0,180.0
76.50265951633286,-25.69845377515831,-10.882537469462104,36.50354385375977,15.0,180.0
76.19022704872158,-25.19228426426522,-10.49849630522652,36.4033203125,15.0,180.0
75.91635238942992,-25.01173827859713,-10.101223756767912,36.4033203125,15.0,180.0
75.65399374010961,-25.18398468980861,-10.000264353868452,36.30332946777344,15.0,180.0
75.39762209564188,-25.313415147185403,-10.076694164338932,36.20341110229492,15.0,180.0
75.1422929410766,-25.15287904517135,-10.153082848352565,36.10343551635742,15.0,180.0
74.99518746306201,-24.833398056173007,-10.179311226383144,36.00346755981445,15.0,180.0
74.87067180867469,-24.46996043216931,-10.074736108525856,35.90321350097656,15.0,180.0
74.69555633887484,-24.22404294795187,-9.94923087586703,35.80328369140625,15.0,180.0
74.64616596268442,-24.11618474554292,-9.961483032733252,35.80328369140625,15.0,180.0
74.53462310306134,-23.97713129282058,-10.02943244566229,35.70331573486328,15.0,180.0
74.24824759084586,-23.94003927291219,-10.02570547935251,35.60343551635742,15.0,180.0
74.11505559028099,-24.117784166237207,-9.892089261488495,35.50354385375977,15.0,180.0
74.03033162861593,-24.206924769119524,-9.760979716575529,35.40329742431641,15.0,180.0
73.80255978028296,-24.037675447020195,-9.637705150927069,35.30327987670898,15.0,180.0
73.65356927605808,-23.831792549233786,-9.375599986959095,35.20328903198242,15.0,180.0
73.54829328623408,-23.71566355384509,-9.145023816326304,35.10333633422852,15.0,180.0
73.33382904132297,-23.59045525602048,-9.043122323900414,35.10333633422852,15.0,180.0
73.06013923674449,-23.43789636319176,-8.874450769520411,35.00345230102539,15.0,180.0
72.76101057932033,-23.16565372282125,-8.615074441546156,34.90348434448242,15.0,180.0
72.5491295656061,-22.61839290584105,-8.435618841877192,34.80337905883789,15.0,180.0
72.38299487820116,-21.9797178935403,-8.43837528698614,34.70336151123047,15.0,180.0
72.09328898662095,-21.54623442481184,-8.463906803891163,34.60344314575195,15.0,180.0
71.75285154873258,-21.31948462198229,-8.278680058499816,34.50328826904297,15.0,180.0
71.5006864669319,-21.128327749457323,-8.035325154597583,34.40320587158203,15.0,180.0
71.44393856169741,-20.97835893122965,-7.931535950548199,34.40320587158203,15.0,180.0
71.48535974224721,-21.001546231691663,-7.924441491745389,34.30337524414062,15.0,180.0
71.37461568996288,-21.265828966937928,-8.133700358487445,34.20337677001953,15.0,180.0
70.94786481646376,-21.76159742802185,-8.624394154489295,34.10340881347656,15.0,180.0
70.30476065692778,-22.25812782048257,-9.13349058401852,34.00343704223633,15.0,180.0
69.70646071378948,-22.596065659099512,-9.37434719891658,33.90332794189453,15.0,180.0
69.2047284158603,-22.824138742477373,-9.415225155722734,33.80346298217773,15.0,180.0
68.79993421758317,-22.89850760625673,-9.482463610548647,33.80346298217773,15.0,180.0
68.50220565594718,-22.861682685761544,-9.52495805906399,33.70336532592773,15.0,180.0
68.27133607729738,-22.78569821575217,-9.48910655489352,33.60347366333008,15.0,180.0
68.09421395200782,-22.657150583633083,-9.364331950469335,33.50347518920898,15.0,180.0
67.91220284177255,-22.640667969093965,-9.283869662863086,33.40331649780273,15.0,180.0
67.56430175666745,-22.84087475142523,-9.410884489816134,33.30344772338867,15.0,180.0
67.07647371641372,-23.068490899198967,-9.62389672732782,33.20342254638672,15.0,180.0
66.60315121653946,-23.116623518721365,-9.861022884638096,33.10344314575195,15.0,180.0
66.0863183641131,-23.03528242158924,-10.266517113195944,33.10344314575195,15.0,180.0
65.50429675795192,-22.98364135982405,-10.976144701026746,33.00347137451172,15.0,180.0
64.9306722768337,-22.930339854696523,-11.748918121020672,32.90326309204102,15.0,180.0
64.47041717542827,-22.81328787701081,-12.22289643681902,32.80330657958984,15.0,180.0
64.21954784779726,-22.604703084006672,-12.28610635130316,32.70335388183594,15.0,180.0
64.12202521560948,-22.2777531589611,-12.039787806851736,32.60343170166016,15.0,180.0
64.14744187746312,-21.93626083603951,-11.732211670522194,32.50341033935547,15.0,180.0
64.2981414653686,-21.702947686138025,-11.5290781912729,32.50341033935547,15.0,180.0
64.44648808873042,-21.56884183340998,-11.35198027265223,32.40333557128906,15.0,180.0
64.3321816981617,-21.463671349465496,-11.04874244046396,32.30337524414062,15.0,180.0
63.92305728310036,-21.197851347442032,-10.658175741133116,32.20341110229492,15.0,180.0
63.39147071833745,-20.779486584992306,-10.235746277645818,32.10345840454102,15.0,180.0
62.93051595962574,-20.425374195436323,-9.73185030827987,32.00333786010742,15.0,180.0
62.76076381252517,-20.16526170154849,-9.190521198083609,31.90336608886719,15.0,180.0
62.82147661934648,-20.099482394711885,-8.779333176564332,31.80336761474609,15.0,180.0
62.94272889711195,-20.02202609045465,-8.602590057519201,31.80336761474609,15.0,180.0
62.95304457732959,-19.748617280797603,-8.660915559791604,31.70340728759766,15.0,180.0
62.751228876592336,-19.66851796724529,-8.851316244148872,31.60348892211914,15.0,180.0
62.55334651455484,-19.828894556238573,-8.956796266305755,31.50339889526367,15.0,180.0
62.47398860491848,-19.970130140715742,-8.904576090021974,31.40339469909668,15.0,180.0
62.37995322423664,-20.08785480525332,-8.860608106401772,31.30336761474609,15.0,180.0
62.136542604565854,-20.15749836616892,-8.838893109292396,31.20340538024902,15.0,180.0
61.83333863958407,-20.17000819320609,-8.728355634360591,31.20340538024902,15.0,180.0
61.84161662853174,-20.26334695924082,-8.612670239098609,31.10349273681641,15.0,180.0
62.080236235100365,-20.410470219835425,-8.473135888544764,31.0033073425293,15.0,180.0
62.17042665434989,-20.498082825794217,-8.186790285991496,30.90329360961914,15.0,180.0
62.04691471861775,-20.478181759021428,-7.895964732987442,30.80335807800293,15.0,180.0
61.686521966136965,-20.44469921139964,-7.818927441077431,30.70331192016602,15.0,180.0
61.06253942314458,-20.571676136539995,-7.889938849992732,30.60351943969727,15.0,180.0
60.16240538324256,-20.865990330657663,-7.956331453630356,30.50360488891602,15.0,180.0
59.08065413976945,-21.22916249068098,-7.966824302950798,30.50360488891602,15.0,180.0
58.12011734039474,-21.51872408980333,-7.83903426505771,30.40341567993164,15.0,180.0
57.5525460899659,-21.707003921687864,-7.654877590295595,30.30344009399414,15.0,180.0
57.41174805182494,-21.77648353879309,-7.694293454282866,30.20333290100098,15.0,180.0
57.47917204998432,-21.595805600474776,-8.030590628070122,30.10332298278809,15.0,180.0
57.65910247187764,-21.171349738972022,-8.308667321907514,30.00336074829102,15.0,180.0
57.948637012466136,-20.65806131779123,-8.243939827457869,29.90329551696777,15.0,180.0
58.070718526645074,-20.181552133009102,-8.026527497360103,29.80338096618652,15.0,180.0
57.9350987993609,-19.77946846892055,-7.754761062292645,29.80338096618652,15.0,180.0
57.72090729614301,-19.47658524578064,-7.343243467170627,29.70341682434082,15.0,180.0
57.5076672141292,-19.307675132577263,-6.998046907246717,29.60344886779785,15.0,180.0
57.24257245531079,-19.19878973804401,-7.033783415775192,29.50344276428223,15.0,180.0
56.806461039203285,-19.0845746550687,-7.370593483206337,29.40334892272949,15.0,180.0
56.34810419330529,-19.01117291117778,-7.627947792729482,29.30331230163574,15.0,180.0
56.11586992422518,-18.96263276889101,-7.671939051125619,29.2033519744873,15.0,180.0
56.095720744111496,-18.996802562310144,-7.49992523422373,29.2033519744873,15.0,180.0
56.06072542066845,-19.10092870303849,-7.265726743077328,29.10326194763184,15.0,180.0
55.823183204982456,-19.251482252389664,-7.142355323610899,29.00328254699707,15.0,180.0
55.44996210973228,-19.52127974372467,-7.033896702605328,28.90337181091309,15.0,180.0
55.01460580334884,-19.745613642574742,-7.075110666798332,28.80338859558105,15.0,180.0
54.51308053831677,-19.775558045617245,-7.288529425986084,28.70333099365234,15.0,180.0
54.05689167786863,-19.63865049483584,-7.383021029633244,28.60345458984375,15.0,180.0
53.79265848333597,-19.42708260973615,-7.233704796906026,28.50331878662109,15.0,180.0
53.641891836406174,-19.245883589258856,-6.945749803139677,28.50331878662109,15.0,180.0
53.496788524706005,-19.20568627018767,-6.712198089857005,28.40333366394043,15.0,180.0
53.33158620999647,-19.27855492044336,-6.680648485585487,28.30342674255371,15.0,180.0
52.95551544670802,-19.27989023612774,-6.815358195579322,28.20336532592773,15.0,180.0
52.35005371486516,-19.17065647139489,-6.944565869726071,28.10337448120117,15.0,180.0
51.79946839682725,-18.96432280537079,-6.870490063158735,28.00337600708008,15.0,180.0
51.24724239828157,-18.72822152000535,-6.654949001087141,27.90339088439941,15.0,180.0
50.44315688582309,-18.48593678107024,-6.600130398556535,27.90339088439941,15.0,180.0
49.54955749166912,-18.1865801370702,-6.43876437808785,27.80348014831543,15.0,180.0
48.78086358385863,-17.98739767355877,-5.918299366133384,27.7033519744873,15.0,180.0
48.16036807924252,-17.7781788694682,-5.386562120851531,27.60335350036621,15.0,180.0
47.72629493866458,-17.378944987404797,-5.113850555724824,27.50335884094238,15.0,180.0
47.556024454651606,-16.980145479126506,-5.040089769662797,27.40345001220703,15.0,180.0
47.549816477432174,-16.5838387446007,-4.972483112435798,27.30335235595703,15.0,180.0
47.51242213069374,-16.174505728834028,-4.871634637407973,27.20336532592773,15.0,180.0
47.5408132715807,-15.91100833008352,-4.84757667098175,27.20336532592773,15.0,180.0
47.59598709711883,-15.74792279021126,-5.0690105369707,27.10335922241211,15.0,180.0
47.4277353271232,-15.693234307840088,-5.500218075484046,27.00344085693359,15.0,180.0
47.07905702688042,-15.832059474320705,-5.821069265672628,26.90350532531738,15.0,180.0
46.74789840537456,-15.917626330023824,-5.85308646540025,26.803466796875,15.0,180.0
46.60340401195535,-15.715613153590692,-5.719692740548634,26.70342063903809,15.0,180.0
46.50759488154506,-15.426133390013128,-5.502167066462827,26.6033878326416,15.0,180.0
46.174607907807854,-15.220106038028948,-5.171449320491072,26.50326919555664,15.0,180.0
45.681698917480304,-14.978937210532326,-4.78891867508868,26.50326919555664,15.0,180.0
45.34462218314045,-14.7230817132054,-4.461655638313918,26.40340232849121,15.0,180.0
45.25038325855567,-14.542807639578625,-4.276848779280705,26.30336761474609,15.0,180.0
45.27619760445475,-14.3119210749177,-4.106877792435241,26.20341873168945,15.0,180.0
45.28081835004656,-14.031531536858926,-3.7746900997985344,26.10341644287109,15.0,180.0
45.06992295245688,-13.870905627818232,-3.3415108646357554,26.00328636169434,15.0,180.0
44.620969192640565,-13.848415757608134,-3.0111623569851345,25.90336799621582,15.0,180.0
43.94851162903427,-13.853763604699266,-2.845053386061492,25.90336799621582,15.0,180.0
43.16678187987653,-13.759083460218616,-2.768371475039737,25.80341148376465,15.0,180.0
42.63361779528167,-13.515542389860778,-2.868102143884756,25.70328521728516,15.0,180.0
42.45690353037917,-13.212075174235306,-3.070773570806538,25.60340118408203,15.0,180.0
42.49526263367205,-13.048703011009827,-3.0586573961885994,25.50333023071289,15.0,180.0
42.588252850898805,-13.06641778116168,-2.772465908168739,25.40351104736328,15.0,180.0
42.61148609831366,-13.220067109563834,-2.558155271312433,25.30352210998535,15.0,180.0
42.57612562222428,-13.468016689605466,-2.565220390466709,25.20334815979004,15.0,180.0
42.54852819339205,-13.696654089479994,-2.6089876844060926,25.20334815979004,15.0,180.0
42.50415369132557,-13.922826715591617,-2.508483744925959,25.10330009460449,15.0,180.0
42.30471977635296,-14.048543886491894,-2.220968505607741,25.00331115722656,15.0,180.0
41.86759607612784,-14.016609215442749,-2.1177249218546663,24.90332412719727,15.0,180.0
41.22877029631323,-14.156250549975898,-2.3849076346734206,24.80345916748047,15.0,180.0
40.49554996696487,-14.47532734015523,-2.685823677055005,24.70339012145996,15.0,180.0
39.88030005923805,-14.444682731829705,-2.839962378448493,24.6034107208252,15.0,180.0
39.43411838908386,-13.983700304147598,-3.1103565658789982,24.6034107208252,15.0,180.0
39.1105543843708,-13.604956645604783,-3.618979403877079,24.50345230102539,15.0,180.0
38.88569691255767,-13.419353727477494,-3.9770897631862,24.40337944030762,15.0,180.0
38.552054725644446,-13.320453976781376,-4.009940989735385,24.30340576171875,15.0,180.0
38.08722702825007,-13.393896760122493,-3.917405434637532,24.20336151123047,15.0,180.0
37.67965473259501,-13.393845086211934,-3.9121747635097153,24.10341644287109,15.0,180.0
37.33511192976128,-13.128160405027248,-4.012034357318781,24.00328826904297,15.0,180.0
36.96386436556405,-12.831167548841329,-3.9652659643990624,23.90336418151855,15.0,180.0
36.445465633118886,-12.703474804055045,-3.760000970047411,23.90336418151855,15.0,180.0
35.81777441042532,-12.695390877553178,-3.673950795442966,23.80336761474609,15.0,180.0
35.415728967717826,-12.718354731718591,-3.691283928987216,23.70341491699219,15.0,180.0
35.27107749783002,-12.839714213896492,-3.501029594777988,23.60343742370605,15.0,180.0
34.97807621879508,-13.03488126804005,-3.127774243861505,23.50339698791504,15.0,180.0
34.35027857473215,-13.144110877046955,-2.959604323747633,23.40340995788574,15.0,180.0
33.67164904693817,-13.233254177334842,-3.252503617906948,23.30333518981934,15.0,180.0
33.170090673627215,-13.467987879737908,-3.876065833755744,23.30333518981934,15.0,180.0
32.773058062371426,-13.649258549415109,-4.427663015662247,23.20346069335938,15.0,180.0
32.43890800197619,-13.542062158253731,-4.599263999678782,23.10333442687988,15.0,180.0
32.173071373443136,-13.396668123673471,-4.451937159848692,23.00339889526367,15.0,180.0
31.90637570142848,-13.40856366166251,-4.141908825223103,22.90336990356445,15.0,180.0
31.57973915268388,-13.440241761861587,-3.783534792391131,22.80331039428711,15.0,180.0
31.22988201370877,-13.343454977250854,-3.5626856393536004,22.70341682434082,15.0,180.0
30.85043341530345,-13.069038552629856,-3.4244624264727905,22.6033821105957,15.0,180.0
30.38110359246132,-12.71797283479994,-3.322296807214105,22.6033821105957,15.0,180.0
29.79327359014784,-12.352949717029013,-3.366036832290181,22.50337791442871,15.0,180.0
29.168593054601025,-12.04288955697984,-3.4510697901830047,22.40335845947266,15.0,180.0
28.747955153195534,-11.80113913208045,-3.5024094162484785,22.30326652526855,15.0,180.0
28.51781347976328,-11.484963234127552,-3.568989004131473,22.20340156555176,15.0,180.0
28.32085594531011,-11.08671505607985,-3.5230326525914704,22.10334014892578,15.0,180.0
28.10496360104431,-10.692323497993634,-3.225416114614048,22.00327301025391,15.0,180.0
27.79573018010055,-10.35754723633478,-2.6898833769016344,21.90348625183105,15.0,180.0
27.49266806076802,-10.093226331590351,-2.0844325954673053,21.90348625183105,15.0,180.0
27.214421408985885,-9.825633642239795,-1.620938279150148,21.80360412597656,15.0,180.0
26.93120250719255,-9.633490995937487,-1.2964162775408576,21.70356750488281,15.0,180.0
26.74512593819896,-9.735536229480104,-1.0964315790075334,21.60340309143066,15.0,180.0
26.5134589611865,-10.023678829524655,-1.0700335732506463,21.50330352783203,15.0,180.0
26.149977562362245,-10.21506758372172,-1.080066214331584,21.40336036682129,15.0,180.0
25.84035165084341,-10.24117210828754,-1.0694373486090027,21.30342674255371,15.0,180.0
25.602522661699112,-10.16957460782884,-1.0553618865612222,21.30342674255371,15.0,180.0
25.30888359815824,-10.149671872114917,-0.978316214412624,21.20344161987305,15.0,180.0
25.019716571054925,-10.264772690973114,-0.9252083553755348,21.10336494445801,15.0,180.0
24.85686077530636,-10.336789627197222,-0.8835055358827093,21.00343894958496,15.0,180.0
24.9039583657184,-10.285142613329986,-0.8927519083553772,20.90333938598633,15.0,180.0
25.01117988067598,-10.31215688410155,-1.0485559536746596,20.80341529846191,15.0,180.0
24.90234148867669,-10.383636488498976,-1.2321317537640546,20.7033748626709,15.0,180.0
24.686884010346432,-10.33745589231169,-1.5566656162387051,20.60333251953125,15.0,180.0
24.41256397906388,-10.295000233221051,-2.0477025979168983,20.60333251953125,15.0,180.0
23.92767316532452,-10.378027624995031,-2.34015935470989,20.50334358215332,15.0,180.0
23.30371476646726,-10.50705250296181,-2.2526369842956884,20.40333366394043,15.0,180.0
22.730573756226715,-10.59703934585729,-1.845520508536328,20.30337524414062,15.0,180.0
22.301399017732862,-10.640497040941852,-1.274286316163038,20.20345497131348,15.0,180.0
22.032181485181177,-10.584498352522552,-0.7542524138055766,20.10334587097168,15.0,180.0
21.77169781855992,-10.345713908689657,-0.4040449185929189,20.00338363647461,15.0,180.0
21.328858038646487,-10.036274659896955,-0.308486872501053,20.00338363647461,15.0,180.0
20.76918554665997,-9.781555388053516,-0.2725156410904441,19.90334320068359,15.0,180.0
20.126046771293822,-9.467995656599602,0.147558846249769,19.80331039428711,15.0,180.0
19.37345949097068,-9.230735161933104,0.9758130522228504,19.70341300964355,15.0,180.0
18.657737979401265,-9.059823310360937,1.8191374491030352,19.60325050354004,15.0,180.0
18.23076320473947,-8.74828877496691,2.3623325668809416,19.5032844543457,15.0,180.0
17.96610969664595,-8.492580989933163,2.616425284129731,19.40337371826172,15.0,180.0
17.499079116923358,-8.301253244189567,2.665144843565198,19.30334854125977,15.0,180.0
16.87235012004215,-8.016196066363097,2.5715112432993816,19.30334854125977,15.0,180.0
16.275460768550435,-7.5818864931588115,2.4605804968824696,19.20348739624023,15.0,180.0
15.870397403155156,-7.039789543698659,2.3538095341220115,19.10348892211914,15.0,180.0
15.532921923539966,-6.603837414552785,2.2985376805509867,19.00337028503418,15.0,180.0
14.992825914530853,-6.478292655288308,2.525541532244371,18.90329551696777,15.0,180.0
14.542581817698302,-6.61352371347948,3.0903514836597896,18.80325698852539,15.0,180.0
14.351307809949834,-6.701000422607512,3.675142433388335,18.70341110229492,15.0,180.0
14.028569167157492,-6.641269692428942,4.0659575499656375,18.60354042053223,15.0,180.0
13.404936299561935,-6.635781533844697,4.232988309471886,18.60354042053223,15.0,180.0
12.6931455950238,-6.860897475535066,4.251177967042221,18.5034065246582,15.0,180.0
12.04611359264075,-7.38381949757779,4.129533325669051,18.40336608886719,15.0,180.0
11.39665768376384,-7.986028487799883,3.735642203849221,18.30333709716797,15.0,180.0
10.73082129341699,-8.253289691633668,3.240666141105729,18.20344734191895,15.0,180.0
10.185774683667276,-8.155194826396183,2.907427229929393,18.10346031188965,15.0,180.0
9.88794788414502,-8.10320840230857,2.7858831742275685,18.00341606140137,15.0,180.0
9.79517332676902,-8.37084614566289,2.820019096989108,18.00341606140137,15.0,180.0
9.8350300089446,-8.815691798834013,3.02044438249545,17.90334510803223,15.0,180.0
9.968839027944572,-9.140043251220144,3.33814458848235,17.80344200134277,15.0,180.0
10.055352845849896,-9.176642260779204,3.659539076935749,17.70341682434082,15.0,180.0
9.999479579869549,-9.095888509923508,3.973273163493359,17.60319328308105,15.0,180.0
9.722323634720304,-8.985048208593106,4.2926823795504125,17.5034008026123,15.0,180.0
9.183786652289786,-8.755199216770784,4.529819201551228,17.40342330932617,15.0,180.0
8.602603749723897,-8.560052731015272,4.410194157409126,17.30338478088379,15.0,180.0
8.22376384539088,-8.46514805250812,3.954369376852897,17.30338478088379,15.0,180.0
7.915424972984667,-8.4544612212133,3.556422700912166,17.20349884033203,15.0,180.0
7.501924828184848,-8.510272714852242,3.4125584590800777,17.1034049987793,15.0,180.0
7.163670725367361,-8.346559563583568,3.286255891959999,17.00344467163086,15.0,180.0
6.925688560900422,-7.970909412173703,3.0700820514283995,16.90339469909668,15.0,180.0
6.517550349452211,-7.715841941107281,2.927640385409463,16.8033447265625,15.0,180.0
5.824821142969622,-7.5186164640146975,2.979041120726756,16.70338439941406,15.0,180.0
4.959003643506499,-7.39362077539722,3.3384760572094,16.70338439941406,15.0,180.0
4.014145903602291,-7.372709403214886,3.8965608044541504,16.6033992767334,15.0,180.0
3.005026775432462,-7.223223639979688,4.436622898738209,16.5034122467041,15.0,180.0
2.1742092361711656,-7.106955414922404,4.663780873562887,16.40340042114258,15.0,180.0
1.7720489191218292,-7.097375415619999,4.55716366340905,16.30331993103027,15.0,180.0
1.5726672045025687,-6.942591154160301,4.520587472706281,16.2034740447998,15.0,180.0
1.1974796876684373,-6.752927706556934,4.60843983774889,16.10339164733887,15.0,180.0
0.7187041197708446,-6.5944496647645465,4.633018036422399,16.00332641601562,15.0,180.0
0.3814504843594406,-6.291914152615605,4.553019432632785,16.00332641601562,15.0,180.0
0.0580524841966507,-5.9509281874534805,4.494840336375383,15.90329837799072,15.0,180.0
-0.387944585964199,-5.652849221282075,4.485221756456354,15.80331897735596,15.0,180.0
-0.7183112813492194,-5.320392809319877,4.326627951017164,15.70337963104248,15.0,180.0
-0.9581651831458302,-4.923733805326283,3.9847452947816944,15.60333824157715,15.0,180.0
-1.469801523194942,-4.569167922372011,3.686876633958832,15.50336265563965,15.0,180.0
-2.1743904355517145,-4.520015476106336,3.690225479993576,15.40335464477539,15.0,180.0
-2.635696965035063,-4.8157559263754965,3.900413755450062,15.40335464477539,15.0,180.0
-2.718888222643862,-5.194525324795647,4.167528157628964,15.30330276489258,15.0,180.0
-2.6991626901511303,-5.555612072869777,4.6020302082388165,15.20342063903809,15.0,180.0
-2.800598939072117,-5.949301680618726,5.025695847903985,15.1033878326416,15.0,180.0
-3.004856343179778,-6.113417416894014,5.131889306365645,15.00345993041992,15.0,180.0
-3.24284885028958,-5.823744782342507,5.014842314226491,14.90345764160156,15.0,180.0
-3.622043584534669,-5.390879930044584,4.924520100794129,14.80350589752197,15.0,180.0
-4.274330250144304,-5.080422614692208,5.011727094683767,14.70350742340088,15.0,180.0
-4.992459110702098,-4.691598882062165,5.317849575381262,14.70350742340088,15.0,180.0
-5.606374759039619,-4.19906922092884,5.753565218890845,14.60351657867432,15.0,180.0
-6.2308897408483865,-3.791115296312285,6.191690591976259,14.50344848632812,15.0,180.0
-6.8494733715373926,-3.5626915184343337,6.556210929461494,14.40334796905518,15.0,180.0
-7.394068157578127,-3.535185200833431,6.789151583306773,14.30329418182373,15.0,180.0
-7.840081427640436,-3.5669043222158434,6.8956592650741015,14.20330238342285,15.0,180.0
-8.224276277311802,-3.654538476691157,6.944520949900886,14.1033353805542,15.0,180.0
-8.770703573288621,-3.7189310513612814,6.922318471816303,14.00339889526367,15.0,180.0
-9.454949469027463,-3.505428669753156,6.833929797049653,14.00339889526367,15.0,180.0
-9.981302663811938,-3.1693292292630613,6.83033875909584,13.90334320068359,15.0,180.0
-10.414989397419244,-2.9961638043085195,6.943760069935152,13.80334377288818,15.0,180.0
-10.995227179173046,-2.931401918340746,7.14181480261304,13.70339393615723,15.0,180.0
-11.56859102348287,-2.9110722296446543,7.324265468332854,13.60336399078369,15.0,180.0
-11.899476594237711,-2.926610071035448,7.338372200292066,13.50339126586914,15.0,180.0
-12.00283317251359,-2.8508415496893447,7.345444942846814,13.40338802337646,15.0,180.0
-12.003074958419877,-2.720537547857384,7.404228220976474,13.40338802337646,15.0,180.0
-12.11606992872292,-2.60771091470832,7.451361006202348,13.30339431762695,15.0,180.0
-12.497754354634331,-2.494467257672325,7.6005506367559,13.2033634185791,15.0,180.0
-12.9950352794176,-2.4443529057041173,7.772084767292648,13.10329818725586,15.0,180.0
-13.270403110087106,-2.3744976918983323,7.888502206761484,13.00348281860352,15.0,180.0
-13.330644039207652,-2.159298563640609,8.095954316307957,12.90341663360596,15.0,180.0
-13.552987826388591,-1.8825757113764432,8.498842691380561,12.80338478088379,15.0,180.0
-14.08655601337231,-1.7034285328066805,8.966637747196561,12.70344352722168,15.0,180.0
-14.66878250778937,-1.6278280182536662,9.34988896377347,12.70344352722168,15.0,180.0
-15.12348748317272,-1.4786625868977934,9.643400096437809,12.60321044921875,15.0,180.0
-15.643582490054824,-1.2139984145985734,9.78199653686888,12.50331783294678,15.0,180.0
-16.191757544550725,-0.9330365491022894,9.735807719361537,12.40337562561035,15.0,180.0
-16.588387747209698,-0.7129635113281498,9.53271869241959,12.30333137512207,15.0,180.0
-16.875374456127766,-0.6880323905158701,9.2102547432292,12.20345211029053,15.0,180.0
-17.10392989398893,-0.8899478689278641,8.79390169800523,12.1033992767334,15.0,180.0
-17.36011186276161,-1.0982816975895258,8.24874869360311,12.1033992767334,15.0,180.0
-17.753130372775473,-1.021954584660825,7.603285949006925,12.00344467163086,15.0,180.0
-18.293949071522945,-0.6671172153639775,7.130522695120162,11.90345191955566,15.0,180.0
-18.83273171896288,-0.347955898254729,7.120880199493634,11.80340671539307,15.0,180.0
-19.280544703717283,-0.2091018323693392,7.554986179139889,11.70341873168945,15.0,180.0
-19.67423374337877,-0.0772480517644131,8.127184992750863,11.6034049987793,15.0,180.0
-20.024811273700166,0.1794648795846773,8.494816377091118,11.50345706939697,15.0,180.0
-20.46116278449936,0.4101090081371366,8.651080692241631,11.40342998504639,15.0,180.0
-21.100446751020986,0.5731674364111123,8.746108182974732,11.40342998504639,15.0,180.0
-21.77471605390876,0.813831386521378,8.669216419207018,11.30337333679199,15.0,180.0
-22.35010221413976,1.1221503368795789,8.368776177557528,11.20341873168945,15.0,180.0
-22.77442931361267,1.3625848986072349,8.101641213855213,11.10342121124268,15.0,180.0
-22.959913025590232,1.4538629241964711,8.026167169449543,11.00345325469971,15.0,180.0
-23.09005717438741,1.4728241784712337,8.218179259027035,10.90330791473389,15.0,180.0
-23.312223363823865,1.4482743569291774,8.72954518936122,10.80343723297119,15.0,180.0
-23.57933769593632,1.3842605305084996,9.287842258808508,10.7034854888916,15.0,180.0
-24.03219037846761,1.4845586762013276,9.599914227647762,10.7034854888916,15.0,180.0
-24.61640034683371,1.7658040558643333,9.755191824576166,10.60329532623291,15.0,180.0
-25.087117122481622,2.0082414434275675,9.827293150484362,10.50341129302979,15.0,180.0
-25.5037883202286,2.263208591004753,9.703201829745044,10.40327072143555,15.0,180.0
-25.991703564042982,2.603677024174813,9.351970410722188,10.30330276489258,15.0,180.0
-26.520362953598685,2.8158616770691296,8.92345413639756,10.20325565338135,15.0,180.0
-26.961514091119067,2.825822904518809,8.559712941086879,10.10326480865479,15.0,180.0
-27.259557480786683,2.753123379147821,8.256554581235811,10.10326480865479,15.0,180.0
-27.619463256438724,2.668248331813838,8.19413845633342,10.00342082977295,15.0,180.0
-28.18113445518033,2.528414867777768,8.576896853301998,9.903393745422363,15.0,180.0
-28.82980531366728,2.2547414548623017,9.272195076198958,9.803512573242188,15.0,180.0
-29.5307734365168,2.04004233000919,9.89881156477526,9.70348834991455,15.0,180.0
-30.34627131150759,1.950667186894198,10.297769113730617,9.603412628173828,15.0,180.0
-31.187105547374426,1.8720789549141048,10.745476575876411,9.503448486328123,15.0,180.0
-31.803662947568267,1.9047217680228803,11.319547251043376,9.40334415435791,15.0,180.0
-32.08667455417209,2.088957142863275,11.702916241717414,9.40334415435791,15.0,180.0
-32.24972062884595,2.2869086300303394,11.73753158982354,9.303297996520996,15.0,180.0
-32.514647552391175,2.413009445244378,11.688516483926678,9.203330993652344,15.0,180.0
-32.85893083514631,2.598526681224177,11.685240481843037,9.103370666503906,15.0,180.0
-33.12544353834025,2.827936570827524,11.530655778713813,9.003379821777344,15.0,180.0
-33.210321045551275,2.9271736884760307,11.26709028420725,8.903349876403809,15.0,180.0
-33.24601107343914,2.9636817899131565,11.104125031812806,8.80333423614502,15.0,180.0
-33.4720328638423,3.080062108893576,11.159627819878374,8.80333423614502,15.0,180.0
-34.02486396714124,3.3556709512873937,11.471638325078878,8.703367233276367,15.0,180.0
-34.77854945486687,3.722952610124653,11.95127663203842,8.603376388549805,15.0,180.0
-35.53570983420536,4.062481680892932,12.373781043891173,8.50341796875,15.0,180.0
-36.36412833071113,4.364073133038862,12.610480087612988,8.403404235839844,15.0,180.0
-37.18598294731788,4.62390093525418,12.743135822786783,8.3034086227417,15.0,180.0
-37.749628298671766,4.915410189577453,12.741161721529686,8.203461647033691,15.0,180.0
-38.08293618427173,5.203199668195232,12.534929194312191,8.103294372558594,15.0,180.0
-38.384066147013726,5.268154090503362,12.339773115795436,8.103294372558594,15.0,180.0
-38.8581088664428,5.001098102606516,12.321214914689952,8.003434181213379,15.0,180.0
-39.48313044946154,4.564939978339072,12.306089921787937,7.903417110443115,15.0,180.0
-40.170927496760015,4.2888732164630445,12.248894389244152,7.803272247314453,15.0,180.0
-40.96184163365435,4.283967925048345,12.201733600168108,7.703421115875244,15.0,180.0
-41.66215168858065,4.444185096696803,12.014012987130574,7.603296279907227,15.0,180.0
-42.06899012805184,4.71069086938612,11.622815979567465,7.503344058990479,15.0,180.0
-42.184151821891646,5.004811461700172,11.1484142189896,7.403431415557861,15.0,180.0
-42.10223520254925,5.138616685848182,10.77907725433642,7.403431415557861,15.0,180.0
-41.93869753301696,5.2033873034819305,10.688202326974936,7.303369045257568,15.0,180.0
-41.88223865278991,5.5177066135264665,10.924480922968945,7.203451633453369,15.0,180.0
-42.20364293462487,5.905862677839613,11.365881403546414,7.103380680084229,15.0,180.0
-42.73307037185259,6.046805969112047,11.73280758966655,7.003392696380615,15.0,180.0
-43.11793745156439,6.042716912798004,12.043713758245891,6.903449058532715,15.0,180.0
-43.337377819325,6.062633653017787,12.387793209142067,6.803363800048828,15.0,180.0
-43.4556878444248,6.094675673082546,12.526554728344074,6.803363800048828,15.0,180.0
-43.63899524831071,6.067070981751025,12.608218113590311,6.703464508056641,15.0,180.0
-44.12108323787548,6.075183925455872,12.97895113835762,6.603439331054688,15.0,180.0
-44.82973199729723,6.268906005776225,13.555722086705256,6.503437519073486,15.0,180.0
-45.38962178776756,6.572392578255732,14.098026548747011,6.403489112854004,15.0,180.0
-45.71598441752245,6.931050820399168,14.616517012834471,6.303358554840088,15.0,180.0
-46.13846617026779,7.336591133959486,15.170368276099945,6.203328132629395,15.0,180.0
-46.84361235572736,7.714151460038765,15.516754117655251,6.103301525115967,15.0,180.0
-47.669597854813645,7.93511939971813,15.468315633299245,6.103301525115967,15.0,180.0
-48.43621407232576,7.783792767533852,15.20529546384715,6.003374099731445,15.0,180.0
-49.17114788904267,7.353232035679224,14.962685930443593,5.903371334075928,15.0,180.0
-49.90651830258663,6.973160591003142,14.901142860173712,5.803332805633545,15.0,180.0
-50.58026063332173,6.6830135398907125,14.995867339422448,5.703361988067627,15.0,180.0
-51.25140119783735,6.449808214240559,15.034105157833702,5.603275299072266,15.0,180.0
-52.03216463111095,6.51112306614059,15.052038257233994,5.503414154052734,15.0,180.0
-52.77590238893934,6.838855087710299,15.18565165096994,5.503414154052734,15.0,180.0
-53.342404705188,7.146571488298455,15.327955299329076,5.403394222259521,15.0,180.0
-53.87150087756704,7.349528071814316,15.423758726502928,5.303285598754883,15.0,180.0
-54.41775142237657,7.474640635580467,15.413178766475692,5.203392505645752,15.0,180.0
-54.9050223449326,7.683569802556077,15.09828341938262,5.103343486785889,15.0,180.0
-55.424370987755566,8.054756992285283,14.479623616763302,5.003408432006836,15.0,180.0
-56.18211500045504,8.377439910500245,13.73082528108185,4.903452396392822,15.0,180.0
-57.2354440076558,8.446148771804735,13.165169719077271,4.803370952606201,15.0,180.0
-58.29447748671499,8.447405061865819,13.088938182963524,4.803370952606201,15.0,180.0
-58.98841215778348,8.601668332139011,13.323024093271592,4.703425407409668,15.0,180.0
-59.30684733918946,8.808705119911826,13.337654477732222,4.603375434875488,15.0,180.0
-59.44595459182963,9.106011719335031,13.090195881387157,4.503356456756592,15.0,180.0
-59.62454980178336,9.540184447606796,12.995391891511144,4.403555870056152,15.0,180.0
-60.106157208470485,9.79475717848474,13.075958367135083,4.303506851196289,15.0,180.0
-60.82834980256996,9.637005884454435,13.066728284193175,4.203330993652344,15.0,180.0
-61.49830873571579,9.31208469334788,13.075430355551688,4.203330993652344,15.0,180.0
-62.19479367524465,9.048288890905384,13.36437958476962,4.103352069854736,15.0,180.0
-63.0195942581774,8.906922615373436,13.867656053970125,4.003255844116211,15.0,180.0
-63.75130374057939,8.880149323792196,14.337239324767662,3.903388261795044,15.0,180.0
-64.3220795090866,8.757791058961068,14.699953032502656,3.803482532501221,15.0,180.0
-64.79043120015996,8.584850561301181,15.024622534382264,3.70336127281189,15.0,180.0
-65.12304086883071,8.564194810642533,15.350769736984295,3.603363990783691,15.0,180.0
-65.4664098791815,8.730706350124855,15.794452454578863,3.50338077545166,15.0,180.0
-65.90699539674067,9.036284068575185,16.330794733702497,3.50338077545166,15.0,180.0
-66.18455066946274,9.365363793061372,16.766014827652228,3.40337061882019,15.0,180.0
-66.29737982609652,9.726974006766232,17.125302455199176,3.303472995758057,15.0,180.0
-66.52253766278498,10.214904426013264,17.349795792255172,3.203397989273071,15.0,180.0
-66.85301124198422,10.752341934047386,17.36703683122303,3.10329270362854,15.0,180.0
-67.12942327290622,11.145237664733678,17.54200941301221,3.003389596939087,15.0,180.0
-67.39063684183714,11.347932175917212,17.975498357079616,2.903391599655151,15.0,180.0
-67.73507805052249,11.417809612383923,18.336006934434664,2.803372621536255,15.0,180.0
-68.25936263510926,11.40904420147512,18.488383540957173,2.803372621536255,15.0,180.0
-68.99674001770396,11.469731697817808,18.582048031885616,2.703481197357178,15.0,180.0
-69.75747897568229,11.775339027383309,18.735031823875754,2.60339617729187,15.0,180.0
-70.32363012483103,12.322317847634343,18.842170857643705,2.503353357315063,15.0,180.0
-70.69187019471458,12.836077813884796,18.87006433077573,2.403267621994019,15.0,180.0
-71.17502107856693,13.191457304432864,18.87917030970324,2.303290367126465,15.0,180.0
-71.8428379039716,13.53251333282806,18.82619336247264,2.203435659408569,15.0,180.0
-72.4373737303707,13.90000098146518,18.58518248132372,2.203435659408569,15.0,180.0
-72.86642646758597,14.2151119513214,18.164003119300908,2.103401660919189,15.0,180.0
-73.1331290515725,14.465051073752342,17.806984647868298,2.003398180007935,15.0,180.0
-73.31589438332965,14.640633468313888,17.66306713008636,1.903479099273682,15.0,180.0
-73.5152093661726,14.653874898240552,17.622574610613405,1.803441524505615,15.0,180.0
-73.75172762649464,14.54301394357894,17.50986467973149,1.70350193977356,15.0,180.0
-74.08039177045754,14.33377173496069,17.37118064694291,1.603396773338318,15.0,180.0
-74.62652968988418,14.113243548546542,17.42838731774233,1.503393292427063,15.0,180.0
-75.39478319744336,14.079422734004796,17.69392535885943,1.503393292427063,15.0,180.0
-76.0658673562306,14.062079185289017,18.0993835899024,1.403411030769348,15.0,180.0
-76.47364699300437,13.85189897312613,18.488600748493315,1.303416728973389,15.0,180.0
-76.84302019709399,13.61735186101543,18.65284618116512,1.203432083129883,15.0,180.0
-77.24221153766669,13.473519940455322,18.717189782556275,1.103329420089722,15.0,180.0
-77.65076389588157,13.452960152048515,18.89847751147185,1.003426790237427,15.0,180.0
-78.13062788845295,13.712695749902084,19.22163392659004,0.9033337831497192,15.0,180.0
-78.67962704948505,14.19355955509694,19.70042039235804,0.9033337831497192,15.0,180.0
-79.35346339745924,14.573486114405313,20.28789546329223,0.8033660054206848,15.0,180.0
-80.22040680274674,14.662824482531343,20.795290753523965,0.7034194469451904,15.0,180.0
-81.07280128844938,14.650036036651482,21.204002980371623,0.6033170223236084,15.0,180.0
-81.70150349100689,14.7438368727674,21.663717993640446,0.5034336447715759,15.0,180.0
-82.32295258344122,14.878495165859436,22.02369619592121,0.4032357037067413,15.0,180.0
-83.0509813492556,15.094249458042324,22.072208491404545,0.3032451570034027,15.0,180.0
-83.74532736326626,15.419140883930226,22.04992175277865,0.2040024399757385,15.0,180.0
-84.43546305221908,15.759800892207688,22.19035830610376,0.2040024399757385,15.0,180.0
-85.1300441840929,16.197599322106303,22.463343604977148,0.1160696893930435,15.0,180.0
-85.81778248793754,16.732027997615667,22.62289072309073,0.0558440499007701,15.0,180.0
-86.4866780953612,17.107497078613587,22.615277199903133,0.0253405943512916,15.0,180.0
-87.00058422182268,17.205165396939382,22.67548224585456,0.0125417364761233,15.0,180.0
-87.28918736688034,17.224480295054832,22.790682013224227,0.0062781446613371,15.0,180.0
-87.48351320667022,17.28568606143187,22.95359223196932,0.0034297390375286,15.0,180.0
-87.74580062758123,17.25861090300339,23.365442262944725,0.0018703603418543,15.0,180.0
-88.08215227579822,17.1773292238267,23.997921487837075,0.0018703603418543,15.0,180.0
-88.38389156125305,17.192670341685364,24.539397388024675,0.0009557562880218,15.0,180.0
-88.58975658206873,17.241122627291908,24.94915443459276,0.0004927410045638,15.0,180.0
-88.86306049584537,17.242137957832522,25.30050700655229,0.0002449917956255,15.0,180.0
-89.35352324326165,17.222420301302332,25.482628987091736,0.0001053038577083,15.0,180.0
-90.01884517240333,17.18620780243504,25.44401437259181,3.164059671689756e-05,15.0,180.0
-90.81396482933152,16.99347498607731,25.161820101174243,-1.286791848542634e-05,15.0,180.0
-91.5617435585064,16.64119089561792,24.86873486399379,-1.286791848542634e-05,15.0,180.0
-92.2126566616586,16.30375523546515,24.821806359694698,-2.663408486114349e-05,15.0,180.0
-93.10971331228578,16.10613356548796,24.920943327864016,-4.505164179136045e-05,15.0,180.0
-94.13945736693212,16.065160149497874,25.05531298876766,-4.978659126209095e-05,15.0,180.0
-94.9013182781084,16.019937465828743,25.14309246057457,-5.565653191297315e-05,15.0,180.0
-95.39802427948833,15.992473170298323,25.17414534935176,-5.601861630566418e-05,15.0,180.0
-95.65901641069571,16.149157509092,25.259926780442704,-5.257185330265202e-05,15.0,180.0
-95.7408706893515,16.542534518095593,25.339158971793665,-5.395055995904841e-05,15.0,180.0
-95.77374454323088,17.086043916621804,25.426288063180976,-5.395055995904841e-05,15.0,180.0
-95.81153420592736,17.575849082770215,25.612940756997013,-4.525357144302689e-05,15.0,180.0
-95.90860728138028,18.006402433457687,25.797064072731978,-4.45363693870604e-05,15.0,180.0
-96.10491397449243,18.478217052763984,26.08005206548421,-4.246134631102905e-05,15.0,180.0
-96.34853196865636,18.92280969334158,26.52233400927574,-3.617361289798282e-05,15.0,180.0
-96.55154342041544,19.238391231170795,26.945759061820908,-3.492024552542716e-05,15.0,180.0
-96.8459909560155,19.41201333593576,27.221195380493786,-3.329782703076489e-05,15.0,180.0
-97.3731125530786,19.56918990601356,27.433754155978463,-3.329782703076489e-05,15.0,180.0
-98.12443074838036,19.8337716447732,27.66219948036041,-2.947505345218815e-05,15.0,180.0
-99.08349369697964,20.1570966469831,27.80864537433737,-2.902941196225584e-05,15.0,180.0
-100.00013663514665,20.44294778328773,27.9451755241964,-2.784567550406791e-05,15.0,180.0
-100.7319319943808,20.660075818228304,28.01554884932949,-2.824257535394281e-05,15.0,180.0
-101.51501965629468,20.7855748515005,27.82952845897747,-2.193395266658626e-05,15.0,180.0
-102.36660649562424,20.81275800032971,27.55297076291909,-2.248404234705959e-05,15.0,180.0
-103.15799922247064,20.76321488951321,27.36805944864799,-2.036724072240759e-05,15.0,180.0
-103.9886738268225,20.73991575700196,27.186112970929003,-2.036724072240759e-05,15.0,180.0
-104.91111391411204,20.794998350399347,26.94420536687121,-1.586207690706942e-05,15.0,180.0
-105.84443375923588,20.83571725164477,26.67521194961175,-1.604311910341494e-05,15.0,180.0
-106.64770548129636,20.892644924650025,26.56205146239018,-1.258242900803452e-05,15.0,180.0
-107.20760278806718,20.944509435366587,26.777885549712813,-1.296540267503588e-05,15.0,180.0
-107.53901335904006,20.93132764864457,27.14708933148753,-1.40446927616722e-05,15.0,180.0
-107.72542731119698,20.99535353849298,27.53495957111864,-1.197663368657231e-05,15.0,180.0
-107.93754117983124,21.24078648725498,28.012376937428257,-1.197663368657231e-05,15.0,180.0
-108.38935729676034,21.60168209272656,28.506463059935754,-1.327178142673802e-05,15.0,180.0
-108.9625306916862,22.01609404157292,28.86962251491108,-9.818054422794376e-06,15.0,180.0
-109.37777351585528,22.51149659092702,29.119295804821512,-8.06333810032811e-06,15.0,180.0
-109.66577923878472,23.062412434164088,29.36332714139086,-9.37241202336736e-06,15.0,180.0
-109.90549632655242,23.61076081416292,29.556203006851,-9.038180905918123e-06,15.0,180.0
-109.9978239804211,24.0574545157748,29.672707796573384,-6.615001439058688e-06,15.0,180.0
-110.052851092741,24.298242805741445,29.78177190084733,-5.716753548767883e-06,15.0,180.0
-110.43151320562995,24.401629749419257,29.951567904761315,-5.716753548767883e-06,15.0,180.0
-111.21160300735625,24.42480488561775,30.23092109648857,-8.752691428526305e-06,15.0,180.0
-112.13450180271174,24.38630720082206,30.57784195038571,-4.832432750845328e-06,15.0,180.0
-112.93559180021153,24.379934203161724,31.03353709859817,-4.902064119960414e-06,15.0,180.0
-113.58239458787092,24.370305889417885,31.548319258270364,-7.36005949875107e-06,15.0,180.0
-114.07777284952256,24.230038959032765,32.05298767137757,-5.36859579369775e-06,15.0,180.0
-114.38892085188634,23.9102399846306,32.60463162835944,-4.992585218133172e-06,15.0,180.0
-114.6172086845234,23.509419693380984,33.03589685501383,-4.644427463063039e-06,15.0,180.0
-114.8046951403598,23.21976733842847,33.24367326098323,-4.644427463063039e-06,15.0,180.0
-115.12170633624962,23.099533338280768,33.2805521277068,-4.289306161808781e-06,15.0,180.0
-115.76178516498469,23.152747330034067,33.130956883770665,-5.36859579369775e-06,15.0,180.0
-116.45193544342132,23.31689273749747,32.88781745976228,-5.556601081480039e-06,15.0,180.0
-117.00566393911228,23.645033406430777,32.71101366940223,-6.204174951562891e-06,15.0,180.0
-117.58936736906377,24.25005162324974,32.56339727659784,-5.062216587248258e-06,15.0,180.0
-118.18909751567844,24.83986158012128,32.308900530049364,-4.087374691152945e-06,15.0,180.0
-118.72119434632263,25.2125066682246,32.10623312394361,-4.087374691152945e-06,15.0,180.0
-119.27848582204342,25.554089914021148,32.093859134161406,-6.566259344253922e-06,15.0,180.0
-119.90538309811504,25.83368184389886,32.225713934251225,-4.184858880762476e-06,15.0,180.0
-120.59217310424792,25.95298309538358,32.52119505168017,-2.116800260409946e-06,15.0,180.0
-121.45737670408091,26.06234617049443,32.914336625120384,-1.880052877822891e-07,15.0,180.0
-122.60691800612037,26.229631444831305,33.34901202506987,-2.48584774453775e-06,15.0,180.0
-123.89016915722046,26.49797691346312,33.87512857799629,-3.77403239326668e-06,15.0,180.0
-124.99680137514264,26.82903534640553,34.29716978541864,-2.416216148048989e-06,15.0,180.0
-125.83291012327128,27.190776381784858,34.46004337141418,-2.416216148048989e-06,15.0,180.0
-126.491175208828,27.696852703644247,34.56446906234656,-4.714058832178125e-06,15.0,180.0
-126.8324178125596,28.29212626139384,34.72887358836648,-8.495053407386877e-07,15.0,180.0
-126.6752749597417,28.787850072386814,34.924941369307994,-6.796043635404203e-06,15.0,180.0
-126.2668124954526,29.036159127509872,35.25485860496922,-3.920258677680977e-06,15.0,180.0
-126.05280201207086,29.11886904087333,35.85976276842163,-2.471921561664203e-06,15.0,180.0
-126.20321296076676,29.141831762681605,36.50109322596581,-3.488542688501184e-06,15.0,180.0
-126.70064939618553,28.96041700773244,36.9184896747547,-3.488542688501184e-06,15.0,180.0
-127.47100641648848,28.755683504522416,37.134565279096,-1.866126694949344e-06,15.0,180.0
-128.27414345739575,28.95078161058859,36.97337885159213,-2.179468765461934e-06,15.0,180.0
-129.0259743750263,29.398045220977075,36.45011112666836,-1.671158088356606e-06,15.0,180.0
-129.80017393576605,29.63910855491257,36.07815841038148,-3.042900516447844e-06,15.0,180.0
-130.4994873773699,29.673521559821,35.95328470128106,-3.335353312650113e-06,15.0,180.0
-131.07000307592813,29.8568501775958,35.81420519014269,-1.218552824866492e-06,15.0,180.0
-131.59757053999095,30.111509678425243,35.65282924509158,-2.054131982731633e-06,15.0,180.0
-132.06182107824915,30.12265002580944,35.458808906830086,-2.054131982731633e-06,15.0,180.0
-132.4155972442249,30.13142801369019,35.269422650293315,-4.247526703693438e-07,15.0,180.0
-132.7533499446328,30.45005258849751,35.19879794163627,-2.130726670657168e-06,15.0,180.0
-133.11695362075665,30.85158405925282,35.373028487067664,-2.799190042424016e-06,15.0,180.0
-133.53048481435852,31.035951399640936,35.84103448143208,1.246405645360937e-06,15.0,180.0
-134.0739478118491,30.976555688671567,36.324859649028944,-5.124885319673922e-06,15.0,180.0
-134.62652052595817,30.75462112325289,36.62452444497648,-2.492811063348199e-06,15.0,180.0
-135.00715283112513,30.608126904202194,36.77610622201697,-2.17250567402516e-06,15.0,180.0
-135.20076073018765,30.62986993384668,36.72435052640439,-2.17250567402516e-06,15.0,180.0
-135.24466555803076,30.5527424862401,36.54627169323716,-4.129153239773586e-06,15.0,180.0
-135.2425426181241,30.282997288569423,36.50984566285898,-3.725290298461914e-06,15.0,180.0
-135.24246457901933,30.013019786137207,36.7445410685565,-3.210016302546137e-06,15.0,180.0
-135.29267597647436,29.853680879831675,37.33076479455147,-3.53728478330595e-06,15.0,180.0
-135.4973850451043,29.70292053339001,37.97694320879272,-1.490116119384766e-06,15.0,180.0
-135.70133769605218,29.6632447266668,38.14290293995237,-1.295147512792028e-06,15.0,180.0
-135.8815797546335,29.950207281653057,37.85116439693896,-1.295147512792028e-06,15.0,180.0
-136.24699664114357,30.435429836999266,37.56189468289862,-2.088947894662851e-07,15.0,180.0
-136.6788065964977,30.949405186946795,37.55725522408149,-2.242137270513922e-06,15.0,180.0
-137.0241462350725,31.335703086592783,37.74068112888276,8.425424766755896e-07,15.0,180.0
-137.44733207189265,31.39445492989799,37.95817062143847,9.81805669653113e-07,15.0,180.0
-138.0288265161221,31.086279559035408,38.13553783034981,-1.037510628520977e-06,15.0,180.0
-138.7733511037459,30.68109373094528,38.245468708290886,-1.121068635256961e-06,15.0,180.0
-139.7020313037333,30.377911792209243,38.30476680453572,-1.107142225009738e-06,15.0,180.0
-140.5489636169568,30.07027744857161,38.22326616682105,-1.107142225009738e-06,15.0,180.0
-141.08070784114588,29.814244608784897,37.94752097788318,-8.843212526699062e-07,15.0,180.0
-141.29682760767918,29.640506443262503,37.65912500886336,-4.254490249877563e-06,15.0,180.0
-141.18539594510202,29.53711950334823,37.48745962508044,-2.764374130492797e-06,15.0,180.0
-140.90513030655347,29.601080898644128,37.52273988942368,-4.679242920246907e-06,15.0,180.0
-140.8115821301601,29.83421490884732,37.69779347934932,-5.048290404374711e-06,15.0,180.0
-140.90223366181905,30.133171487589067,37.781287429353725,-3.760105755645782e-07,15.0,180.0
-140.90791296671063,30.3808593049718,37.86367333679441,-3.760105755645782e-07,15.0,180.0
-140.9582614305171,30.66890376549404,38.111672199843554,-1.246405417987262e-06,15.0,180.0
-141.23831598511208,30.960581301119387,38.35220478738771,1.288184648728929e-06,15.0,180.0
-141.62012078536998,31.076930887658285,38.33503862174759,-1.107142225009738e-06,15.0,180.0
-141.97575858301593,31.23890723509662,38.14043673700129,-2.346584551560227e-06,15.0,180.0
-142.2663065241644,31.52946188163631,38.08539662768752,-2.555479341026512e-06,15.0,180.0
-142.5684676027232,31.75931147254434,38.16995221919609,-3.098605930063059e-06,15.0,180.0
-143.01100684577924,31.89601038854019,38.10264087556442,-1.657231905483059e-06,15.0,180.0
-143.42869874006243,31.907897630516963,38.00955767486711,-1.657231905483059e-06,15.0,180.0
-143.6130342999439,31.944242007769567,38.141507211325774,-1.20462641461927e-06,15.0,180.0
-143.67314977804455,32.08547233494544,38.54280320729761,-3.133421614620602e-06,15.0,180.0
-143.57320879686029,32.137393362291704,39.13212752508673,-3.22394271279336e-06,15.0,180.0
-143.38087818374544,32.16161744829777,39.56701257354985,-9.88768533716211e-07,15.0,180.0
-143.51096233656477,32.18639971537661,39.642189549870814,-3.342316404086887e-06,15.0,180.0
-144.00332243597043,31.954851388507805,39.498062428167934,-2.061095074168406e-06,15.0,180.0
-144.51671034227064,31.6018313015206,39.45662041248577,-2.061095074168406e-06,15.0,180.0
-144.8545576888609,31.5147628627062,39.51917037399986,-1.75471609509259e-06,15.0,180.0
-145.04700928501595,31.75138838415248,39.290077919494514,-1.225515916303266e-06,15.0,180.0
-145.1400686362527,32.01503519990504,38.80263549071543,-2.736521537372028e-06,15.0,180.0
-145.1187531756732,31.97100553088758,38.57334657590356,-2.276952955071465e-06,15.0,180.0
-145.10929207335786,31.74246984732914,38.83917256889298,-2.123763579220395e-06,15.0,180.0
-145.20851669819962,31.6478800528874,39.27586369750768,-2.395326646364992e-06,15.0,180.0
-145.2899159228126,31.7034379780136,39.60185290550154,-3.189127028235816e-06,15.0,180.0
-145.25570064464583,31.78769596519892,39.88089068073443,-3.189127028235816e-06,15.0,180.0
-145.22046646157835,31.833019395498795,40.04466529708992,-1.942721382874879e-06,15.0,180.0
-145.2859375750548,31.900250237001075,39.91137817754388,-4.247526703693438e-07,15.0,180.0
-145.3704326807151,32.14410025064844,39.60029313040875,-4.860285116592422e-06,15.0,180.0
-145.56221144222874,32.45189028611266,39.41644435544939,-1.538858214189531e-06,15.0,180.0
-145.88647009422502,32.67663864026545,39.52490429489247,-1.002694943963434e-06,15.0,180.0
-146.13218337504617,32.96854483054795,39.738256424506496,-1.427447614332777e-06,15.0,180.0
-146.28917025408305,33.31141957168414,39.80326015927418,1.385668838338461e-06,15.0,180.0
-146.43248119770598,33.45993969730929,39.910050591342,1.385668838338461e-06,15.0,180.0
-146.5389889646478,33.2714011984336,40.25296622620611,-6.2668414102518e-07,15.0,180.0
-146.70658964429893,32.803369502350776,40.71911841991159,-1.169810730061727e-06,15.0,180.0
-146.95017986292095,32.380596643350614,41.28442545548205,6.127581855253084e-07,15.0,180.0
-147.00199659965887,32.291648238502944,41.909329878704,-6.2668414102518e-07,15.0,180.0
-146.93393864116626,32.41058362928252,42.38202818350866,2.715632945182733e-07,15.0,180.0
-147.04259125454962,32.54074683583976,42.60267655159003,-3.620841653173557e-07,15.0,180.0
-147.2603672358448,32.690314380290296,42.57332308887305,-3.620841653173557e-07,15.0,180.0
-147.3778639567033,32.8490402820933,42.19440570409501,6.266850505198819e-08,15.0,180.0
-147.38433115785085,32.885368585728976,41.458421464309566,2.367476099607302e-07,15.0,180.0
-147.410567067895,32.67576402653832,40.85658730884936,-1.072326540452195e-06,15.0,180.0
-147.49256428440052,32.3774474941014,40.81724581362984,-1.511005393695086e-06,15.0,180.0
-147.65152976090474,32.28128241681348,41.23978534487672,-1.608489810678293e-06,15.0,180.0
-147.82727151926582,32.4540574276375,42.07015718260608,-2.464958242853754e-06,15.0,180.0
-147.9306954341169,32.76559180655676,43.040789739135946,-3.279647899034899e-06,15.0,180.0
-147.79407976159106,33.008019384037,43.4908266183825,-3.279647899034899e-06,15.0,180.0
-147.46227230547146,33.12946423127257,43.29256897557634,-2.061095074168406e-06,15.0,180.0
-147.33726228318238,33.16769717022826,42.96591689295876,-1.037510628520977e-06,15.0,180.0
-147.4395292247965,32.94838144689778,42.83956793837683,-2.785263632176793e-06,15.0,180.0
-147.6902073389997,32.44435454368809,42.77859823638872,-2.346584551560227e-06,15.0,180.0
-148.11957351072985,32.017339632725125,42.6546654840311,-3.899367584381253e-07,15.0,180.0
-148.66384523327037,31.853479346364807,42.740484876755794,-1.260331828234484e-06,15.0,180.0
-149.18930534670494,31.81913850964004,43.10073875710549,-1.260331828234484e-06,15.0,180.0
-149.4788186744131,31.94651525406648,43.31849946411309,-6.406105512724025e-07,15.0,180.0
-149.49512931629488,32.23317910620365,43.16616883547148,3.551213012542576e-07,15.0,180.0
-149.5400707840168,32.47885901399115,42.78623712141879,-1.789531779650133e-06,15.0,180.0
-149.81647130981418,32.66248089754431,42.45101514389144,1.148921455751406e-06,15.0,180.0
-150.17359921240163,32.82800288353895,42.15721181957292,-7.589842425659299e-07,15.0,180.0
-150.57067913288913,33.1194040164092,41.676529538141736,-8.425422493019141e-07,15.0,180.0
-150.97092611289318,33.65260617895326,40.96552483487618,-7.241685580083868e-07,15.0,180.0
-151.23598203022962,34.14011656665436,40.21215508382481,-7.241685580083868e-07,15.0,180.0
-151.33604374790602,34.381495415099515,39.67648614605852,-3.481579824438086e-07,15.0,180.0
-151.2551890169424,34.507965908293315,39.385889572088736,-3.063789790758165e-07,15.0,180.0
-151.1527378153678,34.6900829894359,39.21419343754329,1.044475084199803e-07,15.0,180.0
-151.1959795010361,35.07344761866898,39.19998645618464,-2.75044794761925e-06,15.0,180.0
-151.2205512573615,35.548937941607626,39.270409771807046,-1.183736912935274e-06,15.0,180.0
-151.15183819082296,35.81300401212592,39.36112818276726,1.949686065927381e-07,15.0,180.0
-151.20115819651323,35.79540385470936,39.63901511051437,5.640160907205427e-07,15.0,180.0
-151.35742766892804,35.62156433612144,39.88238975285104,5.640160907205427e-07,15.0,180.0
-151.3758584568624,35.29929471813524,39.94247195611534,3.969000772485742e-07,15.0,180.0
-151.27273176408582,34.78068671531948,40.08487008928245,-6.33647459835629e-07,15.0,180.0
-151.12333125829537,34.232290384983884,40.277919744783546,-8.843212526699062e-07,15.0,180.0
-150.88619651902283,33.909312145134336,40.469590158979386,4.177900336799213e-08,15.0,180.0
-150.74524705158515,33.79430206758351,40.65862841630623,-8.355789304914651e-07,15.0,180.0
-150.83295022514812,33.79910299923522,40.843505918247466,-2.457995151416981e-06,15.0,180.0
-150.9890427826059,33.959669943948825,41.14958206574563,-2.457995151416981e-06,15.0,180.0
-151.13141715546027,34.1443180985472,41.61257253507704,-6.057948667148594e-07,15.0,180.0
-151.2783984838327,34.35619282234122,42.182150551792674,9.748441698320677e-08,15.0,180.0
-151.4283672256559,34.67247417398068,42.61501783528994,-2.165542582588387e-06,15.0,180.0
-151.72256268175977,34.86511291598023,42.80686175690093,-1.75471609509259e-06,15.0,180.0
-152.23524522775477,34.7750670746813,42.80730055180032,1.399595248585683e-06,15.0,180.0
-152.75710476174572,34.34719221175824,42.62117788748648,-2.506735654606018e-07,15.0,180.0
-153.00841988776466,33.70616445079745,42.336369134624576,-1.392618287354708e-08,15.0,180.0
-152.96734240048443,33.250535601710354,42.03078794037177,-1.392618287354708e-08,15.0,180.0
-152.96954847322965,33.15309311710966,41.8057062120982,-6.406105512724025e-07,15.0,180.0
-153.22262932358146,33.29679961048371,41.61772082735236,-6.54536961519625e-07,15.0,180.0
-153.5622022898143,33.53799813085366,41.47808576799319,-3.049863835258293e-06,15.0,180.0
-153.87330887407387,33.82433721242404,41.530237669992985,-9.400264389114454e-07,15.0,180.0
-154.18067723223334,34.087637717886345,41.758696261161575,-1.114105316446512e-06,15.0,180.0
-154.35583808506516,34.33887228806833,42.06389413037207,-9.052087079908233e-08,15.0,180.0
-154.25695201721814,34.63871540189045,42.27760047023697,-9.052087079908233e-08,15.0,180.0
-154.16266609326505,34.86939648657079,42.22234834691832,1.44137402458e-06,15.0,180.0
-154.37242293219578,35.14042717016737,41.89724854330308,-1.538858214189531e-06,15.0,180.0
-154.66627066923132,35.52463712137923,41.528827055770286,-5.083104497316526e-07,15.0,180.0
-154.80214118302956,35.790511093364096,41.313767377873546,3.551213012542576e-07,15.0,180.0
-154.8479313655421,35.91867198392107,41.23503437747424,-1.058400130204973e-06,15.0,180.0
-154.82167394614217,35.977701748462735,41.13654735116979,-1.350852926407242e-06,15.0,180.0
-154.846137228756,35.957904458497765,40.885686826143306,-3.899367584381253e-07,15.0,180.0
-154.9676811530547,35.87218290015343,40.640021346846815,-3.899367584381253e-07,15.0,180.0
-154.87573992513018,35.624929038125835,40.71041435465074,-7.102421477611642e-07,15.0,180.0
-154.61504275180238,35.33850266802682,41.108561942552015,-2.290879365318688e-06,15.0,180.0
-154.4577135056265,35.18223177137295,41.7009536381781,-3.495506007311633e-06,15.0,180.0
-154.5742200858243,35.02281114123574,42.19540991848813,-1.107142225009738e-06,15.0,180.0
-154.8570402499034,35.0830990624586,42.18801117185431,-5.918684564676369e-07,15.0,180.0
-154.9403759825222,35.567357287777824,41.93720311074804,1.796495325834258e-06,15.0,180.0
-154.94754662427653,36.06053635459472,41.880585407912605,1.796495325834258e-06,15.0,180.0
-155.2182316054787,36.2401461585656,41.99152017938322,-2.137689762093942e-06,15.0,180.0
-155.7112250424307,36.23078419668765,42.10747244554314,-6.823895546403946e-07,15.0,180.0
-156.2854727354968,36.18891114938816,42.04093892887119,-1.246405417987262e-06,15.0,180.0
-156.85900129250828,36.165845988603024,41.76424991805785,-1.490116119384766e-06,15.0,180.0
-157.23768541739906,36.13331153989182,41.355852093457344,-2.06805816560518e-06,15.0,180.0
-157.38086536767565,36.03151033594849,41.059145829569786,-8.982474355434533e-07,15.0,180.0
-157.40743240628888,35.94643273741261,41.00146543655872,-2.381400463491445e-06,15.0,180.0
-157.34299587819356,35.88426283226701,40.97774669620234,-2.381400463491445e-06,15.0,180.0
-157.23450521541355,35.79237288165929,41.01551162652493,-2.019314706558362e-07,15.0,180.0
-157.0429443274743,35.79846697524569,41.09754433782497,-1.942721382874879e-06,15.0,180.0
-156.80236435077822,35.87715336569292,41.13469150445636,-7.659473340027034e-07,15.0,180.0
-156.69461521116477,35.918682122107825,41.31336268666526,3.829738943750272e-07,15.0,180.0
-156.67045058705628,36.02344147029599,41.63051884086784,-1.636342403799063e-06,15.0,180.0
-156.72975425472148,36.17596115697758,41.816975116637785,-3.19609011967259e-06,15.0,180.0
-157.13542238827333,36.28409421371295,41.76860212654559,3.899369858118007e-07,15.0,180.0
-157.88985921961023,36.36324853294352,41.58675327053942,3.899369858118007e-07,15.0,180.0
-158.6639213591865,36.32404646557416,41.30838530586085,-1.20462641461927e-06,15.0,180.0
-159.2831856755325,36.03461050658345,40.93524846088663,-1.685084498603828e-06,15.0,180.0
-159.8122156227398,35.592457596778885,40.71416229111891,-1.483152800574317e-06,15.0,180.0
-160.2351375350782,35.242663348851245,40.80541353518532,-1.295147512792028e-06,15.0,180.0
-160.35218559680027,35.00534235551092,40.99335563513374,1.086252950699418e-06,15.0,180.0
-160.11604858651646,34.657305653103364,41.148472112486765,-2.374437372054672e-06,15.0,180.0
-159.88173500154136,34.17808550693724,41.29070758534211,-2.374437372054672e-06,15.0,180.0
-159.89235683941894,33.798798803701445,41.36230666606279,1.058400357578648e-06,15.0,180.0
-159.91659728348955,33.628219855954,41.37477166103126,1.107142452383414e-06,15.0,180.0
-159.68373043280857,33.612821492692945,41.48641309409738,-4.80457856610883e-07,15.0,180.0
-159.32485268536985,33.66378832777134,41.7127498981087,-1.20462641461927e-06,15.0,180.0
-159.2129494645036,33.72954459388265,41.82621992942056,-2.367473825870547e-07,15.0,180.0
-159.43012085707258,33.78036811365031,41.91889610643289,-2.645999757078243e-07,15.0,180.0
-159.72493296944586,33.85632042528384,42.284452589065125,6.057948667148594e-07,15.0,180.0
-160.0065216964552,34.0814717608,42.76026060100044,6.057948667148594e-07,15.0,180.0
-160.26413245830133,34.431961213791965,43.16933415385122,-2.353547870370676e-06,15.0,180.0
-160.33177083109078,34.69284897676994,43.68443733038584,1.57367412612075e-06,15.0,180.0
-160.2483254933784,34.77256219246281,44.13252461646732,-1.323000105912797e-06,15.0,180.0
-160.24111864848894,34.92792610902301,44.18100049680498,-2.555479341026512e-06,15.0,180.0
-160.35159609575223,35.33171644230892,43.99169890263162,5.709791821573162e-07,15.0,180.0
-160.48024809152326,35.7845181131529,43.778857235100986,-2.256063453387469e-06,15.0,180.0
-160.62102566440055,36.122405367123406,43.52515593428333,-2.256063453387469e-06,15.0,180.0
-160.65702205711415,36.37356467961263,43.23460786402713,-1.385668610964785e-06,15.0,180.0
-160.49128053300046,36.587984526499255,42.983890155136,2.924527962022694e-07,15.0,180.0
-160.22035556463885,36.72027070398031,42.72636735079973,4.177900336799213e-08,15.0,180.0
-159.93015482868867,36.77785043661862,42.4910976182904,-2.019314706558362e-07,15.0,180.0
-159.78608511600464,36.91339012271186,42.5385443012029,-7.102421477611642e-07,15.0,180.0
-159.79509529039953,37.06332839068396,43.00488592409692,-6.406105512724025e-07,15.0,180.0
-159.87767501077315,37.08406293122152,43.63564829190541,1.399595248585683e-06,15.0,180.0
-160.06354597344338,37.11433135582864,44.21838905494718,1.399595248585683e-06,15.0,180.0
-160.2298376871742,37.11048547642279,44.8159118839638,-1.511005393695086e-06,15.0,180.0
-160.39426078870062,36.89301722575382,45.314254748580005,-3.481568455754314e-08,15.0,180.0
-160.6557802582528,36.678471333050375,45.56397996539697,-1.866126694949344e-06,15.0,180.0
-160.89903152874157,36.68367783591981,45.54335069510989,-1.392631702401559e-06,15.0,180.0
-160.9863963418537,36.85223851064522,45.15243048445343,1.476189936511219e-06,15.0,180.0
-160.89690753588238,37.0932903176594,44.4831055900887,-2.492811063348199e-06,15.0,180.0
-160.8463599728303,37.36401214511397,43.87927747523716,-1.531893758510705e-07,15.0,180.0
-160.83035483058535,37.67549235634283,43.43680487917429,-1.531893758510705e-07,15.0,180.0
-160.5831143484831,37.95125079551025,43.11502407488727,2.158581082767341e-07,15.0,180.0
-160.3553313246596,38.009341485464994,42.96182085536118,8.564686595491366e-07,15.0,180.0
-160.4811032023519,37.71715852807807,42.965677689486434,-4.247526703693438e-07,15.0,180.0
-160.72919672618195,37.26325693457079,43.029048830144575,-7.79873744249926e-07,15.0,180.0
-160.88067207743103,36.93191513977016,43.03491511219036,-1.740788775350666e-07,15.0,180.0
-161.03273998532296,36.66327028305642,43.0132294462404,5.222370873525506e-07,15.0,180.0
-161.18077580111452,36.413957536720176,43.11847351357041,5.222370873525506e-07,15.0,180.0
-161.22803856723507,36.2444063913825,43.36513546210581,-5.57051862415392e-08,15.0,180.0
-161.2712936565151,36.14159633611217,43.70556149543624,-1.949684474311653e-06,15.0,180.0
-161.45778855404444,36.06867113830014,44.17793212909962,1.204626641992945e-06,15.0,180.0
-161.7760209449107,36.09363309093308,44.50269482728696,-1.190700231745723e-06,15.0,180.0
-162.05457884336514,36.38601453964985,44.43632909994473,8.146896561811445e-07,15.0,180.0
-162.26060467479428,36.78581360260445,44.28152632771962,-2.938453235401539e-06,15.0,180.0
-162.54740919296677,37.00125449251925,44.0264862823207,-1.392631929775234e-07,15.0,180.0
-162.92362575922755,37.15993598321337,43.471045167515975,-1.392631929775234e-07,15.0,180.0
-163.35593509734323,37.44483675909275,43.0722538655621,-1.211589733429719e-06,15.0,180.0
-163.8064472015783,37.68497780651002,43.25202069325483,-5.083104497316526e-07,15.0,180.0
-164.11684090799326,37.71504273765838,43.82852842057046,-1.065363221641746e-06,15.0,180.0
-164.19610822053613,37.64390024780358,44.45624519499034,1.524932031315984e-06,15.0,180.0
-164.17434440646633,37.661873180958366,44.896645940068176,6.266850505198819e-08,15.0,180.0
-164.11030311601397,37.784922957947096,45.07055149670032,-9.818054422794376e-07,15.0,180.0
-163.91583731516448,37.876629882864215,45.05014456637602,-9.818054422794376e-07,15.0,180.0
-163.71368654210087,37.84833139234901,44.88800312078958,1.782568915587035e-06,15.0,180.0
-163.62577382293443,37.76222155970015,44.72425634197184,1.483153027947992e-06,15.0,180.0
-163.57160568647157,37.64409921948301,44.77525086512718,-1.601526491867844e-06,15.0,180.0
-163.49442058587928,37.282260803036536,44.897021585508654,-1.524931803942309e-06,15.0,180.0
-163.35546542318335,36.68486864013958,44.876337955615895,1.782568915587035e-06,15.0,180.0
-163.2013859464808,36.18262838254015,44.94393811529649,1.671158315730281e-06,15.0,180.0
-163.19948654641863,35.96304947198956,45.263060095144496,1.253368736797711e-06,15.0,180.0
-163.31848108924558,36.10972343809736,45.58941170786643,1.253368736797711e-06,15.0,180.0
-163.40682164738217,36.54964024045496,45.806736134395294,2.088947894662851e-07,15.0,180.0
-163.48298017361054,37.12730977644378,46.042407075280536,9.052107543539024e-07,15.0,180.0
-163.6354567860738,37.72149367263919,46.3237822630769,-4.177893515588949e-07,15.0,180.0
-163.77706783279277,38.16168219339686,46.606425562924606,6.127581855253084e-07,15.0,180.0
-163.66671107120172,38.5062783717986,46.82055337746888,-1.699010908851051e-06,15.0,180.0
-163.4248820955533,38.85496374990169,46.83853444847679,8.07726564744371e-07,15.0,180.0
-163.47452640360893,39.16522641710748,46.742119545398616,-6.197210495884065e-07,15.0,180.0
-163.75866694530362,39.39067028785122,46.70336684634347,-6.197210495884065e-07,15.0,180.0
-164.08096348359194,39.39485329010328,46.64550124112096,-5.918684564676369e-07,15.0,180.0
-164.48314650536886,39.03938361120272,46.46434496274416,-1.239442326550488e-06,15.0,180.0
-164.8723641078962,38.4449716962288,46.19605796050114,3.063792064494919e-07,15.0,180.0
-165.1238589965997,37.89156232436662,45.89346623038192,-5.083104497316526e-07,15.0,180.0
-165.25172634482738,37.642854105184576,45.60592496241527,1.587600536367972e-06,15.0,180.0
-165.38996414319448,37.78955165793872,45.46068601372255,1.643305722609512e-06,15.0,180.0
-165.5615344089886,38.085359480622245,45.54841142005986,1.643305722609512e-06,15.0,180.0
-165.70104935968195,38.34993499819646,45.7795338031394,4.87421175421332e-07,15.0,180.0
-165.79077407174776,38.59329984756436,46.0534699295045,-1.789531779650133e-06,15.0,180.0
-165.85883816339452,38.80295631818647,46.2739420231833,8.703950697963592e-07,15.0,180.0
-166.07374105423474,38.93244166797064,46.23741533865378,-4.526052634901134e-07,15.0,180.0
-166.38448152461382,38.83553047446581,46.09638278561933,2.297842684129137e-06,15.0,180.0
-166.5052295789815,38.4755695618583,46.09464209313346,-3.969000772485742e-07,15.0,180.0
-166.53837247689597,38.01345100496931,46.082607466109685,-3.481568455754314e-08,15.0,180.0
-166.7607593687184,37.64049787359793,45.909643431647424,-3.481568455754314e-08,15.0,180.0
-167.14234561227252,37.41441847929451,45.53619354189638,-1.65026858667261e-06,15.0,180.0
-167.43483206014412,37.23456913767921,45.05525535927171,-1.88701619663334e-06,15.0,180.0
-167.52348886688034,37.1984813797758,44.803612151958205,7.311318768188357e-07,15.0,180.0
-167.53781190511214,37.36724618346908,44.86105716008044,-6.54536961519625e-07,15.0,180.0
-167.51827572672894,37.52722372466557,44.88019451377188,-2.06805816560518e-06,15.0,180.0
-167.44078562535094,37.616660078320685,44.89170784021415,-2.806153133860789e-06,15.0,180.0
-167.3568440863742,37.750016575112426,45.18013634420094,-2.806153133860789e-06,15.0,180.0
-167.14410827416157,37.893392199821385,45.65051311064694,-7.659473340027034e-07,15.0,180.0
-166.66720604206145,37.96295947721848,45.94610701007076,1.810421963455155e-07,15.0,180.0
-166.20205933776694,38.09151837112023,45.896259868073386,-2.367473825870547e-07,15.0,180.0
-165.92387886836556,38.28539698567586,45.75381398762062,-1.601526491867844e-06,15.0,180.0
-165.67019567080862,38.48620219546943,45.711335782246834,-1.253367827303009e-07,15.0,180.0
-165.49486283524945,38.71771302656399,45.691360881517866,-3.760105755645782e-07,15.0,180.0
-165.52070434962894,38.80308632038924,45.64414598165269,2.994158876390429e-07,15.0,180.0
-165.56485365878171,38.68314404967786,45.61904375728467,2.994158876390429e-07,15.0,180.0
-165.53791710347127,38.43077700274755,45.693088578086886,-2.478884653100977e-06,15.0,180.0
-165.62848315089718,38.125884098260784,45.74959203562716,-2.012352979363641e-06,15.0,180.0
-165.98601935233927,37.95509783320619,45.619158212948506,-2.033242481047637e-06,15.0,180.0
-166.51186427686338,37.88429865375401,45.39362926488896,6.336476872093044e-07,15.0,180.0
-166.8900207185659,37.61443287346596,45.35895553666274,2.451032287353883e-06,15.0,180.0
-167.08493464453943,37.06062939578906,45.59114837431193,-1.643305495235836e-06,15.0,180.0
-167.2666120420043,36.42512533081134,45.86209036348348,-1.643305495235836e-06,15.0,180.0
-167.4305295001607,35.96302276638275,46.049414038387695,-7.938001544971485e-07,15.0,180.0
-167.4481051968226,35.8959721516645,46.17509016780749,-2.088947894662851e-07,15.0,180.0
-167.2574420316498,36.07803227606477,46.12754380333824,-6.823895546403946e-07,15.0,180.0
-166.9793114448234,36.21521933351496,45.87957586506512,7.589844699396053e-07,15.0,180.0
-166.7969207435577,36.3960619426806,45.71479272074919,8.634319783595856e-07,15.0,180.0
-166.85216153320837,36.6829252026396,45.87424979553118,-1.357816017844016e-06,15.0,180.0
-167.04602323713794,36.95533229719855,46.22426815518846,1.53189603224746e-07,15.0,180.0
-167.313801475714,37.17282286082592,46.31934581373732,1.53189603224746e-07,15.0,180.0
-167.74079877126286,37.27920426947984,46.12114312299879,-7.868368356866995e-07,15.0,180.0
-168.07183983707682,37.349666900838045,45.96915323846846,-1.970573975995649e-06,15.0,180.0
-168.0624020250105,37.49651155581367,45.90195455131406,-1.942721382874879e-06,15.0,180.0
-167.99378681190157,37.68695001583978,45.76295502932901,1.587600536367972e-06,15.0,180.0
-168.00887534700453,37.86202399137739,45.56655604052711,-1.392631929775234e-07,15.0,180.0
-167.90245629336928,37.95103093654453,45.499604534808654,1.183737140308949e-06,15.0,180.0
-167.70147388323971,37.97643451102832,45.55828000921265,1.323000333286473e-06,15.0,180.0
-167.52514882884117,37.96446079356572,45.75141787258236,1.323000333286473e-06,15.0,180.0
-167.5053310023261,37.93755732461293,46.02500962059174,-7.79873744249926e-07,15.0,180.0
-167.58590040678152,37.97776915806247,46.180366178553896,-1.114105316446512e-06,15.0,180.0
-167.52729381119923,38.22482636324228,46.31242754770226,-2.506735654606018e-07,15.0,180.0
-167.4425472363386,38.69671039052535,46.61562735424815,-6.684631443931721e-07,15.0,180.0
-167.55405810468358,39.12850028157273,47.04700829856449,2.437107013975037e-07,15.0,180.0
-167.73729529346733,39.33270584046427,47.39828124431384,-1.490116119384766e-06,15.0,180.0
-167.7832487334914,39.33314359072595,47.55492180186883,-1.490116119384766e-06,15.0,180.0
-167.78477122602024,39.25529851573713,47.484622296052486,8.28616066428367e-07,15.0,180.0
-167.942232559055,39.08434147139617,47.335888308836886,-1.531894895379082e-06,15.0,180.0
-168.18649183932027,38.62289220836346,47.12198664816581,2.715632945182733e-07,15.0,180.0
-168.29415085539875,37.98038825116099,46.79867384893812,-1.740789684845367e-06,15.0,180.0
-168.26225963716303,37.48226573787036,46.61622500722914,1.866126922323019e-06,15.0,180.0
-168.22653553781328,37.15276140790938,46.66086219436888,-2.214284677393152e-06,15.0,180.0
-168.36300843347664,36.88032348107203,46.787057893676334,-6.893526460771682e-07,15.0,180.0
-168.7529890766839,36.630442980284805,46.65378802520122,-6.893526460771682e-07,15.0,180.0
-169.14681764286016,36.40143240854584,46.19941657892991,1.169810957435402e-06,15.0,180.0
-169.33592119137853,36.20388479701776,45.78826208610393,-1.253368509424035e-06,15.0,180.0
-169.3354909224283,36.12285447519789,45.5852805021726,-1.991463477679645e-06,15.0,180.0
-169.1619344749175,36.28569176569258,45.57269846670674,-1.803458189897356e-06,15.0,180.0
-168.93638466510478,36.660990223818246,45.65007548930381,-1.218552824866492e-06,15.0,180.0
-168.77468867693432,37.12671776573633,45.72603043642643,-3.530321691869176e-06,15.0,180.0
-168.65649343614655,37.620878467029286,45.83634505886448,-3.530321691869176e-06,15.0,180.0
-168.6167165258296,38.09451943563525,45.892936256688266,-4.177893515588949e-07,15.0,180.0
-168.6777690888007,38.42531114084964,45.85321929799556,-7.79873744249926e-07,15.0,180.0
-168.87218649947155,38.64966262779024,45.91952240307412,-6.475736427091761e-07,15.0,180.0
-169.05238586291694,38.90528012497395,46.0756804150768,-8.982474355434533e-07,15.0,180.0
-168.96745346654563,39.14967499940423,46.08540478706562,1.719900410535047e-06,15.0,180.0
-168.78785729792966,39.2679191174627,46.02865624791828,-4.59568354926887e-07,15.0,180.0
-168.72540428299484,39.29532100024249,46.13146254260327,-6.33647459835629e-07,15.0,180.0
-168.86107449938652,39.38024437332008,46.35582896913433,-6.33647459835629e-07,15.0,180.0
-169.19392844775336,39.59535967181857,46.599615781709474,3.41194891007035e-07,15.0,180.0
-169.59008513791838,39.80237565489341,46.813556847819406,1.02358444564743e-06,15.0,180.0
-169.84052026377702,39.80106177043587,46.84351045115245,5.709791821573162e-07,15.0,180.0
-169.78258537143552,39.66554809306186,46.66955225380941,-1.859163376138895e-06,15.0,180.0
-169.58917019045865,39.47679356208347,46.505820531594814,-1.880052877822891e-07,15.0,180.0
-169.4092749173421,39.19833884351045,46.41469145193926,-1.664194996919832e-06,15.0,180.0
-169.321921963254,38.9476366287555,46.338532321906506,3.551213012542576e-07,15.0,180.0
-169.33393870995403,38.804186336597,46.348526010949065,3.551213012542576e-07,15.0,180.0
-169.15656652127345,38.78699412722134,46.47360360701012,-1.239442326550488e-06,15.0,180.0
-168.81802611443277,38.8972311210553,46.60150735700192,1.733826820782269e-06,15.0,180.0
-168.7071049273869,38.9350137662292,46.72210697575767,-3.760105755645782e-07,15.0,180.0
-168.91975098055593,38.74406992774291,46.79906027223133,-2.367473825870547e-07,15.0,180.0
-169.32986029514626,38.42006078833337,46.71522144732546,4.87423221784411e-08,15.0,180.0
-169.59693213911072,38.177630780179314,46.490000961224624,1.253370101039764e-07,15.0,180.0
-169.53915206752978,38.10722994741414,46.33224993344801,1.253370101039764e-07,15.0,180.0
-169.47154881362795,38.09256557735886,46.43214732005731,-1.218552824866492e-06,15.0,180.0
-169.57570698753082,38.04332626910228,46.64934999432971,-2.952379418275086e-06,15.0,180.0
-169.83659354782094,38.01848606425708,46.7534771037941,-1.608489810678293e-06,15.0,180.0
-170.2345650893721,38.02854245926933,46.68097911368658,-4.108262601221213e-07,15.0,180.0
-170.7128307680021,38.09768749062447,46.45233911285545,3.829738943750272e-07,15.0,180.0
-171.17172575603976,38.28661796855288,46.17413822229719,-7.729106528131524e-07,15.0,180.0
-171.47903238410217,38.58661603558477,46.12619336436276,9.60916167969117e-07,15.0,180.0
-171.60942943673984,38.93904092125165,46.43328234849631,9.60916167969117e-07,15.0,180.0
-171.6826805538234,39.168303312014125,46.8740171350521,-2.20035826714593e-06,15.0,180.0
-171.84329985510615,39.21879563303144,47.24047392848033,-1.295147512792028e-06,15.0,180.0
-172.16308412558686,39.20021200622844,47.47000873214069,5.640160907205427e-07,15.0,180.0
-172.49557088801652,39.13378796660223,47.58801346957404,1.002695171337109e-06,15.0,180.0
-172.67516394923004,38.96462715836581,47.53223128245209,8.07726564744371e-07,15.0,180.0
-172.76525676167137,38.79043080863634,47.171942470571935,-1.406558112648781e-06,15.0,180.0
-172.78961799974914,38.89172022645011,46.702200694193984,-1.406558112648781e-06,15.0,180.0
-172.7449736547713,39.41381831737051,46.51071965262119,3.41194891007035e-07,15.0,180.0
-172.72290204800808,40.12686730600432,46.68223286252393,-1.100179133572965e-06,15.0,180.0
-172.73573031754498,40.616545156192366,47.03250129214692,-4.59568354926887e-07,15.0,180.0
-172.78907542192235,40.64970484305172,47.4971529419783,-1.232479007740039e-06,15.0,180.0
-172.9027813752212,40.39531540106946,48.099728301822566,3.481579824438086e-07,15.0,180.0
-173.12310561244075,40.10538056219183,48.57210031779008,-1.30907392303925e-06,15.0,180.0
-173.46627070393123,39.89589904369131,48.63300081349016,1.15588454718818e-06,15.0,180.0
-173.71639150086443,39.748375797894646,48.46893045734407,1.15588454718818e-06,15.0,180.0
-173.79075281191157,39.48758627880903,48.29462002662366,-1.037510628520977e-06,15.0,180.0
-173.84350856398035,39.22225221569356,48.12004686507972,3.41194891007035e-07,15.0,180.0
-173.90436484768776,39.19303765019374,47.95514956582457,-1.538858214189531e-06,15.0,180.0
-173.83064813953192,39.27735921322017,47.83629373593748,6.963318810448982e-09,15.0,180.0
-173.64940897777583,39.32333016351312,47.93179321700087,-5.361632702260977e-07,15.0,180.0
-173.53977873456392,39.3992661899294,48.176928264715,-5.849053650308633e-07,15.0,180.0
-173.45380044158154,39.45426934571844,48.29288315215885,-5.849053650308633e-07,15.0,180.0
-173.35604342954687,39.44550636935079,48.24243991187969,7.032792836980661e-07,15.0,180.0
-173.38299760394497,39.303333337313774,48.07344403495215,3.41194891007035e-07,15.0,180.0
-173.59201512284918,38.934458625748775,47.79631106720726,-1.28122132991848e-06,15.0,180.0
-173.75319941981786,38.5690260083684,47.436004038429175,2.263026999571593e-06,15.0,180.0
-173.6827138008719,38.38658931014206,47.16186851781228,-1.33692651616002e-06,15.0,180.0
-173.61129073868324,38.23884016926287,47.075536325972095,-1.322998741670744e-07,15.0,180.0
-173.67785523176985,37.96058730435888,46.94107423641356,-1.441373797206325e-06,15.0,180.0
-173.87223517037188,37.71977511873833,46.670465385350894,-1.441373797206325e-06,15.0,180.0
-174.10543363024482,37.7288553875395,46.543906377424975,-2.0889274310320626e-08,15.0,180.0
-174.19046948541822,37.93009050053599,46.72878921639847,-8.634317509859102e-07,15.0,180.0
-174.09852989752372,38.295294426225,47.16926226415607,-1.880052877822891e-07,15.0,180.0
-173.92550869518885,38.731321689931775,47.860697757133664,-2.437104740238283e-07,15.0,180.0
-173.90167574798124,39.009562482617326,48.49273503704451,-2.854894773918204e-07,15.0,180.0
-174.03803514351625,39.09938094902574,48.72354836964698,-1.810419689718401e-07,15.0,180.0
-174.04595134520912,39.08354255010892,48.7565049075896,-3.551210738805821e-07,15.0,180.0
-173.87842894025903,39.06470531408501,48.9277901980302,-3.551210738805821e-07,15.0,180.0
-173.74574476435862,39.10447324743738,49.30742633979212,-7.311316494451603e-07,15.0,180.0
-173.70886295544557,39.1888663963413,49.70633254257128,-2.994156602653675e-07,15.0,180.0
-173.7466948155533,39.33895090420721,49.988285722300105,-1.789531779650133e-06,15.0,180.0
-173.9984226648498,39.53147973848693,50.18350235736216,1.57367412612075e-06,15.0,180.0
-174.48215668417586,39.645621417177765,50.1861223870368,-8.00763245933922e-07,15.0,180.0
-174.97453582129245,39.62392834437669,49.87085274206976,-8.843212526699062e-07,15.0,180.0
-175.33450989044286,39.61932555301041,49.51321429365079,-8.843212526699062e-07,15.0,180.0
-175.55022937946944,39.6947824356803,49.30805232291323,-1.531893758510705e-07,15.0,180.0
-175.6156253753101,39.63613904174026,49.16001146817148,-1.232479007740039e-06,15.0,180.0
-175.4381286941691,39.43978293079646,48.928556452072726,-1.601526491867844e-06,15.0,180.0
-175.01267347684475,39.322470360266486,48.66843712626478,-1.977537067432422e-06,15.0,180.0
-174.62489500730416,39.28483840434494,48.53335488030527,3.620843926910311e-07,15.0,180.0
-174.4826998072142,39.2031380852512,48.43497099931473,2.54155338552664e-06,15.0,180.0
-174.5437066091001,39.07139201825471,48.33956203533023,2.297842911502812e-07,15.0,180.0
-174.72486693627954,39.08227514286471,48.23915579184207,2.297842911502812e-07,15.0,180.0
-174.90427641315316,39.330794620494096,48.17619105318356,-2.17250567402516e-06,15.0,180.0
-174.99036605679586,39.63034662141112,48.19686973299449,-4.038631686853478e-07,15.0,180.0
-174.9737815471428,39.78927771283406,48.17757059928412,1.309074150412926e-06,15.0,180.0
-174.88569825558824,39.86656620440951,48.06701978576449,1.323000333286473e-06,15.0,180.0
-174.8518919300779,40.04535854243099,47.88112065183695,7.589844699396053e-07,15.0,180.0
-174.95263974115414,40.24401949634318,47.75548455470576,-7.659468792553525e-08,15.0,180.0
-175.13914608951671,40.30142366784668,47.857250829275706,-7.659468792553525e-08,15.0,180.0
-175.43233091287306,40.30701312774515,48.04545011237116,3.063792064494919e-07,15.0,180.0
-175.83327021513253,40.32462417840734,48.16235269941107,1.392631929775234e-07,15.0,180.0
-176.08903961812638,40.24614277896011,48.29766329523277,-3.1334207051259e-07,15.0,180.0
-176.14592607572882,40.01486784986629,48.54293053146492,7.659475613763789e-07,15.0,180.0
-176.2254951455443,39.803131626313714,48.66975169060803,2.646002030814998e-07,15.0,180.0
-176.4191442717762,39.74448463412384,48.48869549744962,-3.1334207051259e-07,15.0,180.0
-176.62602072318572,39.84530787450027,48.39039959478806,-1.218552824866492e-06,15.0,180.0
-176.61415017213028,40.1687939858422,48.57012577821898,-1.218552824866492e-06,15.0,180.0
-176.37390664167404,40.63761059561272,48.79281330333536,-1.065363221641746e-06,15.0,180.0
-176.07630016682427,41.01591708279543,49.03142964177447,-1.629379312362289e-06,15.0,180.0
-175.8050284500895,41.19114660061641,49.26053604494155,-1.517968712505535e-06,15.0,180.0
-175.65658536720858,41.33580772050739,49.32640452973594,-5.083104497316526e-07,15.0,180.0
-175.83147432530018,41.670243373101705,49.28800684723843,7.65949152992107e-08,15.0,180.0
-176.34886296903687,41.99340189406536,49.37203367281063,-2.088947894662851e-07,15.0,180.0
-176.8040655842432,41.8993753407027,49.48648126527626,-1.141958136940957e-06,15.0,180.0
-176.93886267167787,41.46472830872537,49.54240079668624,-1.141958136940957e-06,15.0,180.0
-176.8089867020247,41.11871497023439,49.725028567247975,3.829738943750272e-07,15.0,180.0
-176.48417892920568,41.17474474752702,49.95226548744439,-1.657231905483059e-06,15.0,180.0
-176.09596342413096,41.62008075796574,50.09557081564101,-1.385668610964785e-06,15.0,180.0
-175.75924038195492,42.206224352738936,50.247100136544205,2.228211997135077e-07,15.0,180.0
-175.624613774449,42.86183136655882,50.44889843070085,-1.46226284414297e-07,15.0,180.0
-175.71023969868966,43.51236576068854,50.56982173124919,1.399595248585683e-06,15.0,180.0
-175.90365716166363,43.86887511163373,50.496021896445214,1.399595248585683e-06,15.0,180.0
-176.22545476415098,43.9896091340621,50.34863898155238,-2.276952955071465e-06,15.0,180.0
-176.59708180939234,44.082184553397376,50.24138055421773,1.141958136940957e-06,15.0,180.0
-176.84311307596363,44.066175569465074,50.19013301963669,-2.785263859550469e-07,15.0,180.0
-176.9587519283163,43.87056706026481,50.14002710927743,-5.361632702260977e-07,15.0,180.0
-177.17045916595245,43.53863357410868,50.08722307545195,-4.874209480476566e-07,15.0,180.0
-177.5411853270071,43.19156120480644,50.25676853819038,2.040205799858086e-06,15.0,180.0
-177.8341221752405,42.89807133598803,50.56509232637952,-4.108262601221213e-07,15.0,180.0
-177.99809576318253,42.59986674208768,50.63704119897222,-4.108262601221213e-07,15.0,180.0
-178.12166457128,42.309461909044096,50.50649521183377,-1.323000105912797e-06,15.0,180.0
-178.1874134350236,42.01977613187909,50.51792966632904,2.715632263061707e-06,15.0,180.0
-178.192422624661,41.581194462797285,50.77548775841809,-6.057948667148594e-07,15.0,180.0
-178.13778799151447,41.01241525743467,51.05162745042277,-1.128031726693735e-06,15.0,180.0
-178.10002947007962,40.57363371905692,51.24798533702259,-2.297840637766058e-07,15.0,180.0
-178.21843603842171,40.42610309401205,51.53823964542862,-5.361632702260977e-07,15.0,180.0
-178.3220644718516,40.4752422836178,52.00366924701719,-5.361632702260977e-07,15.0,180.0
-178.22825074263267,40.605549199459055,52.31032280190329,5.222370873525506e-07,15.0,180.0
-177.9788269937391,40.82173566058805,52.2355436241329,2.165542582588387e-06,15.0,180.0
-177.65081650684772,41.05567931687008,52.05293542539368,1.343889834970469e-06,15.0,180.0
-177.61883605499185,41.22066712571976,51.84697082480465,1.420484522896004e-06,15.0,180.0
-178.05304231590085,41.345247685527546,51.59789981953799,-5.222368599788751e-07,15.0,180.0
-178.60017028134726,41.46407013967834,51.40893052385612,-1.859163376138895e-06,15.0,180.0
-179.040521236958,41.48896737429358,51.41478181904941,-1.866126694949344e-06,15.0,180.0
-179.35747840361694,41.2713637567836,51.566095477292855,-1.866126694949344e-06,15.0,180.0
-179.64416242793962,41.00489626325435,51.57353203059359,-1.267294919671258e-06,15.0,180.0
-179.8683707208639,41.03104569586582,51.61703911658358,-1.78256868821336e-06,15.0,180.0
-179.86933027160515,41.32355642152907,51.80379769636851,-1.490116119384766e-06,15.0,180.0
-179.83038681940582,41.62838491564497,51.87346664395975,-3.19609011967259e-06,15.0,180.0
-179.8289625797152,41.84550065144053,51.93583867255193,-2.158579263777938e-06,15.0,180.0
-179.80362132273044,41.9373161189152,52.04903040553973,-5.988315479044104e-07,15.0,180.0
-180.0265886902081,41.83322781098735,52.14895176863218,-5.988315479044104e-07,15.0,180.0
-180.5200760284933,41.5752784098025,52.27201566467802,6.963318810448982e-09,15.0,180.0
-181.04833455983825,41.23072727880346,52.25324672808204,-1.107142225009738e-06,15.0,180.0
-181.6642678189263,40.9905014162325,52.19345406772156,-2.0889274310320626e-08,15.0,180.0
-182.3379051092228,41.10696402659562,52.36754195730989,-1.107142225009738e-06,15.0,180.0
-182.8515249918496,41.66472562276534,52.53924948214885,-9.191369372274494e-07,15.0,180.0
-183.1138205720678,42.33453987612264,52.39567169477213,3.704401024151593e-06,15.0,180.0
-183.1506925368224,42.75770687426778,52.05044317193788,5.500896804733202e-07,15.0,180.0
-183.12823161434545,42.99880443437624,51.77509696790496,5.500896804733202e-07,15.0,180.0
-183.07408869719384,43.17533874988641,51.66995442229577,7.450580596923828e-07,15.0,180.0
-182.8089649914418,43.41866579337613,51.750631742866325,3.760108029382536e-07,15.0,180.0
-182.386876944161,43.673342396175336,51.94961467563193,8.773581612331327e-07,15.0,180.0
-182.01911956721403,43.73227735138203,52.185841476515314,-8.703948424226837e-07,15.0,180.0
-181.80019480188952,43.5723395530397,52.483846952428536,-8.355789304914651e-07,15.0,180.0
-181.75808233019183,43.25017128911991,52.79799133109479,-2.249100361950696e-06,15.0,180.0
-181.8774317898124,43.01993946720878,53.08424886726314,-5.291999514156487e-07,15.0,180.0
-182.08782951842204,42.9515471738883,53.29576847451331,-5.291999514156487e-07,15.0,180.0
-182.42985073417623,42.69323203463638,53.429076619903306,1.009658262773883e-06,15.0,180.0
-182.9878528362103,42.22037470043881,53.549190593333854,-3.829736670013517e-07,15.0,180.0
-183.6234748166808,41.843201877095375,53.61792941093005,9.330635748483472e-07,15.0,180.0
-184.12465250355643,41.67786921406643,53.591918138274,-3.829736670013517e-07,15.0,180.0
-184.54072515953527,41.68873011722308,53.46914135429678,-1.392631702401559e-06,15.0,180.0
-185.03462898811125,41.87826455976916,53.31420350806969,2.785263859550469e-07,15.0,180.0
-185.5530219312768,42.17528942372545,53.1629889778124,2.785263859550469e-07,15.0,180.0
-185.91257371814936,42.39722449143018,53.17906191069986,-1.538858214189531e-06,15.0,180.0
-186.03611555354365,42.54743039629395,53.5937683563264,-8.634317509859102e-07,15.0,180.0
-186.07726937419105,42.61183884834629,54.04204732072736,2.311769094376359e-06,15.0,180.0
-186.2526003938367,42.48623603090317,54.0858187360881,-1.838274101828574e-06,15.0,180.0
-186.4152953274344,42.27131717254405,53.85732648748321,-1.030547537084203e-06,15.0,180.0
-186.35610689279784,42.02820434362708,53.51227446515176,-7.102421477611642e-07,15.0,180.0
-186.3017114347736,41.82535140556339,53.01635469909065,-1.141958136940957e-06,15.0,180.0
-186.3671815695104,41.74544654368336,52.42188734249422,-1.141958136940957e-06,15.0,180.0
-186.4555497000133,41.71041236699343,51.94948716273877,2.485847971911426e-06,15.0,180.0
-186.66563297376496,41.73835423824049,51.781136987037634,-5.431263616628712e-07,15.0,180.0
-187.07791793824387,41.88427334230831,51.82390213416764,-1.928794972627657e-06,15.0,180.0
-187.70156368646903,42.14375837219967,51.90426807298605,-7.868368356866995e-07,15.0,180.0
-188.37347100762085,42.46272611182147,52.0562071372325,-1.044472810463049e-07,15.0,180.0
-188.7520217252288,42.742153376654585,52.269968338747766,-7.311316494451603e-07,15.0,180.0
-188.822459574374,43.04198605012237,52.33831266058105,-7.311316494451603e-07,15.0,180.0
-188.87503131517656,43.39366043629243,52.31942416726261,1.671160134719685e-07,15.0,180.0
-189.14720712386924,43.68104787915196,52.44092262276072,-1.128031726693735e-06,15.0,180.0
-189.5726190397677,43.9241224125202,52.74086169333251,4.386790806165664e-07,15.0,180.0
-189.8049250421667,44.15874959684659,53.02063887101913,-8.495053407386877e-07,15.0,180.0
-189.7227136663792,44.40974663495721,53.10506883113652,-7.032790563243907e-07,15.0,180.0
-189.6209701348616,44.72394101592929,53.15574518724977,-1.072326540452195e-06,15.0,180.0
-189.59913885481373,44.9202565207004,53.17806312728109,-9.400264389114454e-07,15.0,180.0
-189.58133624256408,44.80571938895444,53.04722699158667,-9.400264389114454e-07,15.0,180.0
-189.7364871162528,44.45137741539916,52.8012295077207,-1.629379312362289e-06,15.0,180.0
-189.9962720211788,44.06705342688521,52.46643776831583,0.0004890018026344,15.0,180.0
-190.10935084720367,43.951204626017145,52.26396057478284,0.0108289597555995,15.0,180.0
-190.03362175146924,44.24601070993332,52.40277163244144,0.0475169420242309,15.0,180.0
-189.8301215438767,44.59522041393271,52.69336407179651,0.1133095696568489,15.0,180.0
-189.61825314110143,44.648056972753466,52.961522433775535,0.1996510922908783,15.0,180.0
-189.5470837655567,44.56367558327905,53.33631864431414,0.2935951948165894,15.0,180.0
-189.67796545191865,44.60960903633676,53.85570960657356,0.2935951948165894,15.0,180.0
-189.8277545641551,44.84243952530706,54.29211943816418,0.3904092609882355,15.0,180.0
-189.8966492643632,45.11350403880319,54.536909139000485,0.4885458052158356,15.0,180.0
-190.08220550660585,45.18631460700715,54.74220342229695,0.5877768993377686,15.0,180.0
-190.5020256218932,45.14050025024496,54.97973996160635,0.6872035264968872,15.0,180.0
-191.0833914246972,45.23724025796777,55.0953214915489,0.78697669506073,15.0,180.0
-191.5864879343109,45.43632847195727,55.17707531976397,0.886825442314148,15.0,180.0
-191.7737448975588,45.54490055521449,55.513412373436566,0.886825442314148,15.0,180.0
-191.7321861140188,45.52392040870961,55.985519457916325,0.9866804480552672,15.0,180.0
-191.69886661373823,45.35183340137825,56.41186879315853,1.086698412895203,15.0,180.0
-191.6366169709121,45.03257836670822,56.81001303925605,1.186722636222839,15.0,180.0
-191.52567282019004,44.73858082321099,57.041865069806256,1.286802530288696,15.0,180.0
-191.5348342504172,44.57350366637941,57.15626402657912,1.386830687522888,15.0,180.0
-191.60051315186828,44.623441696175455,57.444827048752416,1.486688852310181,15.0,180.0
-191.573102813548,44.8433777846937,57.88569196415765,1.586667895317078,15.0,180.0
-191.3954156302128,45.07301446842509,58.34502135148461,1.586667895317078,15.0,180.0
-191.0867312297406,45.28543163002961,58.71628851456653,1.686594843864441,15.0,180.0
-190.9382637134419,45.33992167834828,58.833145142487126,1.786586165428162,15.0,180.0
-191.1045525381786,45.202066268105845,58.75821053907289,1.88656485080719,15.0,180.0
-191.3949659308636,45.1032326165873,58.687531451100085,1.986663460731506,15.0,180.0
-191.6924521528839,45.207413180086256,58.69025094627446,2.08655834197998,15.0,180.0
-191.98247835757584,45.35275509279983,58.69011682470693,2.186629056930542,15.0,180.0
-192.3210088232292,45.40191533265508,58.559647102009606,2.186629056930542,15.0,180.0
-192.58551224705843,45.53377472511038,58.489229096090014,2.286615133285522,15.0,180.0
-192.51353349372985,45.80313087154031,58.7007540838364,2.386506795883179,15.0,180.0
-192.2262423248989,46.08511099751081,59.01164717225704,2.486665964126587,15.0,180.0
-191.9860157095348,46.33758706145706,59.32572896260737,2.58669376373291,15.0,180.0
-191.93770237749555,46.51544431396835,59.623517325715454,2.686658382415771,15.0,180.0
-192.13341397488563,46.63733014107356,59.7820178518475,2.786717414855957,15.0,180.0
-192.486852551862,46.8588323125064,59.86788464263855,2.886634111404419,15.0,180.0
-192.90720476119324,46.986535087431136,59.965896254221406,2.886634111404419,15.0,180.0
-193.2492429860008,46.85829438697838,60.03472279157502,2.986595869064331,15.0,180.0
-193.39035022599813,46.75976887973255,60.13193058528986,3.086554288864136,15.0,180.0
-193.28945406230812,46.91848906461082,60.368859666858405,3.186510324478149,15.0,180.0
-192.942143411872,47.246700784962805,60.64175129284077,3.286546230316162,15.0,180.0
-192.50244891664013,47.49039074527558,60.697676202916384,3.386669158935547,15.0,180.0
-192.2067056823156,47.62636858336277,60.56737501582539,3.486643075942993,15.0,180.0
-192.132562825861,47.77335228520981,60.39011290128643,3.486643075942993,15.0,180.0
-192.07440263581032,48.01805486745098,60.1730865360482,3.586624145507812,15.0,180.0
-191.81798479804232,48.2635074435402,60.02132197496336,3.686565637588501,15.0,180.0
-191.4651483126637,48.41280456349002,59.94455631088719,3.786455869674683,15.0,180.0
-191.22000094228824,48.66489567115667,59.807292396448055,3.886573314666748,15.0,180.0
-191.07338112378915,49.02537445867241,59.64616260400249,3.986601114273071,15.0,180.0
-190.9139739553824,49.28412562066489,59.49537763520063,4.086538791656494,15.0,180.0
-190.9346895131039,49.39136975166943,59.28832186904487,4.186728954315186,15.0,180.0
-191.36692275282505,49.36861403699866,59.13093558893584,4.186728954315186,15.0,180.0
-191.9131310718884,49.27007916252389,59.08322525229367,4.286659717559814,15.0,180.0
-192.28721584760788,49.13723945874161,58.96160563284997,4.386628150939941,15.0,180.0
-192.4912367290456,48.82985264872489,58.65141466374595,4.486612796783447,15.0,180.0
-192.4693146318146,48.33775243770061,58.42637809170613,4.58649206161499,15.0,180.0
-192.29552033395248,47.91223406329721,58.54332965479849,4.686559677124023,15.0,180.0
-192.2526413327495,47.74763526880901,58.88615509712727,4.786712169647217,15.0,180.0
-192.40235214672083,47.81759452202472,59.208719613553264,4.886548042297363,15.0,180.0
-192.5506914931408,47.92586642367692,59.364684755470606,4.886548042297363,15.0,180.0
-192.68684868756245,47.9615400852168,59.59831534550861,4.986658096313477,15.0,180.0
-192.93114637648893,47.877670092513625,60.034374584537126,5.086642265319824,15.0,180.0
-193.23142480173843,47.68654280668602,60.46153219797655,5.186463832855225,15.0,180.0
-193.53093456193864,47.49147155493392,60.845790098091854,5.286580085754395,15.0,180.0
-193.7626142717325,47.35461815800811,61.225199823143015,5.386466503143311,15.0,180.0
-193.81177213581967,47.34400271655377,61.53545431463441,5.486538887023926,15.0,180.0
-193.9730508099917,47.458878945624335,61.756184926214125,5.486538887023926,15.0,180.0
-194.4708659026221,47.66021521413308,61.857980348484006,5.586773872375488,15.0,180.0
-195.0338757544309,47.917685949332935,61.7484937493748,5.686588764190674,15.0,180.0
-195.4481903333534,48.23717002694187,61.56869393120725,5.786623001098633,15.0,180.0
-195.78025402208732,48.68171435426774,61.29966262744231,5.886662483215332,15.0,180.0
-196.13909505971992,49.059596393459934,60.811614091342335,5.986666679382324,15.0,180.0
-196.4428689013836,49.17235943015046,60.36007981860605,6.086600303649902,15.0,180.0
-196.55320142968787,49.21749662087203,60.22972131861806,6.186655521392822,15.0,180.0
-196.52605723213264,49.38566966178765,60.40654374288381,6.186655521392822,15.0,180.0
-196.55627012663115,49.54126842254356,60.65287548167467,6.286627769470215,15.0,180.0
-196.64069900400267,49.64925661541453,60.89081992707723,6.386719703674316,15.0,180.0
-196.65939452353703,49.78946341068522,61.1434736441776,6.486741065979004,15.0,180.0
-196.66906700532653,49.7164740126664,61.2571559249057,6.586750030517578,15.0,180.0
-196.6949107362201,49.38235030771959,61.1914753716825,6.686704158782959,15.0,180.0
-196.7637006936561,49.135505678846464,61.16803848359845,6.786608219146729,15.0,180.0
-196.94723408181736,49.11670129537691,61.23445081108908,6.786608219146729,15.0,180.0
-197.0843778901413,49.222312530067846,61.29458078912434,6.886549472808838,15.0,180.0
-197.15186748322472,49.36124760299047,61.32803855480568,6.986618995666504,15.0,180.0
-197.23140441404303,49.53743127629114,61.31172922332235,7.086493015289307,15.0,180.0
-197.2021463895056,49.74834627609639,61.34484199667616,7.186749935150146,15.0,180.0
-197.1664957037142,49.933852275210654,61.455143219881606,7.2867751121521,15.0,180.0
-197.28727257371588,50.1432739510296,61.62723973495724,7.386556148529053,15.0,180.0
-197.42727206890257,50.46907653462296,61.7755631274787,7.486554622650146,15.0,180.0
-197.33913775337044,50.76845101441038,61.71027791127915,7.486554622650146,15.0,180.0
-197.01728061173773,50.8653544315284,61.62741109455037,7.586513042449951,15.0,180.0
-196.81954065956447,50.71864278514195,61.82305549205989,7.686562061309814,15.0,180.0
-196.74954767575812,50.39500508127981,62.213954485365626,7.786650657653809,15.0,180.0
-196.5793124079767,50.15971767483078,62.58374261193476,7.886556625366211,15.0,180.0
-196.4882904383223,50.08324425191704,62.81576421821805,7.986326217651367,15.0,180.0
-196.562020547192,50.07635094957297,62.93223766498526,8.086690902709961,15.0,180.0
-196.69889565490732,50.29107210021164,62.9182506218709,8.18661117553711,15.0,180.0
-196.78325508846007,50.74644778420316,62.643865650103706,8.18661117553711,15.0,180.0
-196.7348346029537,51.22095029742732,62.30936241871113,8.286613464355469,15.0,180.0
-196.6636398689416,51.47714318702986,62.21079702826223,8.386699676513672,15.0,180.0
-196.6569593453016,51.33450106016199,62.15872884093865,8.486477851867676,15.0,180.0
-196.77798050555504,50.94149116814493,61.86653563142836,8.586602210998535,15.0,180.0
-197.072161280188,50.650494326087966,61.45624739061174,8.686604499816895,15.0,180.0
-197.3986614308741,50.65865157000588,61.21621543206849,8.786582946777344,15.0,180.0
-197.6096641572977,50.97681558806906,61.044525910506245,8.786582946777344,15.0,180.0
-197.55584192531444,51.44083046681772,60.7952135321348,8.8863525390625,15.0,180.0
-197.09166999121592,51.84012149229426,60.79827837844203,8.986502647399902,15.0,180.0
-196.4172426070131,52.08234604134689,61.256371846287394,9.086583137512209,15.0,180.0
-195.9049262712149,52.0771352050604,61.98513147883859,9.186660766601562,15.0,180.0
-195.62763561369172,51.95615363293199,62.80200802806513,9.286751747131348,15.0,180.0
-195.39674208123645,51.87248178371819,63.55878525954852,9.38656520843506,15.0,180.0
-194.96713329393364,51.68502520988009,64.07570737528027,9.48672580718994,15.0,180.0
-194.379172912883,51.47902250553672,64.19974405887076,9.48672580718994,15.0,180.0
-193.9220290586113,51.41931250032415,63.8910139896997,9.58657455444336,15.0,180.0
-193.5924483802432,51.46903185293908,63.29515414054009,9.686429977416992,15.0,180.0
-193.2064678445944,51.365527132704806,62.60522356475676,9.78644561767578,15.0,180.0
-192.72716969886105,50.91216509447439,61.97931615663846,9.886582374572754,15.0,180.0
-192.32207158206148,50.35064442819235,61.53103848055376,9.986656188964844,15.0,180.0
-192.0948260892969,49.962671988525,61.239111033022326,10.08665370941162,15.0,180.0
-191.97344742164145,49.86155731487312,61.0725405257317,10.08665370941162,15.0,180.0
-191.9678739927093,49.934886527750045,60.91110406590818,10.18660354614258,15.0,180.0
-191.96726200470303,50.01652494792349,60.60961737207646,10.2866907119751,15.0,180.0
-191.8001066396177,50.02010014758336,60.23793104481966,10.38675022125244,15.0,180.0
-191.4512134279197,49.86154101209139,59.88426536918848,10.48658561706543,15.0,180.0
-191.02960988546133,49.60592831432736,59.6386424331816,10.58651542663574,15.0,180.0
-190.7693538446092,49.3492855966808,59.449182059529306,10.68653583526611,15.0,180.0
-190.68645907878383,49.17988087739635,59.116870586414834,10.78687953948975,15.0,180.0
-190.7129206796363,49.24569334386068,58.96301005885389,10.78687953948975,15.0,180.0
-190.87319560219,49.47904998494348,59.30141785173077,10.88684177398682,15.0,180.0
-191.08296016480205,49.64582169991793,59.83348081992792,10.98667144775391,15.0,180.0
-191.30357418831383,49.701222321932974,60.22917063044102,11.08660697937012,15.0,180.0
-191.51781384369045,49.660521103258574,60.45025559885774,11.18656635284424,15.0,180.0
-191.68739313303843,49.623499575474966,60.6955183923381,11.28665733337402,15.0,180.0
-191.78984502478545,49.58589705337653,60.86060140308658,11.38668727874756,15.0,180.0
-191.87736854696848,49.4389810227793,60.8585103483986,11.38668727874756,15.0,180.0
-192.0006087602417,49.28197060150814,60.86547798420012,11.48658275604248,15.0,180.0
-191.9896840332796,49.18249821388728,60.70214502024525,11.58656024932861,15.0,180.0
-191.7222481982826,49.201253774127466,60.401136796979245,11.68664741516113,15.0,180.0
-191.30467706486348,49.32935266641923,60.2358166409481,11.78676986694336,15.0,180.0
-190.8689007646068,49.31174121586964,60.13672448501545,11.8866024017334,15.0,180.0
-190.5347797433525,49.01107126106062,60.14291729341036,11.98661231994629,15.0,180.0
-190.2592240031994,48.66376467880004,60.32951663468542,12.08656215667725,15.0,180.0
-189.80129196633447,48.43023034725199,60.35693916843845,12.08656215667725,15.0,180.0
-189.1867960627937,48.23534023635273,59.94592653860237,12.18661785125732,15.0,180.0
-188.57849503561792,47.99766524219794,59.30773096576802,12.28677940368652,15.0,180.0
-188.0887971148805,47.7231187127733,58.73253600002319,12.38645362854004,15.0,180.0
-187.84202188051603,47.57685077872454,58.287690578771205,12.48622226715088,15.0,180.0
-187.7730420039889,47.6961925740821,57.9263545220509,12.58658504486084,15.0,180.0
-187.73275598829915,47.92695096427106,57.61009343148394,12.68671226501465,15.0,180.0
-187.6258351350991,48.05485727573444,57.40685758293552,12.7867956161499,15.0,180.0
-187.3501840426233,48.11498813609113,57.31958868847877,12.7867956161499,15.0,180.0
-186.8375730992832,48.16613019856372,57.28651657234005,12.88665008544922,15.0,180.0
-186.25046727842505,48.20249259529938,57.30224852908706,12.98650169372559,15.0,180.0
-185.8659976689324,48.22696737017127,57.28990769942212,13.08664989471436,15.0,180.0
-185.67611781187125,48.33290451925215,57.19523556311909,13.18665313720703,15.0,180.0
-185.4682758756693,48.52764074773746,57.10843870786445,13.28640651702881,15.0,180.0
-185.2113994379348,48.67467301390911,57.19689401811308,13.38630104064941,15.0,180.0
-185.0018352380808,48.788003576211686,57.51831738047116,13.38630104064941,15.0,180.0
-184.8286139611521,48.77636977128371,57.84833836934889,13.48659610748291,15.0,180.0
-184.58252964119285,48.65048198358769,57.98890246485367,13.58682918548584,15.0,180.0
-184.27939291117715,48.67433869908087,57.90108179345442,13.68682670593262,15.0,180.0
-184.0005127383788,48.900399580475,57.70114984223203,13.78669452667236,15.0,180.0
-183.7481137652148,49.21561689138444,57.67230579262031,13.88661193847656,15.0,180.0
-183.4251898410502,49.55666219223953,57.68210490276806,13.98663997650146,15.0,180.0
-182.9581331554432,49.91627239198938,57.50013004134257,14.08656024932861,15.0,180.0
-182.4828353108332,50.22538485981861,57.41134714742018,14.08656024932861,15.0,180.0
-182.113939623257,50.3283489770084,57.5063958924137,14.1865873336792,15.0,180.0
-181.8545468859245,50.03089012898766,57.46155709899332,14.28638553619385,15.0,180.0
-181.63726984478012,49.40645394266659,57.091773022342544,14.3865327835083,15.0,180.0
-181.429478064564,48.81379760157695,56.51023227474084,14.48689651489258,15.0,180.0
-181.2503785876713,48.46972786886492,56.01246530588098,14.58676147460938,15.0,180.0
-181.04054212869056,48.234151484596,55.698726876165765,14.68671131134033,15.0,180.0
-180.7883212116504,47.855677545128295,55.35678739853043,14.68671131134033,15.0,180.0
-180.58978833781327,47.36896414445695,54.87341381787279,14.78661251068115,15.0,180.0
-180.4954565493976,46.94033902917543,54.40119697603579,14.88638210296631,15.0,180.0
-180.4338894744249,46.708872546979386,54.06837519123944,14.98657417297363,15.0,180.0
-180.31653786245232,46.70109282904228,53.88991085823309,15.08656597137451,15.0,180.0
-180.1510359825749,46.76236277982783,53.89631711465934,15.18612766265869,15.0,180.0
-179.98085887130154,46.775552286158906,54.00941678064599,15.28644847869873,15.0,180.0
-179.8184081285137,46.82237980961597,54.13631373768918,15.38673210144043,15.0,180.0
-179.58514988739813,47.00831465041028,54.3637344041606,15.38673210144043,15.0,180.0
-179.20555027004795,47.33061580966455,54.68667336485041,15.48680400848389,15.0,180.0
-178.80316765365802,47.68569462845628,54.77871644065138,15.58669471740723,15.0,180.0
-178.4482904832019,47.8102886668122,54.544789164378486,15.68637657165527,15.0,180.0
-178.05298511179916,47.63686942479617,54.16249717221433,15.78654861450195,15.0,180.0
-177.58630863886916,47.42433644172265,53.66715419461136,15.88680267333984,15.0,180.0
-177.03044719972775,47.2723053783094,53.31183299711701,15.98668670654297,15.0,180.0
-176.38910527144017,47.07258649026035,53.26185737606648,16.08642578125,15.0,180.0
-175.67769392165803,46.82420920521259,53.22951890023589,16.08642578125,15.0,180.0
-174.85358692537983,46.714807740399095,53.0561919065832,16.18668556213379,15.0,180.0
-173.95441878495353,46.71939210485223,52.823656526076206,16.28676414489746,15.0,180.0
-173.1120652028398,46.61056007493032,52.58224563589335,16.38676071166992,15.0,180.0
-172.4742719910427,46.47030236851155,52.38138375273424,16.48665618896484,15.0,180.0
-172.07695706547963,46.3977999567316,52.2236436158501,16.58667945861816,15.0,180.0
-171.73579263093796,46.3946533979804,52.01407851142021,16.68674468994141,15.0,180.0
-171.41466509736455,46.3981468917749,51.72889347424723,16.68674468994141,15.0,180.0
-171.16092111643846,46.295295257968576,51.46397314733282,16.78668785095215,15.0,180.0
-170.8962477983924,46.206828644035305,51.36815955966446,16.88666343688965,15.0,180.0
-170.71433905672865,46.26510137360615,51.50547908067469,16.98666381835938,15.0,180.0
-170.58478032400131,46.40335833179779,51.75974418236935,17.08667373657227,15.0,180.0
-170.36016720713872,46.54252692529709,52.02654634457501,17.18662452697754,15.0,180.0
-170.0158778875584,46.58069749044945,52.22819164306493,17.28667259216309,15.0,180.0
-169.5661070301203,46.34465194760811,52.3567936449172,17.38664245605469,15.0,180.0
-168.98381374062777,45.923794840859536,52.39708741840335,17.38664245605469,15.0,180.0
-168.2285513282331,45.63333397715908,52.37581742343784,17.4866943359375,15.0,180.0
-167.60906450599464,45.5342463546222,52.38989782306626,17.58653259277344,15.0,180.0
-167.36626263744705,45.5132711476624,52.259694701858834,17.6864070892334,15.0,180.0
-167.24935284452664,45.54649578750686,51.892866465474064,17.78666877746582,15.0,180.0
-167.06093567538437,45.564534189908926,51.45329771977301,17.88663291931152,15.0,180.0
-166.8408091575619,45.5473845678546,51.14845233414745,17.986572265625,15.0,180.0
-166.60516067777826,45.58352514358796,51.148438656243,17.986572265625,15.0,180.0
-166.22597412507918,45.71586889174427,51.22120868586304,18.08673667907715,15.0,180.0
-165.50979044719145,45.88497803842301,51.04018621450941,18.18659782409668,15.0,180.0
-164.5652468217698,46.04529583425639,50.736999026642735,18.28665542602539,15.0,180.0
-163.7427331462355,46.1911091334765,50.583725042131874,18.38649749755859,15.0,180.0
-163.15026657517797,46.243932553163006,50.58744633539583,18.48643112182617,15.0,180.0
-162.7254960974022,46.146448739418936,50.56735400661684,18.58659172058105,15.0,180.0
-162.54516389459982,45.98913940008179,50.64578797062679,18.68665504455566,15.0,180.0
-162.60876422178984,45.907369233544514,50.904082953214285,18.68665504455566,15.0,180.0
-162.7468235940609,45.820028733454265,50.90696188351182,18.78661727905273,15.0,180.0
-162.9297458290109,45.574137057994086,50.52440661709213,18.8866081237793,15.0,180.0
-163.04074827026963,45.245164699284885,50.04586556109021,18.98660278320312,15.0,180.0
-162.89464237567796,44.78560715210498,49.64924138283124,19.08668899536133,15.0,180.0
-162.52472327848074,44.01255586003298,49.39336618155752,19.18670845031738,15.0,180.0
-162.10464366961634,43.266585987089535,49.32578815224869,19.28661727905273,15.0,180.0
-161.7520299599321,42.85025053458469,49.46210254844512,19.38654899597168,15.0,180.0
-161.31626367651165,42.628253751861045,49.68566993796241,19.38654899597168,15.0,180.0
-160.79108212750396,42.495070370732094,50.04141783310306,19.48663902282715,15.0,180.0
-160.36487416695516,42.37449056461933,50.43480797513202,19.58660697937012,15.0,180.0
-159.940590283976,42.19156458843423,50.59684000780205,19.6866455078125,15.0,180.0
-159.28892369551394,41.763191040633615,50.5407349041102,19.78674507141113,15.0,180.0
-158.41223486184296,41.22781296235987,50.23224159876188,19.88662338256836,15.0,180.0
-157.54478966643575,40.89641083348685,49.815355490202,19.98661231994629,15.0,180.0
-156.86063328061417,40.76440320012271,49.474056701379965,19.98661231994629,15.0,180.0
-156.37910031936505,40.80656223951704,49.17076231954917,20.08664321899414,15.0,180.0
-156.04824803359537,41.025397119306994,48.92263615344104,20.18661880493164,15.0,180.0
-155.82110227495588,41.420850708430606,48.72692878537322,20.2867603302002,15.0,180.0
-155.80370243029236,41.85788318125768,48.63709111865367,20.3867130279541,15.0,180.0
-155.93986011197305,42.2463784770528,48.58991908037871,20.48659896850586,15.0,180.0
-155.89345374576473,42.68483887139098,48.45010767582094,20.58660125732422,15.0,180.0
-155.46269496518937,43.12401265535157,48.22577982439663,20.68653869628906,15.0,180.0
-154.83478809972596,43.56563636532768,47.86559687699612,20.68653869628906,15.0,180.0
-154.3298002421118,44.103351490116026,47.45729057966708,20.78646659851074,15.0,180.0
-153.87273642133036,44.55528571684764,47.31290021985188,20.88665199279785,15.0,180.0
-153.38320943263437,44.91424363943485,47.41457469556711,20.98663520812988,15.0,180.0
-153.03215535576808,45.28586852767172,47.41277255547163,21.08661460876465,15.0,180.0
-152.77016923264122,45.44095034718336,47.32945995530825,21.18663215637207,15.0,180.0
-152.45493404043754,45.26084326202585,47.33115343498845,21.28657341003418,15.0,180.0
-152.1424332508164,44.82735636261878,47.26190256823347,21.28657341003418,15.0,180.0
-151.9092582172443,44.51248627629227,47.0859091833084,21.3865966796875,15.0,180.0
-151.65662267673457,44.598324558214834,46.96030842961388,21.48664093017578,15.0,180.0
-151.20225609491203,44.70456184583021,47.04730479141973,21.58654403686523,15.0,180.0
-150.55740212446963,44.53441780162546,47.199501384738575,21.68659210205078,15.0,180.0
-149.99925046645816,44.25213272939033,46.97050090268845,21.7868480682373,15.0,180.0
-149.681284560881,43.98007172189459,46.35926434954953,21.88675308227539,15.0,180.0
-149.4450494812592,43.58698384211041,45.88639705186444,21.98655319213867,15.0,180.0
-149.1606644059512,43.05162852616273,45.75541843440672,21.98655319213867,15.0,180.0
-148.9174348697466,42.491190201389095,45.72050236355411,22.08635520935059,15.0,180.0
-148.7476658456226,42.030498578580186,45.77466961179891,22.18646430969238,15.0,180.0
-148.4669523763626,41.75350328806957,45.89444839379464,22.28659248352051,15.0,180.0
-148.04263165254065,41.52840124138131,45.78287187054013,22.38651084899902,15.0,180.0
-147.7025292858515,41.33046564304528,45.450659540486335,22.48657608032227,15.0,180.0
-147.50977308151698,41.12751302684927,45.26822530289247,22.58652687072754,15.0,180.0
-147.3182314026607,40.80536011664967,45.340974929620096,22.58652687072754,15.0,180.0
-147.05315564025167,40.563727498519086,45.41808029658597,22.68647193908691,15.0,180.0
-146.6730867788936,40.63081543609712,45.325531696307024,22.78675651550293,15.0,180.0
-146.1351187014882,40.97056595382457,45.02498245645841,22.8867301940918,15.0,180.0
-145.59682683500532,41.3706958156878,44.60988231808989,22.9865550994873,15.0,180.0
-145.2870148688976,41.63518510138411,44.34036398858523,23.08656692504883,15.0,180.0
-145.18757418642858,41.80896194862508,44.26205627960946,23.18661499023438,15.0,180.0
-145.09786327029445,41.94816789467367,44.23614868044202,23.28664779663086,15.0,180.0
-144.8920292028839,42.0035936531131,44.18003029992513,23.28664779663086,15.0,180.0
-144.5037710887719,41.93794226365886,44.05895989308171,23.38670349121094,15.0,180.0
-143.95021101540055,41.70169742099942,43.95895349844084,23.48665809631348,15.0,180.0
-143.46603121839226,41.41146829387477,43.84082207313283,23.58662223815918,15.0,180.0
-143.1400918422143,41.16822458982596,43.66353779845134,23.68662261962891,15.0,180.0
-142.79198060016645,40.93506722066267,43.48195140604446,23.78662490844727,15.0,180.0
-142.340867488624,40.69647455168084,43.375932318194224,23.88656234741211,15.0,180.0
-141.8075398985078,40.44655192438029,43.43295866781921,23.98669242858887,15.0,180.0
-141.27830344440028,40.19862276470217,43.52776593145228,23.98669242858887,15.0,180.0
-140.86021113003267,39.98657209972664,43.48796101284177,24.08658218383789,15.0,180.0
-140.5059739737282,39.858077951502686,43.28034773123782,24.1865406036377,15.0,180.0
-140.22817950890447,39.78775008993155,43.00757953047443,24.28651809692383,15.0,180.0
-140.03690219183315,39.82735130693256,42.689338323815534,24.38648223876953,15.0,180.0
-139.742103449705,40.11101687949364,42.34070988663616,24.48666763305664,15.0,180.0
-139.23493955634848,40.5021044942274,42.202877252017714,24.58660507202148,15.0,180.0
-138.68558786608142,40.73219743329614,42.36002306188769,24.58660507202148,15.0,180.0
-138.28030728916335,40.73052898732426,42.62050020277816,24.68656539916992,15.0,180.0
-138.0339647059595,40.59647585391395,42.93038797722079,24.78675651550293,15.0,180.0
-138.01815995528673,40.41605552524472,43.21527356438699,24.88655471801758,15.0,180.0
-138.164737005373,40.240043515397325,43.42367575102649,24.98660659790039,15.0,180.0
-138.13668636766397,40.252060167421824,43.62370809861695,25.08656883239746,15.0,180.0
-137.96640139901098,40.45096669338973,43.60252987992814,25.18651580810547,15.0,180.0
-137.9570903659511,40.65075034289382,43.32869235037549,25.28670692443848,15.0,180.0
-137.92652576035573,40.88955598415602,42.999894799201385,25.28670692443848,15.0,180.0
-137.66993111749568,41.12796947395205,42.68096581829538,25.38660621643066,15.0,180.0
-137.2601736299529,41.22467245605071,42.43771817165094,25.48662948608398,15.0,180.0
-136.6731581024646,41.23794092206447,42.26719431628693,25.58667755126953,15.0,180.0
-135.96618881121438,41.17688565360702,42.09736824333868,25.68645477294922,15.0,180.0
-135.30666508330495,40.9107020319644,41.85627357553865,25.78646087646484,15.0,180.0
-134.80562328093345,40.60363939589682,41.515674104413165,25.88662910461426,15.0,180.0
-134.36596633324837,40.44637099627882,41.16460740288828,25.88662910461426,15.0,180.0
-133.8458254816573,40.2881740957662,40.8401179082482,25.98662757873535,15.0,180.0
-133.32944722596844,40.1004472166417,40.40367448208131,26.08667755126953,15.0,180.0
-132.8708672020564,40.01456789865683,39.8073011579156,26.18667793273926,15.0,180.0
-132.31602121233217,40.14161690420124,39.26698465821906,26.28655242919922,15.0,180.0
-131.582587891971,40.400241223201846,39.13167189561524,26.38653182983398,15.0,180.0
-130.85539664782416,40.48808003960056,39.3327936160795,26.48671531677246,15.0,180.0
-130.31987290059175,40.3198061825968,39.58105891059781,26.58666229248047,15.0,180.0
-130.02795400339787,40.049078518864754,39.922947006738525,26.58666229248047,15.0,180.0
-130.0153661457896,39.89051286631299,40.2870495744209,26.68672943115234,15.0,180.0
-130.04040568040983,39.845945170191065,40.502333830315486,26.78665351867676,15.0,180.0
-129.7327194964104,39.765729244081605,40.5864594154407,26.88667106628418,15.0,180.0
-129.12634489237846,39.54754138283898,40.51838687438521,26.98684883117676,15.0,180.0
-128.47980404310078,39.09550639509738,40.2871832891891,27.08656311035156,15.0,180.0
-127.94568193573744,38.53460962967034,40.14555561760211,27.18617630004883,15.0,180.0
-127.56564141786436,38.10107470252791,40.30430573589652,27.2862548828125,15.0,180.0
-127.2033263568842,37.8504346871313,40.62256000532649,27.2862548828125,15.0,180.0
-126.68339385114896,37.68350270033751,40.82273654762365,27.38673210144043,15.0,180.0
-126.140509261005,37.52989371857928,40.81904551734776,27.48698043823242,15.0,180.0
-125.8801437389146,37.32055656403196,40.81069281667884,27.5868091583252,15.0,180.0
-125.92047561937976,37.05210924707652,40.92001321335416,27.68643951416016,15.0,180.0
-125.9534817609584,36.74575628337317,41.128415117938445,27.78658485412598,15.0,180.0
-125.89444781963186,36.47998318402179,41.27450589324124,27.88680267333984,15.0,180.0
-125.77157186909184,36.47995396862354,41.165135814190215,27.88680267333984,15.0,180.0
-125.41305943288162,36.71242737707675,40.98880272781398,27.98654747009277,15.0,180.0
-125.00018484024568,36.97407388581733,40.952705462831496,28.08609008789062,15.0,180.0
-124.82074875912376,37.247834016303685,40.896219376528734,28.18646430969238,15.0,180.0
-124.70734347688033,37.62990009013049,40.63118997354018,28.28692054748535,15.0,180.0
-124.45844602552624,38.166263311997525,40.25398701386129,28.38697242736816,15.0,180.0
-124.08291901889818,38.70456970819748,40.07883120176785,28.48667335510254,15.0,180.0
-123.5258977795805,39.12320784288815,40.21113407288478,28.58664321899414,15.0,180.0
-122.8160396517224,39.35978784050289,40.50719995096511,28.58664321899414,15.0,180.0
-122.2008243543346,39.384479405395,40.76344510000052,28.68657112121582,15.0,180.0
-121.77427677283973,39.29885814813479,40.72133307599531,28.78664970397949,15.0,180.0
-121.38459372098866,39.091512116242974,40.42325901384066,28.88668251037598,15.0,180.0
-120.9855125899794,38.76930168359804,40.013115921666646,28.98629188537598,15.0,180.0
-120.66220289478598,38.48027651183053,39.598022614545066,29.08627510070801,15.0,180.0
-120.45651662591747,38.41656433861091,39.33551574756831,29.18660926818848,15.0,180.0
-120.42213557772,38.69114803509439,39.14387208368584,29.18660926818848,15.0,180.0
-120.4670174791533,39.196476689869634,39.05035810795073,29.28690719604492,15.0,180.0
-120.466340169934,39.66491876369357,39.06666159775119,29.38670539855957,15.0,180.0
-120.41288214863523,39.83529877887375,38.80811657602688,29.48661994934082,15.0,180.0
-120.171844099812,39.68119758319354,38.32067741075328,29.58648681640625,15.0,180.0
-119.69133600658964,39.48977179357933,38.13647978560344,29.68667221069336,15.0,180.0
-119.10918465923322,39.45273550692743,38.18163736564621,29.78686332702637,15.0,180.0
-118.45108308746497,39.55328105295306,38.22713590925513,29.88659477233887,15.0,180.0
-117.84707545028282,39.625496795504944,38.34954873992173,29.88659477233887,15.0,180.0
-117.37151776891106,39.39875016164992,38.45495003614607,29.98634338378906,15.0,180.0
-116.86723796361584,38.94911385254677,38.5240796215812,30.08662223815918,15.0,180.0
-116.4287737282654,38.56444060086109,38.559473713215546,30.18678092956543,15.0,180.0
-116.18782582219644,38.335415148685776,38.58572064052631,30.28683662414551,15.0,180.0
-116.0413460677419,38.02210243440378,38.651940174133486,30.38675308227539,15.0,180.0
-115.79392809769836,37.508469230412246,38.70941859316422,30.48649787902832,15.0,180.0
-115.43348124932793,37.08606158424749,38.68308739201494,30.48649787902832,15.0,180.0
-114.95685918187688,36.87227692779869,38.54034453308705,30.5866756439209,15.0,180.0
-114.21676127222592,36.71016210655717,38.49147564619338,30.68662643432617,15.0,180.0
-113.46707844257136,36.51926268324453,38.6289043941571,30.7866153717041,15.0,180.0
-112.96070613880298,36.31806673029596,38.86012120641733,30.88650131225586,15.0,180.0
-112.63892579631968,35.95086251477851,39.1020637255047,30.9864330291748,15.0,180.0
-112.41067616308254,35.41834211783023,39.11995980730653,31.08661270141602,15.0,180.0
-112.16374217671957,35.142492472269275,38.885608059074414,31.18674850463867,15.0,180.0
-111.92659223424926,35.275795191966,38.62546132390246,31.18674850463867,15.0,180.0
-111.69809653844926,35.44159537230979,38.33418940808826,31.28670310974121,15.0,180.0
-111.43722780697114,35.37854572226713,37.90145954781651,31.38648986816406,15.0,180.0
-111.0894806762414,35.168889580512094,37.32998335500914,31.48649597167969,15.0,180.0
-110.5915612074262,34.931005544493225,36.81218106860828,31.58652496337891,15.0,180.0
-110.07889881191758,34.77023152644057,36.44402131059704,31.68661880493164,15.0,180.0
-109.69559367213952,34.78948644831996,36.15830739076007,31.78664016723633,15.0,180.0
-109.40523847392603,34.87556855858992,35.94707385142886,31.88659286499023,15.0,180.0
-109.0178036992182,34.769224284583174,35.911710497675365,31.88659286499023,15.0,180.0
-108.52696630054616,34.62976155023602,36.14586811740683,31.98665428161621,15.0,180.0
-108.0891013633142,34.68443799434915,36.36294807143643,32.08660888671875,15.0,180.0
-107.71311640884286,34.71154853697446,36.35101125680946,32.18658447265625,15.0,180.0
-107.44468741136365,34.62919572520794,36.35882456915239,32.28676605224609,15.0,180.0
-107.25882485978984,34.568515118709726,36.45889214898737,32.38661956787109,15.0,180.0
-107.0166123187072,34.55077905955443,36.325594099471246,32.48648834228516,15.0,180.0
-106.68546385842409,34.60158138244207,35.838942255369204,32.48648834228516,15.0,180.0
-106.29509663264332,34.67193471228644,35.3271170698316,32.58656311035156,15.0,180.0
-105.85904402602029,34.735185154259185,35.090287999449366,32.68661499023438,15.0,180.0
-105.43713295265724,34.845437234432026,35.02346372910456,32.78679656982422,15.0,180.0
-105.2026291242206,34.969857158788415,34.93693199519113,32.88663101196289,15.0,180.0
-105.1235890543402,34.944620308299825,34.817229474383986,32.98649978637695,15.0,180.0
-105.02075170638348,34.814882150809765,34.64753923497604,33.08659744262695,15.0,180.0
-104.8448403673031,34.798589733462165,34.30414075814195,33.18667984008789,15.0,180.0
-104.54936875924174,34.79918671076222,33.92588835108546,33.18667984008789,15.0,180.0
-104.19799341175644,34.80329436185328,33.80089459327886,33.28672409057617,15.0,180.0
-103.9913033325974,34.85899170310659,33.96270121223527,33.38675689697266,15.0,180.0
-103.88981453405708,34.8362131819975,34.2445884050808,33.48666000366211,15.0,180.0
-103.67110133537903,34.62752765665841,34.364618078263895,33.586669921875,15.0,180.0
-103.31478550322548,34.20860370292401,34.33008559385948,33.68664932250977,15.0,180.0
-102.9801106316538,33.81909395999734,34.18361962910474,33.78652191162109,15.0,180.0
-102.6858802247868,33.599754042215295,33.77830844482266,33.78652191162109,15.0,180.0
-102.36328095877649,33.36218527746537,33.323084841991715,33.88661956787109,15.0,180.0
-102.07302348167816,33.03836752941022,33.17462162092751,33.98663711547852,15.0,180.0
-101.7160867411967,32.79602567120541,33.33856138040979,34.08655548095703,15.0,180.0
-101.1561439571092,32.749979148128766,33.622866958688455,34.1866455078125,15.0,180.0
-100.54193551180266,32.800567437442545,33.94948398107624,34.28669738769531,15.0,180.0
-99.96577714623209,32.81712405370527,34.14276167528111,34.38661193847656,15.0,180.0
-99.4626832446273,32.787767789209695,33.98813195163419,34.48664855957031,15.0,180.0
-99.1055664811242,32.65523781386928,33.66881792643692,34.48664855957031,15.0,180.0
-98.7681397174326,32.37223242392001,33.37689189826961,34.58655166625977,15.0,180.0
-98.3973740838761,32.10034804332593,33.205324966781184,34.68648910522461,15.0,180.0
-98.07944996064444,31.930996249694623,33.18282532017127,34.7867431640625,15.0,180.0
-97.75306953068964,31.85387951416434,33.14941517290473,34.88674163818359,15.0,180.0
-97.42735540362412,31.8781780545686,33.07132603319151,34.98667144775391,15.0,180.0
-97.1318434210579,31.931621240377563,32.8593486911148,35.08663177490234,15.0,180.0
-96.72593779918908,31.883756543175707,32.53808293511605,35.18639373779297,15.0,180.0
-96.2921515477722,31.807802071679525,32.32480881787573,35.18639373779297,15.0,180.0
-95.92034724098488,31.90654601919054,32.11666090432919,35.2866096496582,15.0,180.0
-95.5538314559467,32.03370858055329,31.73489173074163,35.38656234741211,15.0,180.0
-95.29938655218643,32.07642369970052,31.263338072082185,35.48643112182617,15.0,180.0
-95.15284603098544,32.03552717333345,30.827702472599864,35.58651733398438,15.0,180.0
-94.95793275877335,31.893230337163192,30.480910580783707,35.68656921386719,15.0,180.0
-94.74699099033025,31.75392238431899,30.48854726346854,35.78668594360352,15.0,180.0
-94.62202266587084,31.630616930618093,30.9482194890517,35.78668594360352,15.0,180.0
-94.50015156088072,31.558303984995,31.46837196982445,35.88663482666016,15.0,180.0
-94.39045860082037,31.546551014558617,31.79085788876158,35.98641586303711,15.0,180.0
-94.27267240698887,31.519355112968555,31.94315382306262,36.08642578125,15.0,180.0
-94.03401270660912,31.59267135001371,32.03742164931216,36.18660354614258,15.0,180.0
-93.75319573250938,31.760171248364657,32.20542750748465,36.28665924072266,15.0,180.0
-93.40280867405342,31.76019406021611,32.331728970437084,36.38622665405273,15.0,180.0
-92.81598931968054,31.772527919019986,32.16935235382134,36.48619079589844,15.0,180.0
-92.12030601703046,31.998565126160653,31.84962439228793,36.48619079589844,15.0,180.0
-91.64622038912552,32.151967004655724,31.69170588614616,36.58660888671875,15.0,180.0
-91.4562305063808,32.1733275221,31.572721119129724,36.68704605102539,15.0,180.0
-91.4071927929364,32.17325596264212,31.195467161329614,36.78687286376953,15.0,180.0
-91.34214328832088,32.107410925694644,30.66957151493408,36.8863410949707,15.0,180.0
-91.15340744481126,32.03685036787811,30.26791065077844,36.98652267456055,15.0,180.0
-90.93725612172398,32.032334040842976,30.148562470014703,37.08684921264648,15.0,180.0
-90.70568919736642,32.02867705431992,30.21796458247115,37.08684921264648,15.0,180.0
-90.2297714660976,32.001514754845275,30.32518865837694,37.18686294555664,15.0,180.0
-89.4188727163069,31.94447508478417,30.501357445624752,37.28622817993164,15.0,180.0
-88.40829082912211,31.787052636093893,30.631756522277897,37.38630676269531,15.0,180.0
-87.45830852142869,31.54028076612509,30.520657866039752,37.48674392700195,15.0,180.0
-86.75126677197927,31.29784417424793,30.253537392415154,37.58711624145508,15.0,180.0
-86.24698435094969,31.153856697152825,30.10383956252221,37.68677139282227,15.0,180.0
-85.80347787618251,31.05956979946008,30.102205613794325,37.786865234375,15.0,180.0
-85.45802264698658,30.78790081677603,29.98863612805972,37.786865234375,15.0,180.0
-85.25775907487795,30.348508800013462,29.721009304420743,37.88675689697266,15.0,180.0
-85.11166468576127,29.866543393935647,29.39444296280972,37.98667526245117,15.0,180.0
-85.16842232745168,29.371184835548707,28.97078641158371,38.08677673339844,15.0,180.0
-85.2890383762873,29.00229501806989,28.580336522582,38.1865119934082,15.0,180.0
-85.07611552493775,28.75969928041185,28.43312189098164,38.28647994995117,15.0,180.0
-84.73519210767195,28.68650661461958,28.53451806494639,38.38677978515625,15.0,180.0
-84.57091778658152,28.812344000898367,28.736716766574823,38.38677978515625,15.0,180.0
-84.35317340248199,28.96282067596932,28.876603216121385,38.48667144775391,15.0,180.0
-83.91772473819057,29.01695018526893,28.91209001605509,38.58660888671875,15.0,180.0
-83.42466878228969,28.76254022674605,28.765091840323134,38.68660736083984,15.0,180.0
-82.80419301144222,28.20073018993195,28.28818820285835,38.78659820556641,15.0,180.0
-81.95324462913662,27.760000122787883,27.73356639635556,38.88673782348633,15.0,180.0
-81.112185815306,27.636581582355905,27.320106332609857,38.98674011230469,15.0,180.0
-80.57328229791197,27.54942338452681,27.0517426187653,39.08649063110352,15.0,180.0
-80.26201498063344,27.36371961153497,27.074351426053685,39.08649063110352,15.0,180.0
-79.92308918184929,27.21991263377855,27.20665193712929,39.18638610839844,15.0,180.0
-79.62433466853975,27.150622772919665,27.227489960907164,39.28641891479492,15.0,180.0
-79.53946584122806,27.0024541396949,27.08271021201152,39.38658142089844,15.0,180.0
-79.59892266258204,26.67516287268719,26.77784132381415,39.48660278320312,15.0,180.0
-79.59489638892221,26.34581406602477,26.531434796926607,39.58644485473633,15.0,180.0
-79.45575283171677,26.31348372355777,26.41514888610234,39.68662261962891,15.0,180.0
-79.19806748580399,26.601627821869275,26.411901391470323,39.7866096496582,15.0,180.0
-78.84681350324085,26.8789640429544,26.465074368872767,39.7866096496582,15.0,180.0
-78.46843618711137,27.006636670746552,26.396414402474683,39.88668823242188,15.0,180.0
-78.06551329985601,27.15662573418478,26.34640291457549,39.9867057800293,15.0,180.0
-77.73998195237243,27.228148072536303,26.508322172534623,40.086669921875,15.0,180.0
-77.49970884077364,27.122686953742267,26.66393682316902,40.18661117553711,15.0,180.0
-77.10650212084938,27.141475395944106,26.696223358490226,40.28658676147461,15.0,180.0
-76.55117968248531,27.353817802315945,26.679424429187893,40.38671493530273,15.0,180.0
-75.98134537693066,27.61426362011161,26.45365427298988,40.38671493530273,15.0,180.0
-75.42089518588234,27.82294752577142,26.041657551742333,40.4866943359375,15.0,180.0
-74.86409575440369,27.88496325921179,25.778420707096164,40.58661270141602,15.0,180.0
-74.30556270412454,27.863760667823662,25.733824309129904,40.68656158447266,15.0,180.0
-73.84157213857631,27.71253699919631,25.745153027946884,40.78655242919922,15.0,180.0
-73.57791438986713,27.46304075628661,25.68078772344659,40.88669586181641,15.0,180.0
-73.42666737714002,27.30007106618472,25.4269337686564,40.98664474487305,15.0,180.0
-73.219556295839,27.24399260023464,24.95253742678545,41.08657073974609,15.0,180.0
-72.87432357354798,27.25464335701325,24.560790375610896,41.08657073974609,15.0,180.0
-72.4577325735032,27.26802670133319,24.461357519245745,41.18659591674805,15.0,180.0
-72.03951825585372,27.24078547596193,24.460491972726143,41.28659057617188,15.0,180.0
-71.60775006998671,27.217128130503887,24.348915997347056,41.38665771484375,15.0,180.0
-71.20003963607475,27.24161757678632,24.008036571175904,41.48664855957031,15.0,180.0
-70.74436651458636,27.159956063972853,23.57623222909904,41.58673858642578,15.0,180.0
-70.1536704985433,26.959916747273382,23.208170669458188,41.68673324584961,15.0,180.0
-69.56152340802399,26.871965119967616,22.81030531096912,41.68673324584961,15.0,180.0
-68.92818064234562,26.832299197312704,22.489787031599896,41.7867546081543,15.0,180.0
-68.2810240272482,26.710681006220987,22.46341442059492,41.88660430908203,15.0,180.0
-67.84973357204322,26.54175449077178,22.62115019743945,41.98660278320312,15.0,180.0
-67.51906313438666,26.314644814595663,22.76966145820641,42.08661651611328,15.0,180.0
-67.20426611902435,26.10427243095032,22.89292442397136,42.18667602539062,15.0,180.0
-66.94440452233137,26.007609658942084,22.76865506775517,42.28667831420898,15.0,180.0
-66.64146662726873,26.09234626076534,22.17506747048404,42.38668060302734,15.0,180.0
-66.40697418567706,26.48519832386185,21.326854622908066,42.38668060302734,15.0,180.0
-66.21673764860066,27.06893721404836,20.463956171125183,42.48658752441406,15.0,180.0
-65.80656280679298,27.42982713633237,19.824825540876265,42.5865364074707,15.0,180.0
-65.21599513643474,27.40666127833633,19.543156485158462,42.68650436401367,15.0,180.0
-64.63952599064329,27.19673175431053,19.508582673626307,42.78652954101562,15.0,180.0
-64.13045576970201,26.78496845471593,19.45740338638472,42.88653564453125,15.0,180.0
-63.708122847640965,26.23779696803795,19.27701999450829,42.98651123046875,15.0,180.0
-63.54319139106856,25.933916080109483,19.147363649905344,43.08666229248047,15.0,180.0
-63.65911189808894,25.797834689282983,19.10069418049996,43.08666229248047,15.0,180.0
-63.78170440783688,25.51633926224453,19.177634446008284,43.1866569519043,15.0,180.0
-63.820783290821616,25.1180370721955,19.4312665119563,43.28647613525391,15.0,180.0
-63.82032173050315,24.721605123839627,19.72877551891723,43.38661575317383,15.0,180.0
-63.7286208302652,24.44590263005557,19.941765959234225,43.48653030395508,15.0,180.0
-63.55606347831528,24.35065814845209,20.08609641717784,43.58656692504883,15.0,180.0
-63.22337988030425,24.136929439983334,20.19616073311977,43.68644714355469,15.0,180.0
-62.706435957025306,23.60586057692953,20.12464744867252,43.68644714355469,15.0,180.0
-62.24769390821487,23.107160317626683,19.935102954920325,43.78619766235352,15.0,180.0
-61.95287273140674,22.83082841463532,19.933802715256235,43.88665771484375,15.0,180.0
-61.608085244508686,22.612420147940803,20.038581371076777,43.98677825927734,15.0,180.0
-61.11661539162191,22.547961399693804,19.97425627090838,44.08665084838867,15.0,180.0
-60.65213293872081,22.70825392898693,19.728687585360305,44.18667221069336,15.0,180.0
-60.13637765412661,22.769153726773308,19.47516349788605,44.28652954101562,15.0,180.0
-59.35349329087097,22.477972294932343,19.2079199989497,44.38669204711914,15.0,180.0
-58.49864612124399,21.96411622263984,18.74155974270281,44.38669204711914,15.0,180.0
-57.90232706897996,21.497500103937792,18.201629233651225,44.48663711547852,15.0,180.0
-57.55440516157488,21.240756626295823,17.884496853202076,44.58653259277344,15.0,180.0
-57.18458956956527,21.316562726374563,17.854356241343584,44.68652725219727,15.0,180.0
-56.68333409578336,21.63667192599988,17.94969927347592,44.78655624389648,15.0,180.0
-56.223201876361095,21.933757791427805,17.996202727763954,44.88674545288086,15.0,180.0
-56.02162999540786,22.06039201429769,17.96739557816499,44.98677062988281,15.0,180.0
-56.14896062210616,22.14733085839648,17.88013551333328,44.98677062988281,15.0,180.0
-56.48460679251872,22.443547497741235,17.745381624764214,45.08665466308594,15.0,180.0
-56.70489312104027,22.72002575444656,17.569299477094006,45.18660736083984,15.0,180.0
-56.51523941653778,22.776309742962948,17.27749212136799,45.28665161132812,15.0,180.0
-56.099172123431,22.888820790359063,16.93667056072031,45.3867301940918,15.0,180.0
-55.65811488826756,23.135935453244542,16.81230770235923,45.48656845092773,15.0,180.0
-55.05483812078846,23.416073933818776,17.038917095930685,45.58664703369141,15.0,180.0
-54.257966022319,23.600424195149607,17.480835055566494,45.68661499023438,15.0,180.0
-53.45339907261392,23.5912512718753,17.922249685130055,45.68661499023438,15.0,180.0
-52.80587721890551,23.485194520136908,18.27461176361477,45.78662872314453,15.0,180.0
-52.41193252223216,23.348747273420923,18.440388003093485,45.88672637939453,15.0,180.0
-52.26124223918935,23.163849077735044,18.32868986856017,45.98666000366211,15.0,180.0
-52.16429003485848,22.907548053459983,17.973426753594016,46.08652114868164,15.0,180.0
-51.97770664692824,22.753395198257625,17.460334506792908,46.18655776977539,15.0,180.0
-51.68148228841481,22.85467940791961,16.910157030619352,46.28658676147461,15.0,180.0
-51.31583645458112,23.05432135975009,16.439894346601328,46.28658676147461,15.0,180.0
-50.90379005389531,23.215339155792115,16.047282440771472,46.38667678833008,15.0,180.0
-50.4967748633664,23.359817288436894,15.763346531600147,46.48660659790039,15.0,180.0
-50.12634619751099,23.44705402312748,15.579138845050934,46.58658599853516,15.0,180.0
-49.76407678362132,23.36945724625617,15.241127863562795,46.68657684326172,15.0,180.0
-49.50457450532208,23.14540409244709,14.836759548027874,46.78652572631836,15.0,180.0
-49.37131359429535,22.83961056918297,14.67595707760312,46.88660430908203,15.0,180.0
-49.30881626574183,22.671511474352645,14.60939167742102,46.98666000366211,15.0,180.0
-49.31965471848582,22.86423464827424,14.39537884865098,46.98666000366211,15.0,180.0
-49.1667867116865,23.188384698769774,14.05746198499454,47.08658218383789,15.0,180.0
-48.62720660947501,23.30558756684129,13.708541388710003,47.18658065795898,15.0,180.0
-47.87178334071738,23.1825297464415,13.51133139039652,47.28671264648438,15.0,180.0
-47.059794608093206,22.995930260551656,13.592913269310664,47.38672637939453,15.0,180.0
-46.23021616723541,22.905909663421934,13.853840822960285,47.48661422729492,15.0,180.0
-45.44060904791959,22.83787079947646,13.932649223013208,47.5865364074707,15.0,180.0
-44.65069871850559,22.73979806172332,13.55136062854995,47.68650817871094,15.0,180.0
-43.96276454822737,22.70942305106424,12.996726030696838,47.68650817871094,15.0,180.0
-43.489357228615695,22.729072673230487,12.588940969903662,47.78668975830078,15.0,180.0
-43.160939291536025,22.73518510351237,12.255587934198845,47.88672637939453,15.0,180.0
-42.95313836543473,22.662827739838164,11.957215062031764,47.9866943359375,15.0,180.0
-42.72132282977812,22.45952065084187,11.785212433031257,48.08677291870117,15.0,180.0
-42.41009753695607,22.14105741223649,11.818245925712922,48.18661499023438,15.0,180.0
-42.13938702404388,21.742170540572552,11.926480866048031,48.28652572631836,15.0,180.0
-41.86003803099993,21.29966293145881,11.96219886395476,48.28652572631836,15.0,180.0
-41.62386984185366,20.86630437022476,12.075929210489733,48.38663101196289,15.0,180.0
-41.385190913171456,20.49578177013673,12.375137305285698,48.48654937744141,15.0,180.0
-40.97582081818919,20.28885446108496,12.527643617230437,48.58664703369141,15.0,180.0
-40.48536375448563,20.34240166661405,12.364717969258797,48.68665313720703,15.0,180.0
-39.98505177280228,20.616595259514035,12.27148294245357,48.78661727905273,15.0,180.0
-39.37196064124379,20.99199629723945,12.487303719925444,48.88670349121094,15.0,180.0
-38.6438237360902,21.349180318361466,12.798897791174111,48.98663711547852,15.0,180.0
-38.12288308721891,21.556695210737825,13.104490964674987,48.98663711547852,15.0,180.0
-37.938369313168046,21.56984601032012,13.479945717127226,49.08658599853516,15.0,180.0
-37.83582399920551,21.568784088841188,13.880847750822156,49.18666458129883,15.0,180.0
-37.61997144793728,21.5896262098878,14.316272441583186,49.28652954101562,15.0,180.0
-37.27762430013455,21.619765186788488,14.595064112772327,49.38656234741211,15.0,180.0
-36.9559829980068,21.790121800038065,14.56119667858693,49.48669815063477,15.0,180.0
-36.60061778932815,21.909630872797003,14.409067300436874,49.5866584777832,15.0,180.0
-36.082391023392574,21.77190911130542,14.321144628361752,49.5866584777832,15.0,180.0
-35.61222381204244,21.429822084837724,14.231732138884626,49.68669128417969,15.0,180.0
-35.283648991336506,21.0276626068558,13.947661584337752,49.78668212890625,15.0,180.0
-35.01094451897647,20.7240315690119,13.561695844916455,49.88653564453125,15.0,180.0
-34.76494016893891,20.55504895481648,13.181783342642795,49.98653793334961,15.0,180.0
-34.66174511525146,20.478737753013235,12.687307271892596,50.08654403686523,15.0,180.0
-34.719820007604696,20.38097672309048,12.047949879479802,50.18671035766602,15.0,180.0
-34.70905701924234,20.216774560629407,11.54980768923583,50.28664779663086,15.0,180.0
-34.616477759620125,20.01591870174416,11.467749876250709,50.28664779663086,15.0,180.0
-34.390288885198444,19.723012081530683,11.609326642713498,50.38661575317383,15.0,180.0
-33.93465959710244,19.324297861434125,11.626390220234642,50.48649597167969,15.0,180.0
-33.41580700860331,19.00923921481203,11.36194332474454,50.58650207519531,15.0,180.0
-32.83059769909341,18.884060866589262,11.012553511605946,50.68656921386719,15.0,180.0
-32.16919875787135,18.75838078624601,10.81714747087813,50.78653717041016,15.0,180.0
-31.61779502571782,18.53343042115129,10.520904424769483,50.88664245605469,15.0,180.0
-31.108833266935225,18.36524780453395,9.986150924289516,50.98655700683594,15.0,180.0
-30.5382900941269,18.354477804744164,9.382187354914617,50.98655700683594,15.0,180.0
-30.132043891830435,18.47503715092249,8.845869271851761,51.08666610717773,15.0,180.0
-29.94919427510577,18.70389493687,8.571797954378752,51.18667221069336,15.0,180.0
-29.735240000514395,18.927081431120897,8.500916502790764,51.28655624389648,15.0,180.0
-29.466800689698832,19.13190458807265,8.416409261269612,51.38662719726562,15.0,180.0
-29.145550764538008,19.38529934423345,8.329256631386887,51.48660659790039,15.0,180.0
-28.655792345033205,19.433159710318144,8.326560852513087,51.58670806884766,15.0,180.0
-28.027795648464803,19.112689659548508,8.300229581197113,51.58670806884766,15.0,180.0
-27.226957365203525,18.88854728802022,8.216175820125526,51.68679428100586,15.0,180.0
-26.29290763954394,18.97027777883598,8.212735091239344,51.78667831420898,15.0,180.0
-25.49628777373221,18.97185998461756,8.25812434803785,51.88658905029297,15.0,180.0
-25.02992112483241,18.91933523151404,8.147237167294655,51.98645401000977,15.0,180.0
-24.87547500384626,18.927499433450865,7.786524928885871,52.0865478515625,15.0,180.0
-24.94420824597296,18.735309612410468,7.311881834871544,52.18666076660156,15.0,180.0
-25.200433709907355,18.42055188385532,6.873175589144179,52.28664779663086,15.0,180.0
-25.70884693204629,18.25490354645424,6.522041400936742,52.28664779663086,15.0,180.0
-26.37622840681968,18.11256262509098,6.191625103720227,52.38667678833008,15.0,180.0
-26.819818619134644,17.75803296800588,6.097259244598607,52.48661804199219,15.0,180.0
-26.92966305548294,17.296000740598302,6.427149543985982,52.58676528930664,15.0,180.0
-26.9084520927602,16.99345999163926,6.852080980140555,52.68663024902344,15.0,180.0
-26.82342929244655,16.822826940091737,7.154274562264012,52.78656005859375,15.0,180.0
-26.73539698823888,16.59666196531647,7.358209151361239,52.88653945922852,15.0,180.0
-26.715032674458232,16.361279261264098,7.402063234102977,52.88653945922852,15.0,180.0
-26.656492562413383,16.294469929012276,7.080554019566407,52.98653411865234,15.0,180.0
-26.37877866266755,16.300734098387945,6.482582273576144,53.08670425415039,15.0,180.0
-25.72971321355635,16.200267188054863,6.1020509049672045,53.18660736083984,15.0,180.0
-24.79467351384873,16.008753307264435,5.97097865575015,53.28659057617188,15.0,180.0
-24.009601664458728,15.888019625578528,5.688192345952637,53.38653945922852,15.0,180.0
-23.67277388094593,16.01721172321669,5.295563670531282,53.48653411865234,15.0,180.0
-23.51144002421855,16.239089407008496,5.027595628323521,53.58662414550781,15.0,180.0
-23.270539686910777,16.354827123141977,4.927651310319841,53.58662414550781,15.0,180.0
-23.00527815615986,16.422260203373803,4.954180730091844,53.68675994873047,15.0,180.0
-22.697100373413843,16.443421936406956,5.02745834716024,53.78655624389648,15.0,180.0
-22.40714781774849,16.415675721233573,5.148861886496683,53.88656234741211,15.0,180.0
-22.343536294265704,16.382376348940138,5.350084095342012,53.98665618896484,15.0,180.0
-22.436728612639754,16.31501649289313,5.543546978348572,54.08658981323242,15.0,180.0
-22.528592407865496,16.28605086537519,5.539034486956849,54.18674468994141,15.0,180.0
-22.707852317754828,16.208834610868365,5.5083201274456615,54.28656005859375,15.0,180.0
-22.79448680891781,15.833979287608637,5.569606817085825,54.28656005859375,15.0,180.0
-22.51764536649715,15.332785467678743,5.519346452449129,54.38652801513672,15.0,180.0
-22.063814302824067,15.052240938422406,5.499231811619899,54.48666381835938,15.0,180.0
-21.706028306690463,15.124767299298725,5.628530410220996,54.58661651611328,15.0,180.0
-21.43926269228073,15.346615685133226,5.736011414657281,54.68671035766602,15.0,180.0
-21.183635415181545,15.383947750672345,5.546388317146657,54.78666305541992,15.0,180.0
-20.931680115719523,15.276454775599111,5.161832150742518,54.88650512695312,15.0,180.0
-20.602450955463063,15.268207585995778,4.995883124214094,54.88650512695312,15.0,180.0
-20.188688390279548,15.478323535053772,4.949388117993587,54.98659133911133,15.0,180.0
-19.842663393796403,15.808576925503548,4.731529177545807,55.08655548095703,15.0,180.0
-19.57069062180134,15.997153406706712,4.365234243816387,55.18669509887695,15.0,180.0
-19.302516878654018,15.882534855786917,3.9093898197392223,55.2867546081543,15.0,180.0
-19.100677651696145,15.562911478012705,3.439315247119548,55.38660049438477,15.0,180.0
-18.858693644383496,15.207466869794228,3.2071390047669475,55.48656463623047,15.0,180.0
-18.272509601593622,14.877368032909487,3.387122627631437,55.58663940429688,15.0,180.0
-17.4667954711685,14.618509321449231,3.813132936396351,55.58663940429688,15.0,180.0
-16.81908707203845,14.443223017520584,3.9873537051407935,55.68664169311523,15.0,180.0
-16.323070030781604,14.308605693598857,3.870386700738061,55.78654861450195,15.0,180.0
-15.845125330257826,14.236963643934232,3.7244975223913457,55.8865966796875,15.0,180.0
-15.365491836228188,14.287505862208588,3.4525444288029705,55.98661422729492,15.0,180.0
-14.976273826049043,14.460460042648224,3.14838179856329,56.08674621582031,15.0,180.0
-14.748132336942277,14.76839353088245,2.979006039070841,56.18684387207031,15.0,180.0
-14.554072568571376,15.153450703879097,3.125003847071249,56.18684387207031,15.0,180.0
-14.270532570620611,15.369479361362403,3.6205165051461856,56.28658676147461,15.0,180.0
-13.876963777465374,15.392637235115547,4.025655995062395,56.38663864135742,15.0,180.0
-13.372275654143426,15.446997755085002,4.044202136800323,56.48659896850586,15.0,180.0
-12.866394696120842,15.510233713925087,3.6974420278599816,56.58652496337891,15.0,180.0
-12.53023630161348,15.431044706446087,3.1989986350559327,56.68667221069336,15.0,180.0
-12.297190664379045,15.158351201421269,2.772662739636635,56.78666305541992,15.0,180.0
-12.202710923928445,14.710680439346262,2.4203230354986607,56.8865966796875,15.0,180.0
-12.418444391292148,14.2034982489304,2.151328838766391,56.8865966796875,15.0,180.0
-12.811196130252686,13.715709666745848,1.9579693324204848,56.98659133911133,15.0,180.0
-13.072094343866606,13.254327295986556,1.560060392721649,57.08644104003906,15.0,180.0
-12.919710392384529,12.930877192214076,0.91142760777704,57.18656158447266,15.0,180.0
-12.448542054518182,12.654349927352088,0.4244225885587322,57.28665924072266,15.0,180.0
-11.883906417591106,12.246795342108442,0.1712042539002949,57.38650894165039,15.0,180.0
-11.237984151075263,11.827703657429607,0.0183328857078182,57.48661422729492,15.0,180.0
-10.677723325685562,11.484842367148543,-0.0047314616485518,57.48661422729492,15.0,180.0
-10.42963388449579,11.28055992747952,-0.1610026636893211,57.5866584777832,15.0,180.0
-10.425766790213022,11.240248182170392,-0.6759992180215457,57.68659210205078,15.0,180.0
-10.459829387552784,11.22249219391244,-1.2512126588298988,57.78670120239258,15.0,180.0
-10.421019837151078,11.271486283280495,-1.4668883884271526,57.88645553588867,15.0,180.0
-10.333781669146404,11.6011194614116,-1.4272165007562454,57.98644256591797,15.0,180.0
-10.288970525597428,12.168383800211652,-1.439811173267319,58.08675003051758,15.0,180.0
-10.208565212380488,12.625749616630111,-1.410139295352208,58.18666076660156,15.0,180.0
-9.990581965718306,12.673168858074408,-1.3412597809731732,58.18666076660156,15.0,180.0
-9.651572487920976,12.432690775724598,-1.3341320184779328,58.28667068481445,15.0,180.0
-9.206067825359774,12.185762028532036,-1.266769569996061,58.38665390014648,15.0,180.0
-8.729156252066904,12.017106161818257,-1.2148205434950547,58.48647308349609,15.0,180.0
-8.252015106625297,11.996418973477184,-1.331877640140792,58.58660125732422,15.0,180.0
-7.724312929681819,12.065717464188726,-1.5339390726301625,58.68661880493164,15.0,180.0
-7.172101333900276,12.114976623162098,-1.7710376089561586,58.78654479980469,15.0,180.0
-6.761554599311776,12.154372883017588,-2.0476657022588736,58.88669204711914,15.0,180.0
-6.571275516722775,12.09123079451481,-2.244983411337423,58.88669204711914,15.0,180.0
-6.243731297480956,12.036426492892875,-2.3380073903122165,58.98670959472656,15.0,180.0
-5.611255087175096,12.223898926422912,-2.4949459618301786,59.08663558959961,15.0,180.0
-5.056000422982134,12.453669387136037,-2.7122066030105785,59.18666839599609,15.0,180.0
-4.703084809817792,12.60131914457151,-2.686715792471748,59.28650665283203,15.0,180.0
-4.412835091311454,12.809152343149632,-2.4219481889690715,59.38659286499023,15.0,180.0
-4.1843063446826605,12.950531872660305,-2.2028134283314693,59.48661804199219,15.0,180.0
-4.073703240562935,12.892116587665088,-1.9114047021213143,59.48661804199219,15.0,180.0
-4.047266000272852,12.724866262023523,-1.4734541215242016,59.58664703369141,15.0,180.0
-3.906568288699809,12.518577704295655,-1.2073340909162216,59.68661880493164,15.0,180.0
-3.665740854607776,12.308551827581317,-1.3468886965554383,59.78660583496094,15.0,180.0
-3.583452712729219,12.109338660513409,-1.8613046059657217,59.88653945922852,15.0,180.0
-3.659351497233548,11.844906532600543,-2.477467576419479,59.98662567138672,15.0,180.0
-3.7460676733641294,11.595611283392126,-2.983449593704445,60.08669662475586,15.0,180.0
-3.727877825115268,11.453517485893576,-3.3599206213475004,60.18658447265625,15.0,180.0
-3.509035787594996,11.29741687004351,-3.5744907648785187,60.18658447265625,15.0,180.0
-3.146714199320119,11.20839448013733,-3.680298468236172,60.28667068481445,15.0,180.0
-2.7345443486241905,11.253925394931828,-3.719514324908592,60.38661193847656,15.0,180.0
-2.412057475425218,11.229857367760648,-3.600275412335148,60.48666000366211,15.0,180.0
-2.195416632110493,11.0370570824707,-3.3929852593444485,60.58671951293945,15.0,180.0
-2.040159124505916,10.824195596669783,-3.23555864820694,60.68655014038086,15.0,180.0
-2.0098655155007883,10.758289175383444,-3.143619571358937,60.78665161132812,15.0,180.0
-1.8853390030999824,10.797089948973486,-3.0375402727541374,60.78665161132812,15.0,180.0
-1.4989929773332449,10.786680203556337,-2.887193530418104,60.88679122924805,15.0,180.0
-1.023515513046828,10.680217116319914,-2.887159848460064,60.98662948608398,15.0,180.0
-0.6429776906921063,10.431355120756416,-3.0434670692292,61.08654403686523,15.0,180.0
-0.3473148831867476,10.050685303746382,-3.0723438923141773,61.18659591674805,15.0,180.0
0.0381317156984728,9.800326564290732,-2.9063410952699043,61.28652572631836,15.0,180.0
0.4806338814946258,9.721270155423074,-2.687530356813352,61.38657760620117,15.0,180.0
0.780064220134598,9.718996490055712,-2.50173064024516,61.48643112182617,15.0,180.0
1.0223388837775431,9.80858011055003,-2.412625284432332,61.48643112182617,15.0,180.0
1.234137092553908,9.820832267742588,-2.4681834916405387,61.58634185791016,15.0,180.0
1.2328098054370074,9.670432951018658,-2.680033699840985,61.68660736083984,15.0,180.0
1.1758001255535646,9.418625738498156,-2.9737089635985425,61.78667831420898,15.0,180.0
1.3371613195702885,9.20809526085788,-3.232065252298643,61.88669204711914,15.0,180.0
1.6844854552119737,9.104202419458474,-3.589032159778662,61.98675918579102,15.0,180.0
2.030963336736712,8.877495593300324,-4.010236743733381,62.08658981323242,15.0,180.0
2.3119251600922617,8.540772764980396,-4.213146757620908,62.1865348815918,15.0,180.0
2.535031441056052,8.340186619785904,-4.37702532677103,62.1865348815918,15.0,180.0
2.753035453456963,8.362462574124102,-4.804516678519097,62.28669357299805,15.0,180.0
2.9392382696422032,8.60475626529143,-5.366500725412726,62.3865852355957,15.0,180.0
2.877849541038188,8.86232701640126,-5.769172575130742,62.48662185668945,15.0,180.0
2.676963497123065,9.003270416671526,-5.906370483868583,62.58663940429688,15.0,180.0
2.6164916586866376,9.209853547243188,-5.823407476393332,62.6866569519043,15.0,180.0
2.669662362003976,9.467251331315268,-5.645249682131214,62.78672790527344,15.0,180.0
2.739678868550321,9.592607898701049,-5.640044326865033,62.78672790527344,15.0,180.0
2.774730464630004,9.593459326705418,-5.915131664827548,62.88660049438477,15.0,180.0
2.7602218089644914,9.464784916558378,-6.275087080619092,62.98646926879883,15.0,180.0
2.831887296804208,9.168130078066197,-6.53304203835993,63.08639907836914,15.0,180.0
3.0934081826491493,8.78051027318623,-6.670086314364639,63.18659210205078,15.0,180.0
3.5428373584554613,8.308653707464407,-6.731506847710631,63.28666687011719,15.0,180.0
4.176803601998193,7.740607005750842,-6.678572727056225,63.38662719726562,15.0,180.0
4.8144728755779305,7.187126035072584,-6.43555693144027,63.48640060424805,15.0,180.0
5.163343751166067,6.770618846634944,-6.111272648329886,63.48640060424805,15.0,180.0
5.301571000267398,6.606932412310307,-5.984581822507062,63.58652877807617,15.0,180.0
5.45922035765903,6.674438025836238,-6.1250968133830295,63.686767578125,15.0,180.0
5.471082881022161,6.811850437135084,-6.400199714208313,63.78672790527344,15.0,180.0
5.228545988825358,6.976971399584218,-6.665378517018446,63.88650894165039,15.0,180.0
4.872350208958679,7.232249191331455,-6.8515096225919,63.98644256591797,15.0,180.0
4.55214492942193,7.414956314507219,-7.085205634668335,64.08661651611328,15.0,180.0
4.360094789512038,7.263376987761512,-7.472410000855493,64.08661651611328,15.0,180.0
4.299431366137355,7.011728452909424,-7.956298208419734,64.18678283691406,15.0,180.0
4.4884876590916924,7.006360888018339,-8.235157128669414,64.28671264648438,15.0,180.0
5.019848648670967,7.088813848622095,-8.037524852707822,64.38640594482422,15.0,180.0
5.715051224195065,7.160407545651347,-7.73140737722827,64.4864501953125,15.0,180.0
6.289926639742411,7.284332275765688,-7.724796816888983,64.586669921875,15.0,180.0
6.600953077553745,7.345715535742546,-7.844758028234136,64.68663024902344,15.0,180.0
6.6409690638765095,7.416899826591563,-7.905653061905396,64.78648376464844,15.0,180.0
6.630120133331154,7.5813994903409085,-7.970521833075224,64.78648376464844,15.0,180.0
6.81397751353893,7.636758894479154,-7.899094353818022,64.88638305664062,15.0,180.0
7.152180873766081,7.644522030316317,-7.486428181928635,64.98661041259766,15.0,180.0
7.5282626010697875,7.763285924439135,-7.053369041191053,65.08683013916016,15.0,180.0
7.829572691314276,7.836904570252479,-7.046022317128603,65.18667602539062,15.0,180.0
8.037774004229776,7.796346681075233,-7.240437812671479,65.28675079345703,15.0,180.0
8.206622322808219,7.683291263836874,-7.178372287763395,65.38661193847656,15.0,180.0
8.426644989965574,7.5117342782340994,-7.165089440780939,65.38661193847656,15.0,180.0
8.803712804908216,7.238843645307896,-7.510770096663733,65.48654174804688,15.0,180.0
9.215079604990027,6.882865514959388,-7.823345341795936,65.58674621582031,15.0,180.0
9.449786631275988,6.55552045362313,-8.012969083742838,65.68635559082031,15.0,180.0
9.635549510299915,6.351043606862131,-8.181104146268332,65.78636169433594,15.0,180.0
9.946073385767695,6.243647160370717,-8.197872374502012,65.8866958618164,15.0,180.0
10.302819936764486,5.972880384303677,-8.274620647721777,65.98674774169922,15.0,180.0
10.70320713573265,5.597936856867027,-8.603278214407553,66.08676147460938,15.0,180.0
11.047196505593249,5.22861666520561,-8.840974618276032,66.08676147460938,15.0,180.0
11.137391175559204,4.751206056190141,-8.813910259688413,66.18682098388672,15.0,180.0
11.117475807532696,4.397580791005613,-8.932712181374583,66.28666687011719,15.0,180.0
11.242254560106485,4.2695011774918825,-9.342614154693042,66.3866195678711,15.0,180.0
11.434814252554704,4.236833329424691,-9.632538263961017,66.48662567138672,15.0,180.0
11.706556901994972,4.240175594341352,-9.761259978718966,66.58651733398438,15.0,180.0
12.168534813786843,4.1219019932159,-10.002324103159753,66.68672180175781,15.0,180.0
12.716714617451393,3.86490390426356,-10.335038013374945,66.78665924072266,15.0,180.0
13.276122786842873,3.764017259934204,-10.62063008875575,66.78665924072266,15.0,180.0
13.772914768101998,3.875182610569359,-10.817428898060284,66.88664245605469,15.0,180.0
14.12692880185601,3.8784898461935335,-11.103979098149932,66.98667907714844,15.0,180.0
14.355642493897127,3.809827567836497,-11.59148186567312,67.0865249633789,15.0,180.0
14.647233065208024,3.921905866233705,-12.156762663872913,67.18669891357422,15.0,180.0
14.941578485165785,4.22083748672413,-12.659023104463431,67.2867202758789,15.0,180.0
15.076976495496693,4.599164752447313,-13.00203426976612,67.38655853271484,15.0,180.0
15.171071201775298,4.957434689290976,-13.200824165258377,67.38655853271484,15.0,180.0
15.194742099825742,5.173799838268728,-13.281338673223647,67.48653411865234,15.0,180.0
15.274730593200808,5.19358609967676,-13.232130581311836,67.5865249633789,15.0,180.0
15.431413231324392,5.125633966381022,-13.130523159787783,67.6866226196289,15.0,180.0
15.366962323377113,4.84585616438252,-13.124943409444676,67.78672790527344,15.0,180.0
15.189036525745324,4.239361193803977,-13.09339854173056,67.88658905029297,15.0,180.0
15.034590193158678,3.606471036760974,-12.80941998009578,67.98651123046875,15.0,180.0
15.01238506386236,3.1735470648098727,-12.40303554066352,68.08653259277344,15.0,180.0
15.336182321566866,2.963033665964792,-12.093781415723404,68.08653259277344,15.0,180.0
15.796283802405169,3.091098956945141,-11.932739668702382,68.18663024902344,15.0,180.0
16.176360680461453,3.6469379435780303,-11.807689117339075,68.28665161132812,15.0,180.0
16.527017514285188,4.324905490012234,-11.660961829845265,68.3866195678711,15.0,180.0
16.814404784476007,4.658517939721792,-11.585482565028848,68.486572265625,15.0,180.0
16.977918200147847,4.584541319778216,-11.503112328260483,68.58660888671875,15.0,180.0
17.025941949766548,4.232906542867156,-11.309550767500546,68.68667602539062,15.0,180.0
17.189475508201852,3.725916856112102,-11.14391848383983,68.68667602539062,15.0,180.0
17.69079047706666,3.190580246117579,-11.097222280195975,68.7864990234375,15.0,180.0
18.266757029314427,2.7204891347782487,-11.094213911029245,68.8865737915039,15.0,180.0
18.58028482567922,2.4361849518974585,-11.140438248604298,68.9865951538086,15.0,180.0
18.746531334199016,2.293604335390781,-11.246401675973534,69.08649444580078,15.0,180.0
18.937096361588235,2.20186127231582,-11.326777183047216,69.18649291992188,15.0,180.0
19.030649641027285,2.075195317328469,-11.54829050475158,69.28673553466797,15.0,180.0
19.07941174972796,1.9159929169002723,-11.9900416880503,69.3868179321289,15.0,180.0
19.283863403077227,1.9372532265972813,-12.320454554559124,69.3868179321289,15.0,180.0
19.59535810147992,2.1664630941005205,-12.502286079557583,69.48675537109375,15.0,180.0
19.8945545867987,2.315958080825013,-12.788870947960993,69.58665466308594,15.0,180.0
20.21364798801432,2.212260384775912,-13.13854048553944,69.68649291992188,15.0,180.0
20.607205526754733,2.043407515010519,-13.33773883540239,69.78672790527344,15.0,180.0
21.045628941961144,2.0214228551009885,-13.361442790061936,69.88681030273438,15.0,180.0
21.41980895321429,2.057390262075913,-13.39610212577398,69.98654174804688,15.0,180.0
21.644709311518582,1.9969386095400288,-13.603804328322546,70.08647155761719,15.0,180.0
21.82903717699581,1.9102388087361524,-13.858519197788524,70.08647155761719,15.0,180.0
22.11814484907644,1.936112564745209,-13.98802640673173,70.1865234375,15.0,180.0
22.55081200921925,1.9599111716081128,-13.960258368844666,70.28687286376953,15.0,180.0
22.92310630333829,1.9075179032988696,-13.854603132666009,70.38679504394531,15.0,180.0
23.12176359801312,1.8906559656604127,-13.793518677748697,70.48662567138672,15.0,180.0
23.34703189102078,1.8412931181325325,-13.751172275583134,70.58661651611328,15.0,180.0
23.707621382404188,1.708490304516889,-13.70361712780202,70.68658447265625,15.0,180.0
24.16800716037776,1.4940069976013222,-13.600914154392903,70.68658447265625,15.0,180.0
24.57794963859559,1.2626640766044606,-13.5403414635553,70.78675079345703,15.0,180.0
24.88651734987597,1.0572111621590228,-13.674349018730847,70.88666534423828,15.0,180.0
25.18787836866852,0.8924518576449438,-13.869440759405512,70.98631286621094,15.0,180.0
25.45324262313497,0.9095179446630296,-14.10013080398192,71.08642578125,15.0,180.0
25.650183953243094,0.992868556852855,-14.395446412934472,71.18668365478516,15.0,180.0
25.83103924937812,0.8401231707140244,-14.689073424732609,71.2867660522461,15.0,180.0
26.005775156577013,0.4102865433580378,-14.939987329023282,71.38672637939453,15.0,180.0
26.020767854131385,-0.0600141013509976,-15.15378010291662,71.38672637939453,15.0,180.0
25.871792610883112,-0.4095297935500293,-15.383224008268272,71.48665618896484,15.0,180.0
25.853832865887643,-0.5972429075244303,-15.5808113334529,71.58651733398438,15.0,180.0
25.903308131741987,-0.5047079502555842,-15.74674538432014,71.68666076660156,15.0,180.0
25.769907940352795,-0.0972604868197848,-15.979888080156982,71.78666687011719,15.0,180.0
25.645765870733847,0.426696748997772,-16.28401996243063,71.88643646240234,15.0,180.0
25.73412792271525,0.839767468329093,-16.466367050445463,71.98638916015625,15.0,180.0
26.015210909311328,1.1580098818603366,-16.245480473049472,71.98638916015625,15.0,180.0
26.48865791875845,1.4694035109420556,-15.68120114341134,72.08663940429688,15.0,180.0
27.05127710398054,1.7593827012306988,-15.155230235919884,72.1866683959961,15.0,180.0
27.517192611596563,1.9806658360155875,-14.849419149056516,72.28685760498047,15.0,180.0
27.792625003017648,1.9670042382911053,-14.764106428196587,72.38668060302734,15.0,180.0
27.95810385059616,1.783094059985249,-14.590834115114372,72.48652648925781,15.0,180.0
28.23584606334624,1.6292455600297124,-14.063198339600316,72.58661651611328,15.0,180.0
28.716785400137905,1.5050911976572865,-13.541112568889847,72.68658447265625,15.0,180.0
29.257701885352848,1.4438134824311095,-13.359582756347672,72.68658447265625,15.0,180.0
29.741786843647656,1.2506697691113366,-13.455070269437416,72.78668975830078,15.0,180.0
30.178904207253023,0.748176768122228,-13.562793670393033,72.88653564453125,15.0,180.0
30.48250556969234,0.2471148603286508,-13.648374055682323,72.98651123046875,15.0,180.0
30.623869926937346,-0.0536311817535057,-13.853441323079274,73.08662414550781,15.0,180.0
30.7106909825195,-0.2710971779666593,-14.178888798732302,73.18656921386719,15.0,180.0
30.66181712635705,-0.4833651934956888,-14.612281127664826,73.28665924072266,15.0,180.0
30.37222087415733,-0.7170659459572097,-14.999282420608935,73.28665924072266,15.0,180.0
29.946858847666643,-0.8685805975758796,-15.15541171632228,73.38668060302734,15.0,180.0
29.670513318944465,-0.9074864154649056,-15.22939453986662,73.48657989501953,15.0,180.0
29.83279944709973,-1.0364559569327485,-15.285278699700571,73.58660125732422,15.0,180.0
30.3295803537896,-1.263534443246268,-15.079720303514968,73.68663024902344,15.0,180.0
30.784877131981304,-1.4335072456841966,-14.699499323443808,73.78650665283203,15.0,180.0
30.90000360249352,-1.4465138000574975,-14.44295214799942,73.88652038574219,15.0,180.0
30.81049480977429,-1.2276073730672836,-14.264391927113756,73.98662567138672,15.0,180.0
30.814581504910805,-0.96364818687619,-13.896819718064457,73.98662567138672,15.0,180.0
30.792136192047643,-0.9897347437181668,-13.461591305747168,74.08651733398438,15.0,180.0
30.74257337778324,-1.242423724047064,-13.327872637463871,74.18650817871094,15.0,180.0
30.90701568964891,-1.4468558960949252,-13.487811484977565,74.28675842285156,15.0,180.0
31.273150339230995,-1.486272656774693,-13.810381437453742,74.38671112060547,15.0,180.0
31.69621268408985,-1.4004281813908683,-14.282805684237548,74.48677825927734,15.0,180.0
32.2612498288336,-1.328485407763356,-14.805560013117566,74.58656311035156,15.0,180.0
32.965762416307214,-1.360081535333003,-15.233264419987982,74.68647766113281,15.0,180.0
33.55648559702365,-1.57492280117938,-15.461878032492326,74.68647766113281,15.0,180.0
33.88071204319218,-1.959152701521587,-15.392744579506743,74.78648376464844,15.0,180.0
34.023675158333646,-2.3835838732015766,-15.30459802952593,74.88632202148438,15.0,180.0
34.15417654597381,-2.651784103152432,-15.42332413287222,74.98666381835938,15.0,180.0
34.266600312328656,-2.612679770258616,-15.486393075747984,75.08682250976562,15.0,180.0
34.29238648177555,-2.4814415954475697,-15.480294729811432,75.18668365478516,15.0,180.0
34.27645552281133,-2.4537639908720807,-15.51185849199798,75.2865982055664,15.0,180.0
34.37155241921835,-2.328365989122014,-15.564389582940189,75.2865982055664,15.0,180.0
34.670310823959554,-1.904297898481164,-15.69969422287545,75.38651275634766,15.0,180.0
35.07199764058397,-1.3069833824294173,-15.860603197794497,75.4866714477539,15.0,180.0
35.47606421840423,-0.8888268057042774,-15.967061521147958,75.5867691040039,15.0,180.0
35.91460354475059,-0.7758470977953573,-16.137228291880845,75.6865463256836,15.0,180.0
36.32132133255777,-0.9109411292839926,-16.368364663559586,75.7864761352539,15.0,180.0
36.55540748383386,-1.1703509585354066,-16.48563048656785,75.88665008544922,15.0,180.0
36.62160242387761,-1.3104430822777615,-16.404553734792614,75.98674011230469,15.0,180.0
36.73178761271098,-1.3098172998015434,-16.097049257373005,75.98674011230469,15.0,180.0
37.02078749044426,-1.3671488112824126,-15.76683187440051,76.08670806884766,15.0,180.0
37.34607031290631,-1.5952876827675395,-15.462540650844096,76.18659210205078,15.0,180.0
37.507640915408615,-1.869671078942562,-15.082643447935066,76.28643798828125,15.0,180.0
37.39084120098941,-2.080584205449476,-14.899934149782007,76.3865737915039,15.0,180.0
37.19923897482357,-2.2952495628536225,-14.97791388449889,76.48680114746094,15.0,180.0
37.210333354423724,-2.509969471375099,-15.151730565233253,76.58657836914062,15.0,180.0
37.36556268646696,-2.53771344367648,-15.46990050221057,76.58657836914062,15.0,180.0
37.488478985291,-2.4476034271476665,-15.97002829138546,76.6865005493164,15.0,180.0
37.47066453545105,-2.4904002001662926,-16.504353541521013,76.78666687011719,15.0,180.0
37.413581115288,-2.6960005608221893,-16.877632925801095,76.88677978515625,15.0,180.0
37.49620478147845,-3.1005313697462693,-16.852916469278856,76.98680114746094,15.0,180.0
37.60602643130992,-3.485171151734953,-16.407754162347903,77.08666229248047,15.0,180.0
37.62308449463325,-3.517052233197272,-15.93564082851283,77.18661499023438,15.0,180.0
37.71343158660752,-3.265709468976308,-15.750958829888422,77.28679656982422,15.0,180.0
37.94864650069489,-2.894343401082434,-15.789652143927375,77.28679656982422,15.0,180.0
38.24175375164744,-2.421640742874,-15.781012401434694,77.38670349121094,15.0,180.0
38.63383088345927,-1.9579235994264628,-15.653263031724734,77.48649597167969,15.0,180.0
38.99004117149656,-1.818128089771704,-15.50085817886048,77.58621215820312,15.0,180.0
39.15155063199365,-2.044289248010472,-15.39029833168884,77.68645477294922,15.0,180.0
39.35239281940223,-2.328296182461383,-15.315908721481469,77.78694152832031,15.0,180.0
39.72870313151132,-2.571578882857313,-15.32658500579918,77.88678741455078,15.0,180.0
40.18475710085475,-2.854798089369296,-15.505260055182966,77.98670959472656,15.0,180.0
40.57938753799803,-3.130230264305891,-15.824484958875004,77.98670959472656,15.0,180.0
40.892541343012645,-3.4512202404163546,-16.296442636175893,78.08648681640625,15.0,180.0
41.15959844015493,-3.86552039837768,-16.770467622962187,78.18634033203125,15.0,180.0
41.388363046635504,-4.155284485884066,-17.121562346553638,78.28640747070312,15.0,180.0
41.65406575472498,-4.1715912429248885,-17.441501594157216,78.38591003417969,15.0,180.0
41.90069432791985,-4.012951168636828,-17.793450705315227,78.48596954345703,15.0,180.0
42.10085892461525,-3.851901991351099,-18.192871126471136,78.58644104003906,15.0,180.0
42.22502028012352,-3.657028917546466,-18.60907935988304,78.58644104003906,15.0,180.0
42.19522302193465,-3.434247296715771,-18.860298632915462,78.68717193603516,15.0,180.0
42.15478803808211,-3.308882572290217,-18.748110965885967,78.78697967529297,15.0,180.0
42.36053894123189,-3.222559088736027,-18.521257732591792,78.8862533569336,15.0,180.0
42.90568209181882,-3.131022461178288,-18.620621953529444,78.98623657226562,15.0,180.0
43.525496324518215,-2.979306395830114,-19.01070427266217,79.08661651611328,15.0,180.0
43.83291473901786,-2.848971684347722,-19.30336125796174,79.18688201904297,15.0,180.0
43.86006453426865,-2.9154031906587017,-19.38072017664318,79.28612518310547,15.0,180.0
43.76358263780881,-3.1293754637803533,-19.45968407020332,79.28612518310547,15.0,180.0
43.54503256748886,-3.405612280554036,-19.52814073974845,79.38616943359375,15.0,180.0
43.491581924409545,-3.604002426303541,-19.34374140546223,79.48685455322266,15.0,180.0
43.652399149207554,-3.7395511041171936,-19.02058946372929,79.58738708496094,15.0,180.0
43.75703523402923,-4.034820063923948,-18.76064672369303,79.68708038330078,15.0,180.0
43.84511343146751,-4.443283310985354,-18.593998787161965,79.78656005859375,15.0,180.0
43.89601007284212,-4.777046212109883,-18.56013377470991,79.88642883300781,15.0,180.0
43.86497033998472,-5.074945549160128,-18.61006981797137,79.88642883300781,15.0,180.0
44.03763182781336,-5.311088052532155,-18.830588191415497,79.98686218261719,15.0,180.0
44.57756498088855,-5.3616831180804,-19.020103054808352,80.08696746826172,15.0,180.0
45.10988575772864,-5.369421335678613,-18.94843400977655,80.1866683959961,15.0,180.0
45.39134179572139,-5.5643393730845805,-18.86833109281373,80.28668975830078,15.0,180.0
45.75686028723774,-5.91015459251298,-18.90437124545744,80.38665771484375,15.0,180.0
46.26464123225429,-6.21264620175605,-19.065519915929364,80.48670959472656,15.0,180.0
46.62054244611014,-6.334335994212616,-19.144180779292498,80.58668518066406,15.0,180.0
47.01418140304763,-6.221367522467185,-19.07721654033317,80.58668518066406,15.0,180.0
47.6185981299314,-6.020300661089064,-19.143291116604868,80.68668365478516,15.0,180.0
48.10861737978768,-5.79751239517468,-19.22706124063506,80.78671264648438,15.0,180.0
48.40215240272325,-5.433850201784745,-19.036718086349275,80.88668060302734,15.0,180.0
48.7130402679945,-4.948736654108686,-18.71115234497448,80.98662567138672,15.0,180.0
49.002219784261925,-4.491942538757343,-18.68117772817613,81.08658599853516,15.0,180.0
49.25898474519515,-4.236463803979157,-18.923600923018263,81.1865463256836,15.0,180.0
49.65268574529375,-4.151515234392868,-19.009810072910525,81.1865463256836,15.0,180.0
50.06090579744101,-4.040168038693737,-18.97924473040466,81.28649139404297,15.0,180.0
50.30156674908672,-4.028764229205369,-19.11420052302859,81.38652801513672,15.0,180.0
50.52198669275318,-4.304649622110434,-19.43355910276124,81.48670959472656,15.0,180.0
50.90817168970718,-4.615607764214704,-19.72015559574984,81.58655548095703,15.0,180.0
51.428564845894186,-4.774070207650886,-19.70258951977589,81.6865005493164,15.0,180.0
51.95308935897224,-4.801170036323748,-19.486202651013294,81.78659057617188,15.0,180.0
52.47429710394623,-4.827018465391418,-19.35999246871745,81.8865966796875,15.0,180.0
53.025134042808205,-5.063082741404485,-19.31648149884084,81.8865966796875,15.0,180.0
53.42762643277302,-5.314237747182607,-19.22920837401664,81.98661804199219,15.0,180.0
53.52957062633936,-5.356322450237824,-19.34924770915244,82.08634948730469,15.0,180.0
53.45400683791794,-5.4126228341985305,-19.770328355227875,82.1865234375,15.0,180.0
53.29587743990524,-5.64674437075312,-20.05633082132523,82.28675079345703,15.0,180.0
53.11122953501409,-5.873546110399324,-20.11400015788059,82.38676452636719,15.0,180.0
53.09601874182726,-5.968260161716477,-20.158079049005813,82.48683166503906,15.0,180.0
53.20863647603434,-6.016877665431436,-20.19822611150199,82.5865249633789,15.0,180.0
53.24719783123146,-6.04981300580227,-20.19277123783136,82.5865249633789,15.0,180.0
53.3486415930123,-6.014414312261463,-20.14636811763355,82.68630981445312,15.0,180.0
53.81920057811374,-6.014104657324127,-20.21231778085764,82.78662109375,15.0,180.0
54.53378365361482,-6.186400039778396,-20.606172261290173,82.88652038574219,15.0,180.0
55.13725620141355,-6.502881648772761,-21.19458879534607,82.9862060546875,15.0,180.0
55.4975309228187,-6.95985339475661,-21.660129259559955,83.08645629882812,15.0,180.0
55.66169251772045,-7.4863002751710095,-21.902132231922952,83.18682098388672,15.0,180.0
55.820003611194025,-7.946912966595851,-22.02656278798023,83.18682098388672,15.0,180.0
55.97878504534079,-8.33215250564272,-22.15298872935388,83.28685760498047,15.0,180.0
56.15457634915201,-8.757288320971405,-22.29931917728109,83.38650512695312,15.0,180.0
56.447101448128336,-9.18882918626462,-22.33268324142388,83.486083984375,15.0,180.0
56.6724632936196,-9.481887777487174,-22.185204247007487,83.58625793457031,15.0,180.0
56.70109075028427,-9.681319311703522,-21.92354617416936,83.68683624267578,15.0,180.0
56.59745481141188,-9.679939807311102,-21.60285424783642,83.78654479980469,15.0,180.0
56.45341715824527,-9.319757973612637,-21.399633378293505,83.885498046875,15.0,180.0
56.31600952608412,-8.844574073168786,-21.400373767563444,83.885498046875,15.0,180.0
56.2838449978437,-8.394921031001598,-21.55934496107773,83.98616027832031,15.0,180.0
56.48650529501408,-7.80834102771577,-21.74491181249835,84.08694458007812,15.0,180.0
56.87352757635583,-7.214130106812087,-21.8281154475833,84.18753051757812,15.0,180.0
57.25769680907311,-6.873223454066785,-21.79698765330133,84.2868423461914,15.0,180.0
57.52279384466611,-6.786904068786073,-21.475244751936327,84.38578033447266,15.0,180.0
57.7493797833141,-6.900640804147254,-20.96285654871172,84.48622131347656,15.0,180.0
58.02430332872479,-7.231000379408096,-20.5697360417754,84.48622131347656,15.0,180.0
58.2712130148643,-7.510827816344144,-20.33771783469864,84.58702087402344,15.0,180.0
58.38036161275861,-7.48824180613321,-20.0957037293043,84.6874008178711,15.0,180.0
58.487824556700986,-7.33920991419719,-19.773436731534364,84.78592681884766,15.0,180.0
58.6047209837245,-7.308431204953932,-19.67451612773397,84.88605499267578,15.0,180.0
58.58777860490039,-7.571043378267731,-19.74310348263278,84.9866714477539,15.0,180.0
58.71309550538838,-8.0262031556546,-19.66014654814144,85.08734893798828,15.0,180.0
59.14887430956905,-8.398957511766168,-19.549651574062725,85.18726348876953,15.0,180.0
59.67191251779916,-8.619936135523638,-19.685624489431103,85.18726348876953,15.0,180.0
60.17728468848964,-8.645204158766484,-20.06135570846996,85.28609466552734,15.0,180.0
60.52007353843012,-8.451831975197926,-20.38874354224532,85.38627624511719,15.0,180.0
60.584787027710505,-8.259662594248777,-20.578515140654645,85.48667907714844,15.0,180.0
60.6785835682654,-8.288658163352435,-20.88400611590589,85.5871353149414,15.0,180.0
60.81106859071036,-8.546814790660669,-21.39197028420923,85.68614196777344,15.0,180.0
60.77929286463683,-8.851339675006194,-21.929473023584883,85.78596496582031,15.0,180.0
60.84499019866405,-9.12596763089531,-22.30108919910744,85.88643646240234,15.0,180.0
61.20586320302958,-9.535866902400825,-22.421978982098736,85.88643646240234,15.0,180.0
61.753243600173406,-10.076505628582645,-22.38572374232242,85.98717498779297,15.0,180.0
62.28776048443051,-10.542638486548633,-22.168199317673395,86.0873794555664,15.0,180.0
62.64947191388693,-10.701134018598808,-21.65060706255285,86.18631744384766,15.0,180.0
62.81377692297048,-10.481360968401576,-20.96398499193278,86.2861557006836,15.0,180.0
62.97041825243771,-10.110662223113083,-20.37510312442688,86.38655090332031,15.0,180.0
63.25742279439274,-9.821530438431571,-20.10965453922505,86.48714447021484,15.0,180.0
63.41852932313937,-9.722269840475343,-20.2731587513918,86.48714447021484,15.0,180.0
63.30699091679723,-9.797731609602948,-20.785211006558267,86.58638000488281,15.0,180.0
63.176340725025256,-9.999455253528843,-21.4477654318674,86.68610382080078,15.0,180.0
63.278168712248,-10.250967555984213,-21.97609231036812,86.78656005859375,15.0,180.0
63.64304019231305,-10.501184006560134,-22.22470322940128,86.88709259033203,15.0,180.0
64.14469039823219,-10.841482835827694,-22.249071498574736,86.98734283447266,15.0,180.0
64.6910012021637,-11.0158329462786,-22.10751709394072,87.08647918701172,15.0,180.0
65.19434149778618,-10.802394374764155,-21.892550856582822,87.18619537353516,15.0,180.0
65.53217458610656,-10.490235285933425,-21.58742132128853,87.18619537353516,15.0,180.0
65.72822534680556,-10.307539579803926,-21.14081637420185,87.28691864013672,15.0,180.0
65.93450156670046,-10.3122050684523,-20.84364292363598,87.3870849609375,15.0,180.0
66.15124398419582,-10.43842330250732,-20.90001598333028,87.48661041259766,15.0,180.0
66.35936109109636,-10.591898138052525,-21.040423296846345,87.58611297607422,15.0,180.0
66.62035829796955,-10.793118892763893,-21.105675097940114,87.68656158447266,15.0,180.0
66.78716226620247,-10.975717741204445,-21.28548807678112,87.78703308105469,15.0,180.0
66.82541002408615,-10.97977753577411,-21.52648948899443,87.78703308105469,15.0,180.0
66.8609111173391,-10.810713275902376,-21.654153191978686,87.88697052001953,15.0,180.0
66.78491630109738,-10.58889097664496,-21.81354574261045,87.98664855957031,15.0,180.0
66.68112537380391,-10.398797821514354,-22.05107325345848,88.08670043945312,15.0,180.0
66.81375611685017,-10.317932251051058,-22.29369708955544,88.18671417236328,15.0,180.0
67.06343154196458,-10.363505907410069,-22.51981404722545,88.28675842285156,15.0,180.0
67.30218891743267,-10.422881167841163,-22.655223664816354,88.38667297363281,15.0,180.0
67.70651045525656,-10.34406773210395,-22.692964106895985,88.48607635498047,15.0,180.0
68.38807233420525,-10.19540341802728,-22.64168299473677,88.48607635498047,15.0,180.0
69.23185304765386,-10.12984894277108,-22.450118651298347,88.58650207519531,15.0,180.0
69.95583316561851,-10.18651757606067,-22.38388479334856,88.68698120117188,15.0,180.0
70.50016059316928,-10.294619101121969,-22.72122700331667,88.78693389892578,15.0,180.0
71.00074440693935,-10.276507174468067,-23.1954171599098,88.88678741455078,15.0,180.0
71.47702522753063,-10.237183689262178,-23.553520289432125,88.98634338378906,15.0,180.0
71.9357896584082,-10.29987994402322,-23.810989323563987,89.08659362792969,15.0,180.0
72.33111276804355,-10.261992525523617,-23.998587458185675,89.08659362792969,15.0,180.0
72.62083975780246,-10.114481744088462,-24.140026488650573,89.18695831298828,15.0,180.0
72.74196436962909,-10.06133099426777,-24.177966996448585,89.28655242919922,15.0,180.0
72.88946766208971,-10.12251264036686,-24.171945138948686,89.38609313964844,15.0,180.0
73.36282638764682,-10.166558209307812,-24.32983947687048,89.48636627197266,15.0,180.0
73.90360118453751,-10.131566765209245,-24.621415017972527,89.58695220947266,15.0,180.0
74.17864846269445,-10.131002905392172,-24.82620161018752,89.68695831298828,15.0,180.0
74.18450154801748,-10.383654415762496,-24.664044435992967,89.78671264648438,15.0,180.0
73.97201446587582,-10.858832620642968,-24.02149058203173,89.78671264648438,15.0,180.0
73.61074803353631,-11.29364871758387,-23.29683920025678,89.88636779785156,15.0,180.0
73.29783829593438,-11.604479003892571,-23.007422994782768,89.98645782470703,15.0,180.0
73.2658348963025,-11.929459806539736,-23.154256619255094,90.0868911743164,15.0,180.0
73.54132888847819,-12.38778050060134,-23.52770193775669,90.18655395507812,15.0,180.0
74.04948831719273,-12.867622316278927,-23.94096508254341,90.28570556640624,15.0,180.0
74.53266818709612,-13.10655196050184,-24.18579762841353,90.38607788085938,15.0,180.0
74.81216935386726,-12.980807622692438,-24.29159728579036,90.4867935180664,15.0,180.0
75.02740155366574,-12.584488388443464,-24.27373639499692,90.4867935180664,15.0,180.0
75.2297916078978,-12.198300934274894,-24.211502671713685,90.58736419677734,15.0,180.0
75.5025550150387,-12.00211607754619,-24.25609410266145,90.68666076660156,15.0,180.0
75.79084183317971,-12.05236423722766,-24.2639112521118,90.78582763671876,15.0,180.0
75.92676216375413,-12.379394446810078,-24.2404218705203,90.88629913330078,15.0,180.0
76.02751332164493,-12.664600819216371,-24.391639373241475,90.9867172241211,15.0,180.0
76.21691253316912,-12.646269638901902,-24.71201524573893,91.08705139160156,15.0,180.0
76.43162694548964,-12.439494262439842,-25.1111973917092,91.08705139160156,15.0,180.0
76.63122784920719,-12.25240299069638,-25.53223736072103,91.18597412109376,15.0,180.0
76.77119682293127,-12.26454950490199,-25.94584791141917,91.2861328125,15.0,180.0
76.85191021898113,-12.45149486083656,-26.398376903303188,91.38692474365234,15.0,180.0
76.95177972183085,-12.633270357199706,-26.914626336101463,91.48765563964844,15.0,180.0
76.93468872377015,-12.62938283496575,-27.29664453379332,91.58709716796876,15.0,180.0
76.6628929281304,-12.30172737374467,-27.46025579211477,91.68616485595705,15.0,180.0
76.30397207602311,-11.734184787090566,-27.57935395336576,91.78633880615234,15.0,180.0
76.19239994220399,-11.179967161692142,-27.79787388665548,91.78633880615234,15.0,180.0
76.33617476689508,-10.903812643060633,-28.01513281773756,91.8868637084961,15.0,180.0
76.54239728569115,-10.943859001938884,-27.95206875376496,91.98728942871094,15.0,180.0
76.92491586514302,-11.044191280918414,-27.73422726547192,92.08575439453124,15.0,180.0
77.4294519832494,-11.229977198715474,-27.57339430623221,92.18587493896484,15.0,180.0
77.89942502062458,-11.75907773844121,-27.38153430722937,92.28665924072266,15.0,180.0
78.47267337736544,-12.49618076541254,-27.118403268742725,92.3873062133789,15.0,180.0
79.11154525300877,-13.072309136306435,-26.94027228658426,92.3873062133789,15.0,180.0
79.61183370890211,-13.356886560356434,-26.986512889045205,92.48687744140624,15.0,180.0
79.91066561164126,-13.464941792306089,-27.215405448625525,92.5859603881836,15.0,180.0
80.026688258314,-13.615925922413837,-27.47632313571623,92.68636322021484,15.0,180.0
80.12306215589233,-13.901204732669012,-27.672788577837306,92.7868194580078,15.0,180.0
80.34057537966217,-14.262715140790691,-27.88006346676408,92.88722229003906,15.0,180.0
80.67942918265317,-14.650077266814128,-28.098101710086496,92.98607635498048,15.0,180.0
81.09092709634278,-14.974772623770676,-28.25154473091928,93.08614349365234,15.0,180.0
81.35033943847627,-15.162330928553573,-28.131195565884305,93.08614349365234,15.0,180.0
81.32962028064519,-15.15500631815959,-27.62756040632458,93.18666076660156,15.0,180.0
81.11690658916464,-14.967067135561416,-26.99990724189752,93.28723907470705,15.0,180.0
80.95410742172206,-14.849201531683564,-26.596846120097563,93.38706970214844,15.0,180.0
81.15944232786558,-15.03878879361844,-26.611381720131057,93.48600769042967,15.0,180.0
81.60951553811225,-15.396788948971995,-26.82027557058564,93.58655548095705,15.0,180.0
82.02225087947085,-15.689100219083898,-26.918026057590545,93.68685913085938,15.0,180.0
82.30530969537621,-15.980556125344885,-26.969871333526225,93.78704071044922,15.0,180.0
82.41436929267833,-16.325714527946687,-27.24012249985952,93.78704071044922,15.0,180.0
82.55236222287674,-16.60120653842607,-27.81139795042059,93.8865966796875,15.0,180.0
82.83344871709228,-16.737746964224282,-28.592954039288365,93.98648834228516,15.0,180.0
83.1417464366387,-16.68259165362813,-29.43885276326269,94.08666229248048,15.0,180.0
83.53724812837021,-16.43496077835139,-30.08231891661185,94.18700408935548,15.0,180.0
83.99704969109197,-16.127443647976495,-30.363475616662257,94.28697967529295,15.0,180.0
84.3111862728924,-15.835659688632791,-30.31507741971432,94.38674926757812,15.0,180.0
84.48924860175171,-15.616439811782309,-30.089422300988456,94.38674926757812,15.0,180.0
84.64931025532158,-15.584854976226184,-29.846390603725045,94.48646545410156,15.0,180.0
84.75482684901853,-15.66099814040964,-29.59132144717479,94.5865478515625,15.0,180.0
84.71280537383906,-15.724893797402588,-29.302869017582783,94.68685150146484,15.0,180.0
84.55795047474503,-15.869221514099506,-29.032704542844314,94.7868194580078,15.0,180.0
84.46634929590772,-16.215138004237147,-28.834335859177024,94.88638305664062,15.0,180.0
84.53896220539963,-16.690228926539213,-28.666648592570738,94.9865951538086,15.0,180.0
84.76087590209393,-17.00847518854873,-28.44068763164456,95.0868682861328,15.0,180.0
85.0201704890228,-17.03100506668544,-28.16346891563127,95.0868682861328,15.0,180.0
85.137375811947,-16.899779868625757,-27.887759790394828,95.18682098388672,15.0,180.0
85.22423559476124,-16.626666773652573,-27.539154806140605,95.28679656982422,15.0,180.0
85.5727498170415,-16.186304342947807,-27.137745351209983,95.38671112060548,15.0,180.0
85.98182357980157,-15.836932672670446,-26.978390644968485,95.48658752441406,15.0,180.0
86.12403613967672,-15.7339229843089,-27.074787471630227,95.58667755126952,15.0,180.0
86.13393686925298,-15.779931178150264,-27.109924175154635,95.6865692138672,15.0,180.0
86.2141951936681,-15.831522642760351,-27.091631577803888,95.6865692138672,15.0,180.0
86.40140081067032,-15.908788611582914,-27.3024454377366,95.78653717041016,15.0,180.0
86.61049486967998,-16.35015346563242,-27.742433462689377,95.88664245605467,15.0,180.0
86.75860368654455,-17.153890185246965,-28.180129229693325,95.9865264892578,15.0,180.0
86.80760935804963,-17.81243287142809,-28.460218855643426,96.08658599853516,15.0,180.0
86.78067700513269,-18.2008025262908,-28.58973427057657,96.18669128417967,15.0,180.0
86.81551773637592,-18.548726619885315,-28.713298630650232,96.28654479980467,15.0,180.0
86.923638875744,-18.77374048469976,-28.92400062100903,96.38671875,15.0,180.0
87.00168971151865,-18.735146793542,-29.17092662943504,96.38671875,15.0,180.0
87.0960467998445,-18.56613303217852,-29.406808311755025,96.48651123046876,15.0,180.0
87.30563598287156,-18.351082161828987,-29.65964699573292,96.58647918701172,15.0,180.0
87.57801343206086,-18.207925688480525,-29.85729209386413,96.68665313720705,15.0,180.0
87.86704434536267,-18.23637628097997,-30.023874396618115,96.78660583496094,15.0,180.0
88.21991978794105,-18.3802935032346,-30.23131207846682,96.88660430908205,15.0,180.0
88.49672306133593,-18.732678537310505,-30.326463144079927,96.98664855957033,15.0,180.0
88.6211424239182,-19.224210800880485,-30.19578277097101,97.08655548095705,15.0,180.0
88.7662993633715,-19.539867272768504,-29.855728407822763,97.08655548095705,15.0,180.0
88.9851587737578,-19.486935458215235,-29.45441927671442,97.18663024902344,15.0,180.0
89.30753843932575,-19.166558150013408,-29.210181182183327,97.28670501708984,15.0,180.0
89.72274476462206,-18.85152148660672,-29.28077982174173,97.38663482666016,15.0,180.0
90.1479381279242,-18.75148632711682,-29.626547543561816,97.48664855957033,15.0,180.0
90.5216340240733,-18.82787431626295,-30.00638348373971,97.5865478515625,15.0,180.0
90.72365887121202,-18.90711033875516,-30.2590052093419,97.68653869628906,15.0,180.0
90.77947271309594,-19.08581555240084,-30.28668588211509,97.68653869628906,15.0,180.0
90.8881999768154,-19.28475210144009,-30.249108598172093,97.78669738769533,15.0,180.0
91.05056893097822,-19.13643255832864,-30.47761356146328,97.88679504394533,15.0,180.0
91.10718045178254,-18.77308444055509,-30.846555526932065,97.98664093017578,15.0,180.0
91.13239866858824,-18.603172038302013,-30.96434302393517,98.08665466308594,15.0,180.0
91.23814079222883,-18.644696232811,-30.617760446629653,98.18655395507812,15.0,180.0
91.23631120961836,-18.85803608786016,-29.8777865237903,98.28659057617188,15.0,180.0
90.97887141821204,-19.197973565515845,-29.13221504320885,98.38674926757812,15.0,180.0
90.5924557393575,-19.484362452302364,-28.74280421221739,98.38674926757812,15.0,180.0
90.42493512883196,-19.717536230344084,-28.69980075000531,98.4865493774414,15.0,180.0
90.6501600832988,-19.874633047022083,-28.85012868188529,98.58647918701172,15.0,180.0
91.00284504958782,-20.06007184354965,-29.162053402627457,98.68646240234376,15.0,180.0
91.35021255076788,-20.35056806175321,-29.4164188377284,98.7865982055664,15.0,180.0
91.7015218388878,-20.51258438355316,-29.413721155193603,98.88658905029295,15.0,180.0
92.04094287171388,-20.49314634857072,-29.20862767756593,98.98653411865234,15.0,180.0
92.41253616653488,-20.49089140950998,-28.835389900070467,98.98653411865234,15.0,180.0
92.83048028858556,-20.68581359788596,-28.56593298513929,99.08650970458984,15.0,180.0
93.3008722954296,-20.90601572096973,-28.63171226117862,99.18685913085938,15.0,180.0
93.7510444166998,-20.97195898112868,-28.890561817011577,99.2867660522461,15.0,180.0
94.06807098997568,-20.95591226489136,-29.168849361052807,99.38658905029295,15.0,180.0
94.25034847651996,-20.891315477262392,-29.422213142038885,99.48619079589844,15.0,180.0
94.46599990760134,-20.77615142248812,-29.756552282126165,99.58589935302734,15.0,180.0
94.71333732051605,-20.75862650156193,-30.08221491422028,99.68650817871094,15.0,180.0
94.79013521235942,-20.945860032520592,-30.18134886693773,99.68650817871094,15.0,180.0
94.78251074704428,-21.104029925056984,-30.22066972650313,99.78675842285156,15.0,180.0
94.7374881034556,-21.047305317657088,-30.28446351069934,99.87644958496094,15.0,180.0
94.5989884625726,-20.87629057055084,-30.204840537463724,99.93955993652344,15.0,180.0
94.56630446559734,-20.802285529218576,-30.028614320896715,99.97254180908205,15.0,180.0
94.74242754154322,-20.863028883492,-29.86924054361876,99.98594665527344,15.0,180.0
95.07822765521809,-20.8348346635728,-29.740012271716765,99.99321746826172,15.0,180.0
95.41078736259244,-20.71930855141845,-29.68271825213048,99.99321746826172,15.0,180.0
95.75253699704996,-20.641655503124863,-29.92463810657448,99.99662017822266,15.0,180.0
96.32051791450692,-20.590844453680266,-30.443115527275488,99.99836730957033,15.0,180.0
96.89112192483157,-20.60947282861512,-30.861419399269025,99.99922943115234,15.0,180.0
97.28172260270888,-20.55870423612803,-31.09827286470073,99.9996566772461,15.0,180.0
97.60981315016323,-20.28251405575273,-31.18141274153281,99.99987030029295,15.0,180.0
97.8235920678951,-19.95353961373614,-31.12306841052189,99.99996948242188,15.0,180.0
97.89026287854868,-19.790017790078124,-31.12490351447336,100.0000305175781,15.0,180.0
97.91495222546372,-19.71620804551917,-31.34371477864676,100.0000305175781,15.0,180.0
97.91704531570228,-19.77999691661702,-31.72899742771458,100.0000534057617,15.0,180.0
97.78121345420266,-20.10679947566898,-32.04331610876226,100.0000610351562,15.0,180.0
97.4494935828424,-20.354553159247093,-32.09299898615468,100.0000762939453,15.0,180.0
97.03766882294758,-20.36674264708968,-31.9632447013988,100.0000762939453,15.0,180.0
96.79601627945044,-20.47745876573101,-31.79754111654637,100.0000686645508,15.0,180.0
96.9206495537438,-20.85756970208769,-31.6084252067158,100.0000686645508,15.0,180.0
97.45106855776,-21.26203641063212,-31.55884655743889,100.0000610351562,15.0,180.0
98.22321526728956,-21.49919758559515,-31.69849895512619,100.0000610351562,15.0,180.0
98.9649706949002,-21.52602967608132,-31.76512263495541,100.0000534057617,15.0,180.0
99.53353702899034,-21.329222514120563,-31.71825817127148,100.0000534057617,15.0,180.0
99.80936971967294,-21.20139013709593,-31.60784891322596,100.0000457763672,15.0,180.0
99.71467947651988,-21.28931472841556,-31.40103196936059,100.0000381469727,15.0,180.0
99.37874069585727,-21.287906253104595,-31.207996698432304,100.0000381469727,15.0,180.0
99.11018501209476,-21.086770053094806,-31.165777721877102,100.0000305175781,15.0,180.0
99.16330076126054,-20.955144833566266,-31.350218418829005,100.0000305175781,15.0,180.0
99.38681305847528,-20.945193569577228,-31.630837084060207,100.0000305175781,15.0,180.0
99.51419302082924,-20.9380050535002,-31.68313347238484,100.0000305175781,15.0,180.0
99.66642487699195,-21.059391640713176,-31.388748836709503,100.0000228881836,15.0,180.0
99.95678808094712,-21.397197957610945,-31.00177634933402,100.0000228881836,15.0,180.0
100.28838567155094,-21.786079146433742,-30.792428792257525,100.0000228881836,15.0,180.0
100.6499365743796,-22.03527871017884,-30.76872239340051,100.0000152587891,15.0,180.0
101.04333999822346,-22.28880092623456,-30.85553019839053,100.0000152587891,15.0,180.0
101.2903436932202,-22.782749211607246,-30.887006731301483,100.0000152587891,15.0,180.0
101.25902027871707,-23.28347111265488,-30.768110134196867,100.0000152587891,15.0,180.0
101.33936502718429,-23.466322540303096,-30.643263727042672,100.0000152587891,15.0,180.0
101.89186573063417,-23.527160903743788,-30.57989235838612,100.0000076293945,15.0,180.0
102.67272632538726,-23.76157432146288,-30.70253901377852,100.0000076293945,15.0,180.0
103.43059502022624,-24.0956008836718,-31.1290322702696,100.0000076293945,15.0,180.0
104.16641132942688,-24.455131603867443,-31.676804506602085,100.0000076293945,15.0,180.0
104.71589801817856,-24.80936478045065,-32.27736352702575,100.0000076293945,15.0,180.0
104.7202644118276,-24.92324974841187,-32.81660464772795,100.0000076293945,15.0,180.0
104.20370009553824,-24.7310174482795,-32.945059910916015,100.0,15.0,180.0
103.58090675846948,-24.41103207874144,-32.730176194846266,100.0000076293945,15.0,180.0
103.0928812843981,-23.996359138790154,-32.38301681137311,100.0000076293945,15.0,180.0
102.8897827880952,-23.510510212385395,-31.948517452577068,100.0,15.0,180.0
102.98750765341872,-23.0309264140646,-31.71743448876685,100.0,15.0,180.0
103.197994475171,-22.625489198995574,-31.69546457734665,100.0,15.0,180.0
103.43619480001676,-22.35936523790049,-31.629282710761125,100.0,15.0,180.0
103.772609879337,-22.26083581401265,-31.617587793500057,100.0,15.0,180.0
104.17557836713311,-22.354704890860003,-31.63724696939215,100.0,15.0,180.0
104.45715655102916,-22.50183335097026,-31.566426621009583,100.0,15.0,180.0
104.56991545393996,-22.6703010470033,-31.63065171740316,100.0,15.0,180.0
104.54104573774852,-22.99330070602269,-31.86534779278679,100.0,15.0,180.0
104.48528484489825,-23.29366762996319,-32.068485879714665,100.0,15.0,180.0
104.43314870620333,-23.39194913705835,-32.28948253674734,100.0,15.0,180.0
104.38493594190676,-23.465170448638204,-32.4267654942618,100.0,15.0,180.0
104.44316856553836,-23.596155068011576,-32.26845881427735,100.0,15.0,180.0
104.54792310427698,-23.55779673799877,-31.92936288822253,100.0,15.0,180.0
104.67449684948792,-23.340172570297145,-31.63335809360238,100.0,15.0,180.0
104.86147324679118,-23.21065506668405,-31.60866175108316,100.0,15.0,180.0
105.24516867158208,-23.24178636090383,-32.008985954612314,100.0,15.0,180.0
105.8289273952574,-23.318592959225185,-32.470692656700365,100.0,15.0,180.0
106.38160441183628,-23.38162823446503,-32.585397977060985,100.0,15.0,180.0
106.7783871266642,-23.410792740868164,-32.59723675491839,100.0,15.0,180.0
106.97038537189584,-23.36219491702174,-32.89274455974807,100.0,15.0,180.0
106.95169158823234,-23.19428160787208,-33.35231711394493,100.0,15.0,180.0
106.6009109412581,-23.026614976731864,-33.59278577965309,100.0,15.0,180.0
105.89809276616651,-23.01951788988957,-33.56537037136329,100.0,15.0,180.0
105.20027189871216,-23.07449163704089,-33.55076039757169,100.0,15.0,180.0
104.86241383571286,-23.19095937318341,-33.90731878812858,100.0,15.0,180.0
104.90653202341748,-23.384724505535747,-34.67433629589069,100.0,15.0,180.0
105.1792354406034,-23.424743024318552,-35.34682108987708,100.0,15.0,180.0
105.60108272862315,-23.380210415552423,-35.5884854447415,100.0,15.0,180.0
106.00324394334274,-23.444201177411266,-35.57978995553974,100.0,15.0,180.0
106.36765875030116,-23.525349263636645,-35.47594141963218,100.0,15.0,180.0
106.78701986882557,-23.564569005068115,-35.34615222963345,100.0,15.0,180.0
107.06160966722184,-23.498540961836703,-35.20608292960084,100.0,15.0,180.0
107.1094961283265,-23.436664891664822,-34.993957789024094,100.0,15.0,180.0
107.14670169354063,-23.67209097300246,-34.844435052279614,100.0,15.0,180.0
107.26591947005171,-24.069597262785145,-34.949403673092014,100.0,15.0,180.0
107.40257175661556,-24.3269612664862,-35.24630581888537,100.0,15.0,180.0
107.63640762380044,-24.42320073080818,-35.539146757653526,100.0,15.0,180.0
107.96273306181934,-24.514603563534685,-35.733367595497924,100.0,15.0,180.0
108.21300052948472,-24.848632639452035,-35.72445616641026,100.0,15.0,180.0
108.305181078607,-25.42220297764277,-35.54019004959815,100.0,15.0,180.0
108.39845985727176,-25.94062886919073,-35.44529178591606,100.0,15.0,180.0
108.6317344032208,-26.276810018015063,-35.50977762213051,100.0,15.0,180.0
108.8880771879789,-26.41767367144933,-35.66694469359613,100.0,15.0,180.0
109.08341545797848,-26.25914777405866,-35.88489010756159,100.0,15.0,180.0
109.07911670793304,-26.01326953573198,-36.137830436557664,100.0,15.0,180.0
108.60435083987248,-26.005486572539983,-36.45442896501392,100.0,15.0,180.0
107.75078455030648,-26.09634737602116,-36.79336799139898,100.0,15.0,180.0
106.81631133857218,-26.20726762045849,-37.06464609505959,100.0,15.0,180.0
105.8436425338521,-26.332977032630545,-37.09503928117796,100.0,15.0,180.0
105.09823674081036,-26.204868777815705,-36.81434264150677,100.0,15.0,180.0
104.92955409361646,-25.75281534940951,-36.29921845657017,100.0,15.0,180.0
105.08822112176534,-25.16939537446426,-35.57721784118315,100.0,15.0,180.0
105.09047815524023,-24.715418173073417,-34.68048610809079,100.0,15.0,180.0
104.80598922543582,-24.634182611297334,-33.69993143510225,100.0,15.0,180.0
104.43706070610584,-24.71766568078528,-32.819855293593115,100.0,15.0,180.0
104.1774579936732,-24.621665907628444,-32.183755099175,100.0,15.0,180.0
104.06643050081226,-24.513519903686944,-31.90879384195325,100.0,15.0,180.0
104.10725547294288,-24.61026042511881,-31.91936924054728,100.0,15.0,180.0
104.18353868302958,-24.80326892459484,-32.066808402494615,100.0,15.0,180.0
104.20280573035652,-25.044554831596763,-32.3944758540243,100.0,15.0,180.0
104.1813926849589,-25.413214430482387,-32.86204681483926,100.0,15.0,180.0
104.03983837144617,-25.67524750290601,-33.23958671731148,100.0,15.0,180.0
103.8927957967064,-25.60626666776992,-33.44085590602212,100.0,15.0,180.0
103.89507987344852,-25.4068449110806,-33.61646795142899,100.0,15.0,180.0
103.94916881874886,-25.1727269871128,-33.73619581451989,100.0,15.0,180.0
104.10788053237148,-24.83318578349785,-33.73870532938662,100.0,15.0,180.0
104.2792282575559,-24.551307856605764,-33.7290791924402,100.0,15.0,180.0
104.28844315988198,-24.49598787369204,-33.78570427797591,100.0,15.0,180.0
104.3136032564886,-24.56358154900543,-33.81539425842807,100.0,15.0,180.0
104.3077421101148,-24.56097795301476,-33.645847539314275,100.0,15.0,180.0
104.03740108684576,-24.43057766405895,-33.41569057449295,100.0,15.0,180.0
103.75679070854063,-24.244484793554243,-33.38474757394269,100.0,15.0,180.0
103.76998673626774,-24.150664984079373,-33.52735891476869,100.0,15.0,180.0
103.85555835509622,-24.31656740793348,-33.68257522667592,100.0,15.0,180.0
103.7178628914619,-24.68118818818059,-33.84349107584444,100.0,15.0,180.0
103.33918857679292,-24.877621092130568,-34.05469433159221,100.0,15.0,180.0
102.92194877482328,-24.786815738701563,-34.11119921922072,100.0,15.0,180.0
102.56788033242331,-24.6987255283708,-33.919730342204055,100.0,15.0,180.0
102.34686842843388,-24.710048193820484,-33.76941664695681,100.0,15.0,180.0
102.5306192596997,-24.71360537530484,-33.800746870483565,100.0,15.0,180.0
103.12097126727626,-24.682912850408385,-33.9178813165657,100.0,15.0,180.0
103.85008046700636,-24.63895373759502,-34.11001440452008,100.0,15.0,180.0
104.629581355914,-24.57081088049468,-34.32296720543813,100.0,15.0,180.0
105.32778247395429,-24.42438061019593,-34.47918789265032,100.0,15.0,180.0
105.74365545356127,-24.24969871551168,-34.64817684398196,100.0,15.0,180.0
105.95323981530086,-24.24672750164578,-34.875249586645936,100.0,15.0,180.0
106.0423036368688,-24.52069765839063,-35.109715377591975,100.0,15.0,180.0
106.05387925615638,-24.807527066251872,-35.327083664534584,100.0,15.0,180.0
106.10464208912082,-24.824053172026755,-35.45020382907381,100.0,15.0,180.0
106.12166887801366,-24.65708312299158,-35.31602215927252,100.0,15.0,180.0
106.04897855374465,-24.56843828365689,-34.99016692245893,100.0,15.0,180.0
105.86225829933524,-24.67505015983784,-34.62078451674719,100.0,15.0,180.0
105.49511400735146,-24.909823937221685,-34.42801416275133,100.0,15.0,180.0
105.21942185873112,-25.20839617595614,-34.62433120583935,100.0,15.0,180.0
105.30606730581891,-25.4211612995537,-35.05401829203262,100.0,15.0,180.0
105.61428612875578,-25.42041135280968,-35.3811723109818,100.0,15.0,180.0
105.9339606273878,-25.38283610085,-35.41232388160489,100.0,15.0,180.0
106.1273994189131,-25.481405616557872,-35.178783285008144,100.0,15.0,180.0
106.1765659701028,-25.525950660209105,-34.736089010986376,100.0,15.0,180.0
106.20163071225645,-25.40233145853268,-34.32238941888727,100.0,15.0,180.0
106.20826712518242,-25.305378833434133,-34.076893406560565,100.0,15.0,180.0
106.07803838084445,-25.40204976687596,-33.79927176423096,100.0,15.0,180.0
105.88238862641764,-25.715851772810563,-33.33687442529789,100.0,15.0,180.0
105.74725100196392,-26.057915223028864,-32.64572895124371,100.0,15.0,180.0
105.5805540046698,-26.150544811372868,-32.04074246562213,100.0,15.0,180.0
105.42961304376468,-25.97607924106025,-32.074673711101354,100.0,15.0,180.0
105.4757160518052,-25.82603748938278,-32.524399967856795,100.0,15.0,180.0
105.79776776585504,-25.90272582679444,-32.72490872849437,100.0,15.0,180.0
106.2478354101226,-26.125743176049973,-32.6481025509636,100.0,15.0,180.0
106.5380862645739,-26.25628451655397,-32.56893938351449,100.0,15.0,180.0
106.53769798367614,-26.148067769849547,-32.60934978493802,100.0,15.0,180.0
106.28003805124784,-26.007590159490864,-32.75053168082234,100.0,15.0,180.0
106.01695550072871,-26.017718424228203,-32.98383590440631,100.0,15.0,180.0
105.92842760063368,-25.99963800176882,-33.23350331237338,100.0,15.0,180.0
105.94718457999386,-25.81242505012599,-33.45087992624535,100.0,15.0,180.0
106.08804573968362,-25.49161798682426,-33.53312017867006,100.0,15.0,180.0
106.19477800590194,-25.19168843916605,-33.31281653657513,100.0,15.0,180.0
106.03638202239136,-25.10994844252875,-33.07585415545721,100.0,15.0,180.0
105.82362730032258,-25.23143967406272,-33.00457567720159,100.0,15.0,180.0
105.75158980213956,-25.408908600699007,-32.916068310578325,100.0,15.0,180.0
105.71375939353632,-25.64333574413816,-32.85484578752874,100.0,15.0,180.0
105.7394589121341,-26.084034505650465,-33.020946160713656,99.99999237060548,15.0,180.0
105.9458737677456,-26.636289794151665,-33.30629455306958,100.0,15.0,180.0
106.19337817811429,-27.023105424847472,-33.43658694015184,100.0,15.0,180.0
106.2649792563786,-27.20543225273916,-33.42743881466127,100.0,15.0,180.0
106.01758900130496,-27.256005445715605,-33.40771471374336,100.0,15.0,180.0
105.57130473906024,-27.18334088478122,-33.40334998073368,100.0,15.0,180.0
105.34188992853404,-27.03444813286028,-33.39089307847901,100.0,15.0,180.0
105.349346431552,-26.91994147012554,-33.47338589099924,100.0,15.0,180.0
105.3319711584128,-26.90296845284972,-33.737972405729586,100.0,15.0,180.0
105.3005369819728,-26.954650212093625,-34.010050032453954,100.0,15.0,180.0
105.37641214588469,-27.0632092096439,-34.11576297554513,100.0,15.0,180.0
105.48805000316108,-27.18185450356301,-34.042716614550095,100.0,15.0,180.0
105.54711239362818,-27.325917898535657,-33.86233696020981,100.0,15.0,180.0
105.59234357061877,-27.48273101893278,-33.660682118640075,100.0000076293945,15.0,180.0
105.5693974785506,-27.45756643230424,-33.59804705926073,100.0,15.0,180.0
105.60036440399205,-27.210492501236665,-33.619563960101026,100.0,15.0,180.0
105.81274409806258,-26.90327407221376,-33.50059683213837,100.0,15.0,180.0
106.04673919228684,-26.681419050301965,-33.30789847348423,100.0,15.0,180.0
106.13451959642256,-26.48514202557292,-33.22809643489365,100.0,15.0,180.0
106.14812063238722,-26.216488228563684,-33.56104788313219,100.0,15.0,180.0
106.39652118663844,-25.994277575896216,-34.342658226760584,100.0,15.0,180.0
106.86604436543554,-26.00311894922126,-35.01747506576747,100.0,15.0,180.0
107.29027634137135,-26.124978779228645,-35.17205031337104,100.0,15.0,180.0
107.6222887144409,-26.141173269121992,-35.0025218934875,100.0,15.0,180.0
107.84656870428188,-26.15847650401425,-34.95243746222303,100.0,15.0,180.0
108.01819656824551,-26.19209887001568,-35.17181692071859,100.0,15.0,180.0
108.19710149832336,-26.14684991429453,-35.4813523765241,100.0,15.0,180.0
108.16891245536677,-26.194586219599472,-35.73628136522649,100.0,15.0,180.0
107.84094484866785,-26.323010645486733,-36.04096196213767,100.0,15.0,180.0
107.48749052249596,-26.37517406412367,-36.25012409146253,100.0,15.0,180.0
107.29876058881226,-26.40032498308084,-36.183393454773714,100.0,15.0,180.0
107.0639460854234,-26.41442515139206,-36.01452079833366,100.0,15.0,180.0
106.69997450663216,-26.35083189289967,-35.77963043891243,100.0,15.0,180.0
106.4977690664295,-26.14524712320804,-35.355399290110384,100.0,15.0,180.0
106.4487891041893,-25.994055097099785,-34.77764822073539,100.0,15.0,180.0
106.36639409808316,-26.038005491343043,-34.346808413070185,100.0000076293945,15.0,180.0
106.42722258802915,-26.070842908720845,-34.17440727629838,100.0,15.0,180.0
106.7102881806336,-25.966668211446297,-34.168850728679615,100.0,15.0,180.0
106.9197547678626,-25.85058133485265,-34.43360461895497,100.0,15.0,180.0
106.894933888352,-26.039997626272907,-35.09938258386691,100.0,15.0,180.0
106.77741955240911,-26.5877535066168,-35.90444560838155,100.0,15.0,180.0
106.6485048470379,-27.144838116937706,-36.44830898884081,100.0,15.0,180.0
106.57812078315906,-27.424287077206856,-36.71155829209256,100.0,15.0,180.0
106.6828148922566,-27.50836576521704,-36.79925585410079,100.0,15.0,180.0
106.78101316673198,-27.71426837737009,-36.64597168432388,100.0,15.0,180.0
106.5784197984048,-28.06590323554613,-36.26382161099923,100.0,15.0,180.0
106.17816990121965,-28.418528655022406,-35.99832473645202,100.0,15.0,180.0
105.88752049649663,-28.678422855371583,-36.05397211958255,100.0,15.0,180.0
105.79048823040236,-28.68139381530468,-36.10742931032989,100.0,15.0,180.0
105.86836089664912,-28.62438196634009,-35.98791329946313,100.0,15.0,180.0
106.08947949880157,-28.75938473335241,-36.01646180672006,100.0,15.0,180.0
106.34493335462116,-28.817926114443075,-36.24893403992066,100.0,15.0,180.0
106.53943244094243,-28.605296340159413,-36.40525247160604,100.0,15.0,180.0
106.70392401267311,-28.306852243730823,-36.40136007103336,100.0,15.0,180.0
106.83574621927058,-28.09929040314022,-36.36620803761266,100.0,15.0,180.0
106.88817422896682,-27.98512649985283,-36.47651344580462,100.0,15.0,180.0
106.89811932695218,-27.874432471108246,-36.66901545338286,100.0,15.0,180.0
107.03059252842392,-27.524841593857005,-36.81234144572093,100.0,15.0,180.0
107.37126384114744,-26.955083181704,-36.89746875522809,100.0,15.0,180.0
107.66009408616048,-26.47742751134001,-36.85856982306568,100.0,15.0,180.0
107.68271663875234,-26.107862222058976,-36.77008311072373,100.0,15.0,180.0
107.58494109168264,-25.873267409276394,-36.62504687478137,100.0,15.0,180.0
107.4087406298869,-25.854867860507053,-36.283470063499855,100.0,15.0,180.0
107.08629894685242,-26.043641890635183,-35.91656082109002,100.0,15.0,180.0
106.88133099005708,-26.29866993792092,-35.692963713728545,100.0,15.0,180.0
106.86566127793454,-26.394037619513767,-35.54112918536801,100.0,15.0,180.0
106.81442657843962,-26.35254585593121,-35.54951616022941,100.0,15.0,180.0
106.80471325304104,-26.32578480266052,-35.89912102241046,100.0,15.0,180.0
106.8770255969702,-26.507564998262303,-36.34699315570515,100.0,15.0,180.0
106.8254760353776,-26.919195175875394,-36.63461793287598,100.0,15.0,180.0
106.65573982611237,-27.34033285577462,-36.818339580762,100.0,15.0,180.0
106.4939584685182,-27.56177283334525,-36.944016067575774,100.0,15.0,180.0
106.36519421676743,-27.486577241778487,-37.15349738692993,100.0,15.0,180.0
106.26725525063428,-27.23234059197396,-37.59707452481009,100.0,15.0,180.0
106.20103098594862,-27.01063672751137,-38.06668024067634,100.0,15.0,180.0
106.20113807033344,-26.832604403980024,-38.12769015743572,100.0,15.0,180.0
106.339410932278,-26.642481089212765,-37.81354137959918,100.0,15.0,180.0
106.50806568574248,-26.60735770053121,-37.57817692611359,100.0,15.0,180.0
106.5921695489242,-26.777537063198483,-37.62883862012023,100.0,15.0,180.0
106.63120397493375,-26.88789756641296,-37.71779199707627,100.0,15.0,180.0
106.61933711615536,-26.820060470426675,-37.60115414171906,100.0,15.0,180.0
106.56594834147332,-26.671936719789983,-37.49810988212123,100.0,15.0,180.0
106.57805743139738,-26.512963974931445,-37.5782780517336,100.0,15.0,180.0
106.65722180240084,-26.46240632561083,-37.724179117406464,100.0,15.0,180.0
106.75062069024328,-26.609711334127795,-37.774024967190414,100.0,15.0,180.0
107.06147731031987,-26.86056252929358,-37.73457730078413,100.0,15.0,180.0
107.56027916741888,-27.222746516309986,-37.858220144550806,100.0,15.0,180.0
108.03272926223804,-27.664342058246405,-38.0063558342853,100.0,15.0,180.0
108.42481300950278,-27.82530922312501,-37.76274750307435,100.0,15.0,180.0
108.56234502735012,-27.673794219739577,-37.23184615775424,100.0,15.0,180.0
108.41859726055976,-27.360321405403063,-36.820150788217056,100.0,15.0,180.0
108.14216013866655,-26.998706413797528,-36.61514449076606,100.0,15.0,180.0
107.83766069632055,-26.881241294959672,-36.57236084707949,100.0,15.0,180.0
107.67816688943536,-26.98871067104476,-36.74007240995112,100.0,15.0,180.0
107.65781763368354,-27.100493925455783,-36.88220462993284,100.0,15.0,180.0
107.67271528245963,-27.118623726779354,-36.96380295052457,100.0,15.0,180.0
107.69378695066284,-27.22087443756044,-37.17297174015152,100.0,15.0,180.0
107.57032982319365,-27.471270627561616,-37.43057011231601,100.0,15.0,180.0
107.36111978679588,-27.65339059976372,-37.687794662658646,100.0,15.0,180.0
107.39126521042348,-27.747629709511465,-37.895794792025725,100.0,15.0,180.0
107.63057512350991,-27.776442067152427,-38.00074684379061,100.0,15.0,180.0
107.84584272968624,-27.78623379167928,-38.09120823876274,100.0,15.0,180.0
108.06113807758686,-27.92334031867483,-38.20333845643916,100.0,15.0,180.0
108.11462255614546,-28.163589955829508,-38.17176367612073,100.0,15.0,180.0
107.957978323586,-28.35060823845263,-38.02031862582877,100.0,15.0,180.0
108.02585073950095,-28.526354611021564,-37.93898636637429,100.0,15.0,180.0
108.31460598334904,-28.690903014211163,-38.02295576353493,100.0,15.0,180.0
108.47363348764029,-28.639482428843404,-38.180365483158624,100.0,15.0,180.0
108.51098240102186,-28.33906070835613,-38.19943195045136,100.0,15.0,180.0
108.48351758458074,-27.833344968262683,-38.10904793699232,100.0,15.0,180.0
108.40843828911224,-27.17589081779328,-37.95252377034591,100.0,15.0,180.0
108.37959850844182,-26.588284148225064,-37.84288165308151,100.0,15.0,180.0
108.40381836818476,-26.187107226967527,-37.89786145520674,100.0,15.0,180.0
108.46268440825216,-25.893840001711908,-37.89530289265471,100.0,15.0,180.0
108.48777565965348,-25.69176387676648,-37.65816138902456,100.0,15.0,180.0
108.4377942659513,-25.67520313195221,-37.36768242658174,100.0,15.0,180.0
108.266391321862,-25.865512905982023,-37.37796871487952,100.0,15.0,180.0
107.93531784524936,-26.12156366022262,-37.666023649753626,100.0,15.0,180.0
107.69830640068524,-26.380146215784706,-37.82943247297519,100.0,15.0,180.0
107.6352090736992,-26.59867091327749,-37.75876518561448,100.0,15.0,180.0
107.576019538828,-26.71013134809124,-37.47376081287788,100.0,15.0,180.0
107.5649922010829,-26.72838751769173,-36.896145628370135,100.0,15.0,180.0
107.69195225972426,-26.64770905921852,-36.351012039702624,100.0,15.0,180.0
107.89764455402194,-26.50331000509141,-36.14125476289216,100.0,15.0,180.0
108.23257976006384,-26.242488992828147,-36.34894086522048,100.0,15.0,180.0
108.80865402470816,-25.831354937927248,-36.99636640051175,100.0,15.0,180.0
109.35208749373447,-25.44493288394428,-37.76820525196997,100.0000076293945,15.0,180.0
109.65198668481672,-25.332031130049657,-38.46352128643853,100.0,15.0,180.0
109.88283736857449,-25.56532305680356,-39.077361272568666,100.0,15.0,180.0
109.9931483236406,-25.814410225071818,-39.46922880166253,100.0,15.0,180.0
109.85049429706032,-25.84214926545623,-39.55262591224409,100.0,15.0,180.0
109.75016626537878,-25.776117166366348,-39.388185354078885,100.0,15.0,180.0
109.95859257323634,-25.683501899256616,-39.16432083182666,100.0,15.0,180.0
110.2385715851177,-25.557506403504,-39.21622553913013,100.0,15.0,180.0
110.31680062060488,-25.52037181961194,-39.52493602608416,100.0,15.0,180.0
110.24845672692716,-25.54032612778294,-39.76634717306767,100.0,15.0,180.0
110.147753788703,-25.520049322837163,-39.94058422067823,100.0,15.0,180.0
110.02376052528244,-25.67390656109407,-40.11737960700484,100.0000076293945,15.0,180.0
109.81187123841984,-25.99955026776471,-40.23939573449843,100.0,15.0,180.0
109.58373176842132,-26.3286105287212,-40.141906923390266,100.0,15.0,180.0
109.5442784496324,-26.76806192336463,-39.66350730974369,100.0,15.0,180.0
109.73920075436853,-27.38507637290362,-38.8335442682506,100.0,15.0,180.0
110.03917749311248,-28.0712002281424,-37.95146846346778,100.0,15.0,180.0
110.24651559568696,-28.541603735518585,-37.54063812573637,100.0,15.0,180.0
110.32221252601784,-28.693406671996588,-37.66264791994607,100.0,15.0,180.0
110.39730159471642,-28.67678784311295,-37.97446702729293,100.0,15.0,180.0
110.43466723484288,-28.502710994128527,-38.30497572418352,100.0,15.0,180.0
110.39336205652042,-28.14588462363525,-38.612247057639394,100.0,15.0,180.0
110.24739516732684,-27.73573494128388,-38.87746481041881,100.0,15.0,180.0
109.93982334513085,-27.538900222780946,-39.0011718181057,100.0,15.0,180.0
109.63164499681014,-27.57869992853375,-39.07334054901487,100.0,15.0,180.0
109.30043173961856,-27.60692985861446,-39.2551274844531,100.0,15.0,180.0
108.85265301614513,-27.74088763818624,-39.41316954515614,100.0,15.0,180.0
108.50893050710108,-28.200193701297536,-39.66633512902446,100.0,15.0,180.0
108.42650629777243,-28.727996123389428,-40.19400145352544,100.0,15.0,180.0
108.54449236198704,-29.053971719902748,-40.61755247448282,100.0,15.0,180.0
108.66685351018292,-29.22355818797649,-40.573327164260206,100.0,15.0,180.0
108.80422309944456,-29.28678737966917,-40.21068507032231,100.0,15.0,180.0
109.14441891792303,-29.28295930826559,-39.87604038612714,100.0,15.0,180.0
109.53410016352407,-29.35664462778585,-39.76583874918423,100.0,15.0,180.0
109.7739609939861,-29.37503052094099,-39.84451141763629,100.0,15.0,180.0
109.91692830113035,-29.067310081458125,-39.91727948155932,100.0,15.0,180.0
110.02650181788049,-28.52701810589168,-39.89061282499426,100.0,15.0,180.0
110.1424152921464,-27.97701235113568,-39.8646533912619,100.0,15.0,180.0
110.24390125176278,-27.476196987570308,-39.81228644545873,100.0,15.0,180.0
110.36982205982456,-27.04768742742471,-39.60187006904223,100.0,15.0,180.0
110.6022176749266,-26.732068415505303,-39.36591479741642,100.0,15.0,180.0
110.79957144144473,-26.48963216487811,-39.2852730730607,100.0,15.0,180.0
110.97977209019442,-26.308414266364,-39.30181249012783,100.0,15.0,180.0
111.38303005437064,-26.080762181425506,-39.265335534544825,100.0,15.0,180.0
111.90534388983276,-25.74526169871912,-39.04575244072956,100.0,15.0,180.0
112.12875501628078,-25.565736373774296,-38.64728160485959,100.0,15.0,180.0
111.93107065146448,-25.689320234232103,-38.15794785204008,100.0,15.0,180.0
111.63650944446124,-26.069625063347672,-37.732994852589854,100.0,15.0,180.0
111.4067117235767,-26.65558601766597,-37.53414835503466,100.0,15.0,180.0
111.12462781940836,-27.243716453397496,-37.51675157814235,100.0,15.0,180.0
110.74939099734792,-27.73259601015058,-37.55258020808226,100.0,15.0,180.0
110.43442192652589,-28.18394185356728,-37.62062162664793,100.0,15.0,180.0
110.25770676493032,-28.523268859010813,-37.80495611750761,100.0,15.0,180.0
110.05650859297272,-28.715716595496826,-38.17591712852306,100.0,15.0,180.0
109.85911694158813,-28.864388417647582,-38.49162034624759,100.0,15.0,180.0
109.84695867080076,-29.118893440235773,-38.4791363342892,100.0,15.0,180.0
110.0164019793152,-29.354313010364848,-38.31624136822866,100.0,15.0,180.0
110.33117163681364,-29.392869477019,-38.14007185756834,100.0,15.0,180.0
110.76961831327957,-29.352675565065685,-38.03548881577616,100.0,15.0,180.0
111.19012493272344,-29.28278325414541,-38.27280693056744,100.0,15.0,180.0
111.38812476142331,-29.24961332583013,-38.723925728060514,100.0,15.0,180.0
111.40140776994237,-29.32328199071787,-39.07858479660895,100.0,15.0,180.0
111.442633089339,-29.401333263630185,-39.4751317967601,100.0,15.0,180.0
111.340202797234,-29.422487348697143,-39.92881032922949,100.0,15.0,180.0
110.85707817976962,-29.47250125871386,-40.38422405224622,100.0,15.0,180.0
110.12522252890278,-29.599292870742,-40.887995747089285,100.0,15.0,180.0
109.54941427712932,-29.664991222807995,-41.10966047336451,100.0,15.0,180.0
109.42791362475256,-29.545928425382023,-41.04678698275649,100.0,15.0,180.0
109.63114012376788,-29.323878310631105,-40.99926893747225,100.0,15.0,180.0
109.95018934075613,-29.11096431309538,-40.91204790876056,100.0,15.0,180.0
110.14961251413892,-29.020223654643186,-40.6751245077351,100.0,15.0,180.0
110.18557919514969,-29.177005384657555,-40.4180296139177,100.0,15.0,180.0
110.28294103485108,-29.47697410908676,-40.31917695770841,100.0,15.0,180.0
110.56067270959156,-29.606145691506125,-40.26736331946168,100.0,15.0,180.0
110.87071628287732,-29.467571239718293,-40.2070455199979,100.0,15.0,180.0
111.05805846115626,-29.171561336163634,-40.20913051627558,100.0,15.0,180.0
111.12843764270404,-28.832915108336927,-40.24895308614451,100.0,15.0,180.0
111.02484305290535,-28.67416481269806,-40.38203374775484,100.0,15.0,180.0
110.95788527006036,-28.68133926916015,-40.52050494395706,100.0,15.0,180.0
111.16221178265327,-28.755336570505577,-40.60249598929333,100.0,15.0,180.0
111.58404826880404,-28.92601068917477,-40.56043079813109,100.0,15.0,180.0
112.15078285710194,-29.08017516319429,-40.31421390226529,100.0,15.0,180.0
112.67197541714556,-29.15389860220881,-40.06871699753432,100.0,15.0,180.0
113.04423403324692,-29.12605819567393,-39.9270198545044,100.0,15.0,180.0
113.43431261478598,-29.107878661144447,-39.84987717209194,100.0,15.0,180.0
113.87832265489588,-29.201366037598795,-39.83000636696092,100.0,15.0,180.0
114.15296381527224,-29.173474195253338,-39.84042611569061,100.0,15.0,180.0
114.21135187902075,-29.023360750602865,-39.80627215422781,100.0,15.0,180.0
114.13754944479582,-29.07397099545186,-39.82642057501433,100.0,15.0,180.0
113.95133368933504,-29.40366145192592,-40.05614003463742,100.0,15.0,180.0
113.84445546799662,-29.86428628407684,-40.31533092803126,100.0,15.0,180.0
113.90459690561792,-30.17829881006419,-40.35046448401407,100.0,15.0,180.0
114.01217303479244,-30.206142712173328,-40.16550842169704,100.0,15.0,180.0
114.0930947187634,-30.156259388945315,-39.86954558426594,100.0,15.0,180.0
114.1520396428502,-30.25980131860171,-39.713236809563554,100.0,15.0,180.0
114.25255310485768,-30.53930435216284,-39.78306967105067,100.0,15.0,180.0
114.29937607920846,-30.790589206959133,-39.80637081455038,100.0,15.0,180.0
114.10013785488836,-30.87792150344938,-39.68400982333874,100.0,15.0,180.0
113.7431902694738,-30.710139642725004,-39.480403503759504,100.0,15.0,180.0
113.51484775900992,-30.211091744610265,-39.35362059636913,100.0,15.0,180.0
113.57176763351058,-29.50548015244901,-39.44400265332067,100.0,15.0,180.0
113.95674650552182,-28.819396064663017,-39.58275238339245,100.0,15.0,180.0
114.58266476746806,-28.279037933224373,-39.682330304473794,100.0,15.0,180.0
115.29499988681305,-27.89288043476911,-39.905872770209896,100.0,15.0,180.0
115.93772856814482,-27.705310580587124,-40.25076088177987,100.0,15.0,180.0
116.40889213632592,-27.66869295139292,-40.67567422229765,100.0,15.0,180.0
116.619759192905,-27.69967905408541,-41.17281498866087,100.0,15.0,180.0
116.465507503428,-27.85414070135404,-41.48702229769976,100.0,15.0,180.0
116.1507734706864,-28.13928062292025,-41.37014249095296,100.0,15.0,180.0
116.01676330969696,-28.422689843018983,-40.93796034379066,100.0,15.0,180.0
115.9849033941605,-28.643075734361204,-40.3763112518736,100.0,15.0,180.0
115.82392399210636,-28.855008716333227,-39.85796556021906,100.0,15.0,180.0
115.63581090031846,-29.071457881170048,-39.50912267085295,100.0,15.0,180.0
115.51978452009728,-29.15305894338735,-39.320282062758416,100.0,15.0,180.0
115.32766895702582,-29.13018070121605,-39.39992113559972,100.0,15.0,180.0
114.91377205334264,-29.2059872208494,-39.679870583111686,100.0,15.0,180.0
114.42575760132326,-29.288023069864003,-39.85751344854681,100.0,15.0,180.0
114.12601181253542,-29.264082671882,-39.7981517406433,100.0,15.0,180.0
113.99031284555768,-29.184419312441868,-39.64874212708744,100.0,15.0,180.0
113.77668650323884,-29.14458723045344,-39.64900558243595,100.0,15.0,180.0
113.48990766190302,-29.203407884081003,-39.79910940958705,100.0,15.0,180.0
113.31068379068276,-29.2870468670569,-39.936074828505646,100.0,15.0,180.0
113.1962738696084,-29.426019181918377,-39.99744245186416,100.0,15.0,180.0
113.12062899128011,-29.66659730330809,-39.93858350645141,100.0,15.0,180.0
113.17362006845336,-29.87176839372692,-39.70273615047012,100.0,15.0,180.0
113.28490787208804,-29.941683572581724,-39.418990553444175,100.0,15.0,180.0
113.30851930051344,-29.9360002896826,-39.36437847786964,100.0,15.0,180.0
113.3849891915075,-30.03915608520228,-39.609853954781386,100.0,15.0,180.0
113.77219326927566,-30.303959562871,-40.02744787067613,100.0,15.0,180.0
114.39263557277695,-30.41246496154389,-40.48107286186052,100.0,15.0,180.0
115.008971861499,-30.21429640575672,-40.78733741316946,100.0,15.0,180.0
115.51582541304536,-30.02723319438441,-40.74798080351601,100.0,15.0,180.0
115.86804874354937,-29.9664581685551,-40.43544449848135,100.0,15.0,180.0
116.03542936446912,-29.905244950484946,-40.098322425241335,100.0,15.0,180.0
115.97927239114728,-29.839040521840666,-39.855401303029566,100.0,15.0,180.0
115.76053846461512,-29.80352270700788,-39.80949275118688,100.0,15.0,180.0
115.58673238301606,-29.79671429118729,-40.057800249381366,100.0,15.0,180.0
115.43559494053862,-29.86026709267732,-40.625329838130334,100.0,15.0,180.0
115.14452735134556,-29.981807588720123,-41.36555722087209,100.0,15.0,180.0
114.78124212456105,-29.93072236140142,-42.09843443874208,100.0,15.0,180.0
114.63021999745725,-29.67287786747208,-42.77047975223827,100.0,15.0,180.0
114.75286559235022,-29.316251486369108,-43.220212524820376,100.0,15.0,180.0
114.83073225651522,-28.85699820891271,-43.41650605675338,100.0,15.0,180.0
114.87694813833012,-28.48462589642196,-43.55730313579394,100.0,15.0,180.0
115.0542022046044,-28.438137350571026,-43.50391315562871,100.0,15.0,180.0
115.23280448113816,-28.612527400079863,-43.14898095761441,100.0,15.0,180.0
115.30354259363476,-28.75190341347483,-42.73668825182865,100.0,15.0,180.0
115.26852370257627,-28.84128519491076,-42.378104046184376,100.0,15.0,180.0
115.31268496290508,-28.962498428158028,-42.06238427449581,100.0,15.0,180.0
115.63910374556296,-29.08853144517651,-41.73206915678448,100.0,15.0,180.0
116.17372640843982,-29.1113677905783,-41.43007082255232,100.0,15.0,180.0
116.7717951076829,-29.07554476781036,-41.202146100860745,100.0,15.0,180.0
117.36621802837293,-29.21320059182826,-40.97419257243391,100.0,15.0,180.0
117.6934365855978,-29.54987920717597,-40.90126661205406,100.0,15.0,180.0
117.5851442908468,-29.93766223668903,-41.05219193951708,100.0,15.0,180.0
117.27215668575892,-30.254147719441946,-41.3910358305778,100.0,15.0,180.0
116.9646192352674,-30.461405747218222,-41.82441298720228,100.0,15.0,180.0
116.76879654868242,-30.642895479653752,-42.01382403496,100.0,15.0,180.0
116.83274447169848,-30.787801163465662,-41.95264894619299,100.0,15.0,180.0
117.09641802819384,-30.88161035437156,-41.889088749616185,100.0,15.0,180.0
117.3059876920999,-31.118544546825632,-41.7146033035458,100.0,15.0,180.0
117.4058472915654,-31.401686375667204,-41.3858475250272,100.0,15.0,180.0
117.44133810471754,-31.42487586095585,-41.12400936347422,100.0,15.0,180.0
117.26794332636656,-31.28352106477125,-41.00423239111065,100.0,15.0,180.0
116.84227873902022,-31.10735757386201,-40.98865646334807,100.0,15.0,180.0
116.46216845694936,-30.89019255768716,-40.9480637354074,100.0,15.0,180.0
116.19573548434715,-30.60132008693201,-41.13265701140592,100.0,15.0,180.0
115.85771463374608,-30.18242498942209,-41.8662622351622,99.99999237060548,15.0,180.0
115.54078475531811,-29.84726565200503,-42.63682888171126,100.0,15.0,180.0
115.39064912284682,-29.87914878051548,-42.9869499104412,100.0,15.0,180.0
115.39664790401218,-30.23170838413233,-43.18071946860143,100.0,15.0,180.0
115.50272304700204,-30.6668265114676,-43.41552811460471,100.0,15.0,180.0
115.63232201349348,-30.96488766626385,-43.58733070259189,100.0,15.0,180.0
115.75197666361944,-31.06560087282194,-43.662108637883584,100.0,15.0,180.0
115.7558887781693,-31.031363937353284,-43.72336675112097,100.0,15.0,180.0
115.6793414214432,-30.98225723340683,-43.92962625267556,100.0,15.0,180.0
115.76336924511648,-31.04703931010554,-44.37762759411304,100.0,15.0,180.0
115.97997694565662,-31.21316326663316,-44.85744940480493,100.0,15.0,180.0
116.30432295515575,-31.457922162175382,-45.06051334055877,100.0,15.0,180.0
116.6383701520028,-31.63411962273107,-45.03227668478008,100.0,15.0,180.0
116.70169237663508,-31.68949226319833,-44.87125305704912,100.0,15.0,180.0
116.53793291081416,-31.834592017045534,-44.40791948574969,100.0,15.0,180.0
116.3205893153566,-32.044560009889565,-43.69689424314996,100.0,15.0,180.0
116.0318423899666,-32.148288767705665,-43.07337148347453,100.0,15.0,180.0
115.74849782343767,-32.07598988540035,-42.779503195862894,100.0,15.0,180.0
115.76177060677117,-31.903084108044247,-42.78510791288237,100.0,15.0,180.0
116.08719256499027,-31.694839451401,-42.86101818844358,100.0,15.0,180.0
116.52729106375592,-31.46202532967948,-42.91246276647175,100.0,15.0,180.0
116.94705443377217,-31.324965397805823,-42.96951040442163,100.0,15.0,180.0
117.2093909572784,-31.1895511527324,-42.96092965393634,100.0,15.0,180.0
117.36501385021349,-30.87016321857025,-42.80886059221062,100.0,15.0,180.0
117.54551508678914,-30.46818639045619,-42.49735462195625,100.0,15.0,180.0
117.70162770619228,-30.107226153558777,-42.17262064240449,100.0,15.0,180.0
117.8732645743488,-29.84371811868532,-42.08137722578173,100.0,15.0,180.0
118.23428463180448,-29.76428760052917,-42.239240278482825,100.0,15.0,180.0
118.62876219898789,-29.87225930419733,-42.48322482327125,100.0,15.0,180.0
118.7717046575923,-30.03706544242853,-42.63355555608267,100.0,15.0,180.0
118.72449417298373,-30.144046913590188,-42.60285720051199,100.0,15.0,180.0
118.692275763687,-30.27641488797288,-42.56558908902331,100.0,15.0,180.0
118.71616279804036,-30.59123070951806,-42.69553728610166,100.0,15.0,180.0
118.76141241533507,-31.06023638480104,-42.82684810583768,100.0,15.0,180.0
118.94818713248232,-31.54848857246951,-42.9975030076026,100.0,15.0,180.0
119.23773755576217,-31.85167874415383,-43.42768480914445,100.0,15.0,180.0
119.48960765535172,-31.848684127175247,-43.90539021493936,100.0,15.0,180.0
119.78359112334356,-31.662506640030976,-44.12154260567189,100.0,15.0,180.0
120.12221434460837,-31.45878164555823,-44.09717082390569,100.0,15.0,180.0
120.5124745010474,-31.29951279388403,-43.95635738288347,100.0,15.0,180.0
120.9436278232224,-31.13913871601035,-43.86235947989343,100.0,15.0,180.0
121.19258300015036,-31.105130950366107,-43.9322166031392,100.0,15.0,180.0
121.07131977229535,-31.388622287996856,-43.91752565700832,100.0,15.0,180.0
120.62437041909978,-31.86644771096261,-43.66320137347202,100.0,15.0,180.0
120.03909493396748,-32.12946682565427,-43.34647419031509,100.0,15.0,180.0
119.5983680904381,-32.10336140982064,-43.36744329043153,100.0,15.0,180.0
119.4544672329706,-32.02077068976272,-43.77829449918232,100.0,15.0,180.0
119.36178145007622,-31.8132526617251,-44.03392665044098,100.0,15.0,180.0
119.13076087224606,-31.58309800966305,-43.98099328794021,100.0,15.0,180.0
118.80232679393548,-31.55253195333142,-43.81697650314678,100.0,15.0,180.0
118.61125626992676,-31.607406974341007,-43.70268267411241,100.0,15.0,180.0
118.67119016852836,-31.80514977132277,-43.752993671507966,100.0,15.0,180.0
118.77474441839465,-32.10554521676569,-43.89566943897658,100.0,15.0,180.0
118.85640653144108,-32.15278724473215,-43.99138159730281,100.0,15.0,180.0
118.8382409722305,-31.95258149822024,-43.8451279546025,100.0,15.0,180.0
118.7824511015978,-31.68938291395526,-43.54305966861944,100.0,15.0,180.0
118.92056860564306,-31.61258450789507,-43.410241096772864,100.0,15.0,180.0
119.20827001420793,-31.827399845805022,-43.45776520722865,100.0,15.0,180.0
119.49405965295614,-31.969352995450016,-43.53665359804256,100.0,15.0,180.0
119.71788768085835,-31.91106326667261,-43.679324430822525,100.0,15.0,180.0
119.90509495680855,-31.96329489424805,-43.89915267704626,100.0,15.0,180.0
120.09767019655264,-32.132200009497566,-44.08996444066659,100.0,15.0,180.0
120.2337123042824,-32.28290583771408,-44.21903955617425,100.0,15.0,180.0
120.26596010131236,-32.49259035589623,-44.34927581062092,100.0,15.0,180.0
120.2843446266316,-32.80362868247268,-44.62006756826496,100.0,15.0,180.0
120.27296785522329,-33.11582615218586,-45.00672568768369,100.0,15.0,180.0
120.1696122084098,-33.21705693311265,-45.24159723115256,100.0,15.0,180.0
120.1013708578671,-33.25077506984097,-45.16903046661974,100.0,15.0,180.0
120.1275491807672,-33.373989469443494,-45.06070628278785,100.0,15.0,180.0
120.20235669664196,-33.31475140252162,-45.15922496951957,100.0,15.0,180.0
120.25177326069624,-33.10864000546363,-45.39700570751874,100.0,15.0,180.0
120.27048595276932,-33.06160816246853,-45.66957140736855,100.0,15.0,180.0
120.40538313311164,-33.14933637611598,-45.825013814741055,100.0,15.0,180.0
120.62151481671177,-33.15737655782762,-45.87784809346287,100.0,15.0,180.0
120.78005192866166,-33.01601838620523,-45.908622114941615,100.0,15.0,180.0
120.77452265018796,-32.844187286036394,-45.817402672395325,100.0,15.0,180.0
120.7085068477582,-32.655873304956906,-45.5428709730582,100.0,15.0,180.0
120.7431135712466,-32.341170970008974,-45.259848231074216,100.0,15.0,180.0
120.81275616633188,-31.90983286576564,-45.19321506147266,100.0,15.0,180.0
121.0819759347929,-31.553365680727,-45.233169977944215,100.0,15.0,180.0
121.67174872908512,-31.409704956888696,-45.28064771744205,100.0,15.0,180.0
122.32283240335543,-31.444713182002545,-45.41557510223525,100.0,15.0,180.0
122.89672222304418,-31.54040646965759,-45.54844034069821,100.0,15.0,180.0
123.39224101194571,-31.625653781447387,-45.66590289821151,100.0,15.0,180.0
123.77990708278232,-31.73011705646033,-45.77852113905158,100.0,15.0,180.0
124.0397030741352,-31.74279181847168,-45.74357192686512,100.0,15.0,180.0
124.15905742303146,-31.747118725727308,-45.65807643074695,100.0,15.0,180.0
124.27417266780276,-31.89698663677832,-45.69033814791084,100.0,15.0,180.0
124.40875266524486,-32.08594523344374,-45.68949645877795,100.0,15.0,180.0
124.47893907148948,-32.24203405588312,-45.57773191912127,100.0,15.0,180.0
124.37397804782256,-32.39182440379672,-45.39334656668589,100.0,15.0,180.0
123.85847635101602,-32.55105886392717,-44.88720892623196,100.0,15.0,180.0
123.13687427279012,-32.59382807918974,-44.10875890507107,100.0,15.0,180.0
122.74419606432724,-32.535252221005805,-43.742019590113074,100.0,15.0,180.0
122.76479351753083,-32.57374732138994,-44.02870938963797,100.0,15.0,180.0
122.92488137738518,-32.69342975692099,-44.46158909199717,100.0,15.0,180.0
122.9774403788513,-32.79492521053664,-44.6500035027748,100.0,15.0,180.0
122.78680264939796,-32.91961321081204,-44.6879072083626,100.0,15.0,180.0
122.4168260642883,-33.01953469470139,-44.73045759643072,100.0,15.0,180.0
122.0151081844534,-33.06459579675818,-44.80595138990151,100.0,15.0,180.0
121.81004468989904,-33.100645916552125,-44.89506862461881,100.0,15.0,180.0
121.88686285525766,-32.98927972275385,-44.92892452247352,100.0,15.0,180.0
122.0587121078256,-32.801298359850946,-45.03675927655499,100.0,15.0,180.0
122.2170449408654,-32.793292345732965,-45.45711554581745,100.0,15.0,180.0
122.4505358216918,-32.88350147036832,-46.17993802408057,100.0,15.0,180.0
122.81721131673751,-32.97968975892515,-46.94555941739674,100.0,15.0,180.0
123.16950971015706,-33.04114293838823,-47.600470584461405,100.0,15.0,180.0
123.30746126632869,-32.95233788303591,-48.13276855985477,100.0,15.0,180.0
123.22843828193282,-32.73537339162521,-48.39085686220317,100.0,15.0,180.0
123.19564173639766,-32.44015879725116,-48.32279502160168,100.0,15.0,180.0
123.25791579575709,-32.159632005297425,-48.17476973689845,100.0,15.0,180.0
123.20374582369644,-31.947461998869457,-48.00664740287032,100.0,15.0,180.0
123.05938740501009,-31.74197713034355,-47.67254713803828,100.0,15.0,180.0
123.02021580849198,-31.604396882013827,-47.18808468119204,100.0,15.0,180.0
123.2183371050746,-31.623150626625947,-46.63009278036359,100.0,15.0,180.0
123.67225001822032,-31.62741689581856,-46.27168652791049,100.0,15.0,180.0
124.17921780854893,-31.59768680347204,-46.43155775645127,100.0,15.0,180.0
124.5851101506846,-31.72490946235872,-46.86952075159299,100.0,15.0,180.0
125.0642388864784,-31.94084553767089,-47.195174085250805,100.0,15.0,180.0
125.56400407584178,-32.104709529891124,-47.439660550146726,100.0,15.0,180.0
125.85051716298986,-32.16212606260723,-47.67685373208148,100.0,15.0,180.0
125.98410298045866,-32.20075953377318,-47.852561900124414,100.0,15.0,180.0
126.11148845253724,-32.387855641605626,-47.90638144674279,99.9985809326172,15.0,180.0
126.27688902828812,-32.62042996293778,-47.84199682968104,99.98190307617188,15.0,180.0
126.35516906186304,-32.71859216664199,-47.77847922260589,99.93562316894533,15.0,180.0
126.25311786602492,-32.763896929340646,-47.7331207876477,99.86186981201172,15.0,180.0
126.03246147290903,-32.91404423343475,-47.75049619298392,99.86186981201172,15.0,180.0
125.79386158731208,-33.03173455342657,-47.83056654387482,99.77213287353516,15.0,180.0
125.54446974817714,-32.905089240046415,-47.8013575913694,99.67767333984376,15.0,180.0
125.22920479445412,-32.70500110799858,-47.73449961530224,99.58063507080078,15.0,180.0
124.99256639548533,-32.68661795530742,-47.72327803663077,99.4816436767578,15.0,180.0
124.96657979941426,-32.889136432325124,-47.71379475807877,99.38236236572266,15.0,180.0
125.00400921356264,-33.099012681497086,-47.652314848546816,99.2828369140625,15.0,180.0
125.05565047306744,-33.133992697730505,-47.32706680382627,99.18310546875,15.0,180.0
125.20865765666804,-33.2728937741364,-46.75430597929349,99.18310546875,15.0,180.0
125.38722192772804,-33.662407552592086,-46.33273520163348,99.08325958251952,15.0,180.0
125.58937769401096,-33.97540145977854,-46.27258193111623,98.98323059082033,15.0,180.0
125.84606264719297,-34.22332317214629,-46.43855141646692,98.88324737548828,15.0,180.0
126.21659820836788,-34.5842025541899,-46.51442942102556,98.7833480834961,15.0,180.0
126.9347207257732,-34.89096072626706,-46.37861422762059,98.6835479736328,15.0,180.0
127.82611689560376,-35.07290706858957,-46.16824576051974,98.58340454101562,15.0,180.0
128.3774230342533,-35.29120713985889,-45.98747110006218,98.48324584960938,15.0,180.0
128.38980135161293,-35.527345559757464,-46.04526395935861,98.48324584960938,15.0,180.0
128.01745643528005,-35.60162983356344,-46.57464207678546,98.38331604003906,15.0,180.0
127.66095915002886,-35.46063406958543,-47.47420969828895,98.2834930419922,15.0,180.0
127.60022069477898,-35.181997247438105,-48.32339688469609,98.1834945678711,15.0,180.0
127.67641264368224,-35.07392075924126,-48.84932302784389,98.08324432373048,15.0,180.0
127.65281254914134,-35.40068275880119,-49.12845317068152,97.98336791992188,15.0,180.0
127.4964971461596,-35.93057121885336,-49.31420884082425,97.8833999633789,15.0,180.0
127.33428085968328,-36.33012201331059,-49.44872948972485,97.8833999633789,15.0,180.0
127.26179445584933,-36.66013660617652,-49.5180486775743,97.783447265625,15.0,180.0
127.271644474561,-36.95402477374608,-49.52707646727323,97.68335723876952,15.0,180.0
127.44619089108836,-36.94616677118908,-49.50009450772416,97.5832061767578,15.0,180.0
127.68065977514853,-36.68681181743042,-49.43227729938378,97.4832992553711,15.0,180.0
127.89920428019356,-36.50640320605562,-49.41652349205444,97.38351440429688,15.0,180.0
128.2484188757294,-36.32573279058424,-49.525505372108256,97.28378295898438,15.0,180.0
128.5570150955052,-36.15722562228794,-49.66621525999729,97.1834945678711,15.0,180.0
128.68013249796644,-36.21823258384854,-49.876150029648784,97.1834945678711,15.0,180.0
128.69098668306628,-36.341821021681405,-50.12338344556095,97.0831527709961,15.0,180.0
128.73292408166597,-36.275690561817,-50.30334686205181,96.98340606689452,15.0,180.0
128.92183641408698,-36.013222664833066,-50.40653010505736,96.8837661743164,15.0,180.0
129.12358162432182,-35.72151526498231,-50.44113175933972,96.783447265625,15.0,180.0
129.30713321392136,-35.48322538813762,-50.484812983722826,96.68316650390624,15.0,180.0
129.4192265169595,-35.457685295708,-50.514283370390814,96.58319854736328,15.0,180.0
129.28731890561696,-35.703445486799296,-50.530270335666735,96.58319854736328,15.0,180.0
129.0503504969799,-35.93972828026337,-50.60851960676061,96.48316955566406,15.0,180.0
128.86719118717792,-36.05794358568323,-50.65279722632897,96.3833236694336,15.0,180.0
128.79006417709533,-36.20240814173336,-50.48704017747482,96.28347778320312,15.0,180.0
128.86148075168484,-36.489520061856055,-50.04131183237725,96.18345642089844,15.0,180.0
128.96574544106343,-36.80560166244796,-49.44660430203732,96.08351135253906,15.0,180.0
128.8784025498628,-37.01951626593022,-48.92072913243083,95.98342895507812,15.0,180.0
128.48805368397402,-37.23426625446224,-48.66296238240406,95.88356018066406,15.0,180.0
127.99901904915934,-37.43070369843816,-48.67042995929263,95.88356018066406,15.0,180.0
127.69730422738502,-37.50634125797456,-48.61050001334516,95.78333282470705,15.0,180.0
127.76554535165356,-37.4890973752143,-48.321977395525735,95.68326568603516,15.0,180.0
128.2606833829488,-37.39751537230693,-48.05348546397597,95.58343505859376,15.0,180.0
128.8548845140487,-37.252818680839056,-47.95380079206281,95.48345184326172,15.0,180.0
129.10804615202295,-36.93845489810129,-47.95953709659279,95.38348388671876,15.0,180.0
129.17968761588477,-36.41242283056742,-48.19617094365095,95.28343200683594,15.0,180.0
129.51655493888583,-35.97804401706385,-48.65966759218745,95.18341064453124,15.0,180.0
130.10829724108945,-35.70342221007245,-49.01236551123826,95.18341064453124,15.0,180.0
130.66466793503508,-35.40793979589419,-49.18551785148392,95.08344268798828,15.0,180.0
131.04714854567973,-35.10238979632459,-49.19411533048329,94.9836654663086,15.0,180.0
131.23206399270322,-34.93913710035798,-48.93468917757116,94.8834457397461,15.0,180.0
131.18597009190393,-35.04414436514907,-48.48044084591223,94.78308868408205,15.0,180.0
131.01506263805123,-35.25466677754941,-48.01223254881037,94.68324279785156,15.0,180.0
130.86384583363906,-35.30655041400784,-47.68404298291549,94.5833511352539,15.0,180.0
130.7463655318406,-35.24556996715633,-47.53663943060637,94.5833511352539,15.0,180.0
130.72077786968748,-35.28944836554558,-47.60354286014891,94.48336791992188,15.0,180.0
130.8544716923434,-35.39146633148805,-47.8125537217498,94.38329315185548,15.0,180.0
131.10863849061886,-35.33760577401015,-48.003935339969296,94.2833480834961,15.0,180.0
131.252875719356,-35.31572437346179,-48.16894271553026,94.183349609375,15.0,180.0
131.21881522152393,-35.62893514548493,-48.39801353819641,94.08348083496094,15.0,180.0
131.2256399419322,-36.08448848054508,-48.81349661264203,93.98342895507812,15.0,180.0
131.24198640542272,-36.42249525051137,-49.35281655288762,93.88329315185548,15.0,180.0
131.23741794295455,-36.71750907988786,-49.7112368094102,93.88329315185548,15.0,180.0
131.22009735560744,-36.94807033868177,-49.769476065422914,93.78339385986328,15.0,180.0
131.09501399419707,-36.9945422089154,-49.93817056512128,93.68328857421876,15.0,180.0
131.08219149382623,-36.94279548195667,-50.537227263065446,93.58341217041016,15.0,180.0
131.28052933725803,-36.83823150524657,-51.16602835562893,93.4833984375,15.0,180.0
131.43332497991273,-36.639433045262045,-51.52879674736888,93.38323974609376,15.0,180.0
131.4116609356813,-36.27510062724898,-51.812188695475285,93.28337860107422,15.0,180.0
131.2727034870971,-35.69797575536501,-52.04206210185124,93.28337860107422,15.0,180.0
131.19416898678583,-35.13471147573717,-52.13701094077228,93.18328857421876,15.0,180.0
131.3496477203792,-34.81334939124159,-52.02747457685999,93.08350372314452,15.0,180.0
131.7020282729985,-34.6501949695929,-51.6487236694662,92.9833984375,15.0,180.0
132.09142426314784,-34.638610115897585,-51.18896901729543,92.88330841064452,15.0,180.0
132.35146286230628,-34.838158439741775,-50.87916753013253,92.78338623046876,15.0,180.0
132.4045483928499,-34.952823264034855,-50.71074776007472,92.6834716796875,15.0,180.0
132.34570684850962,-34.86135765842904,-50.51113640646434,92.58352661132812,15.0,180.0
132.25864456954815,-34.757840044956936,-50.1300657002736,92.58352661132812,15.0,180.0
132.24455955447647,-34.75364131213373,-49.6790570965785,92.48345947265624,15.0,180.0
132.2897496642259,-34.85809851685911,-49.3898850787507,92.38339233398438,15.0,180.0
132.23367469774075,-34.908158373141546,-49.15414011565453,92.28331756591795,15.0,180.0
131.9666624959386,-34.85749879959268,-48.89425097202443,92.1834487915039,15.0,180.0
131.459591999062,-34.863526932472816,-48.83576225954806,92.08338928222656,15.0,180.0
130.79151321144937,-35.04861538712202,-48.81709700621544,91.98321533203124,15.0,180.0
130.03539310165007,-35.28836212453105,-48.57882710769796,91.98321533203124,15.0,180.0
129.30621503423288,-35.34164246793368,-48.27224921236541,91.88335418701172,15.0,180.0
128.68090432226734,-35.28463980958961,-48.11815059391424,91.78333282470705,15.0,180.0
128.20608509324293,-35.32500431254896,-48.25082706442699,91.683349609375,15.0,180.0
127.95370888730218,-35.40518850785134,-48.55337957564088,91.58336639404295,15.0,180.0
127.92645564159756,-35.30868426859808,-48.84963537999588,91.48334503173828,15.0,180.0
128.04781855372084,-34.94375430247695,-48.98823805715451,91.38333129882812,15.0,180.0
128.2689756863345,-34.41566537908357,-48.801922004688016,91.2834014892578,15.0,180.0
128.63261867614827,-33.996561166741145,-48.625381389481774,91.2834014892578,15.0,180.0
129.04808528589214,-33.91863880776475,-48.61603867588385,91.18341827392578,15.0,180.0
129.3687936314522,-34.091999496883,-48.41342817269977,91.08344268798828,15.0,180.0
129.5633457333588,-34.36040481126048,-48.24870965181341,90.9833984375,15.0,180.0
129.66907337995343,-34.72997283467842,-48.43324211257488,90.88340759277344,15.0,180.0
129.68376266737243,-34.95219240265545,-48.6769993280599,90.78325653076172,15.0,180.0
129.5348744485114,-34.82479838819605,-48.644987495865486,90.68334197998048,15.0,180.0
129.19445507314515,-34.66027706133502,-48.33088360601606,90.5833511352539,15.0,180.0
128.79854289997718,-34.64513700983577,-48.08186144820478,90.5833511352539,15.0,180.0
128.5386605135967,-34.68556327652882,-47.94608211465656,90.48336791992188,15.0,180.0
128.4163056387202,-34.82574565962352,-47.830331773008176,90.38341522216795,15.0,180.0
128.3347710903925,-35.09955309503747,-47.898039752614665,90.28338623046876,15.0,180.0
128.33384374128417,-35.442279895593,-48.10194990688238,90.18348693847656,15.0,180.0
128.4919621167262,-35.714677441051954,-48.28120986557628,90.08356475830078,15.0,180.0
128.6896753581497,-35.64817139015096,-48.42525091103804,89.98333740234375,15.0,180.0
128.89297593142433,-35.25575366343781,-48.57086795547742,89.98333740234375,15.0,180.0
129.20079760970128,-34.914775920009355,-48.627684668665815,89.88337707519531,15.0,180.0
129.45775956321572,-34.70220488931295,-48.54728545232324,89.78335571289062,15.0,180.0
129.4523926362138,-34.40238331470539,-48.42018778313149,89.68339538574219,15.0,180.0
129.25230603980816,-34.03529761762171,-48.2812608811488,89.58341979980469,15.0,180.0
128.9767397835444,-33.77710984930618,-48.11324174220304,89.48328399658203,15.0,180.0
128.6456212965568,-33.67235801816264,-47.895921622769954,89.38343048095703,15.0,180.0
128.3343562962715,-33.64863252644667,-47.60410835580083,89.2833023071289,15.0,180.0
128.1203197513148,-33.63150000367098,-47.3324040459126,89.2833023071289,15.0,180.0
128.00917454830363,-33.65922305450709,-47.228353525484906,89.1834945678711,15.0,180.0
128.0271114200087,-33.80513499795507,-47.3036133634329,89.08348083496094,15.0,180.0
128.0808938790368,-33.9507694747456,-47.562445134125824,88.98326873779297,15.0,180.0
127.92808595440712,-34.079477858896105,-47.90029081755149,88.88341522216797,15.0,180.0
127.54983814741448,-34.315492191322974,-48.118693311628064,88.78338623046875,15.0,180.0
127.05731793879625,-34.62070364566068,-48.108993722931984,88.68343353271484,15.0,180.0
126.56032332878432,-34.87230323960441,-47.96869267411305,88.68343353271484,15.0,180.0
126.1070563204644,-34.79947130039925,-47.93489095731728,88.58341217041016,15.0,180.0
125.64824172603872,-34.455155622569045,-47.94985305810278,88.4832992553711,15.0,180.0
125.36063876318684,-34.364006428832646,-47.98621191473399,88.38334655761719,15.0,180.0
125.39749697982356,-34.6076632220705,-48.09513653227059,88.28328704833984,15.0,180.0
125.60353891835445,-34.91447027311524,-48.08046509574604,88.18345642089844,15.0,180.0
125.83032932057904,-35.151541336047,-47.93726949175,88.08343505859375,15.0,180.0
125.91366869459968,-35.31136012927949,-47.774967672175066,87.98330688476562,15.0,180.0
125.73597345517408,-35.41935351646922,-47.52279385558752,87.98330688476562,15.0,180.0
125.50979693552291,-35.40404477670026,-47.15183513426381,87.88336944580078,15.0,180.0
125.2594342706542,-35.354667458290734,-46.850361147351066,87.78336334228516,15.0,180.0
124.88703116095016,-35.33663999635414,-46.73724526474412,87.6834487915039,15.0,180.0
124.64143207544164,-35.27593697218432,-46.56838825549122,87.58353424072266,15.0,180.0
124.66964985181248,-35.23681686225668,-46.22137629417615,87.4834976196289,15.0,180.0
125.0011333518018,-35.14310947014198,-46.03962755987818,87.38345336914062,15.0,180.0
125.59147861499126,-34.85201883055689,-46.28135834642909,87.28338623046875,15.0,180.0
126.15498448212216,-34.384174857018,-46.76366647463466,87.28338623046875,15.0,180.0
126.51779767244912,-34.01738247355149,-47.12418779022928,87.18352508544922,15.0,180.0
126.6309386205666,-34.11092530886108,-47.19197461137228,87.08341979980469,15.0,180.0
126.54244536706146,-34.591780589271664,-47.07211260430936,86.98322296142578,15.0,180.0
126.5066180429969,-35.17133538485161,-47.00353552781858,86.8833999633789,15.0,180.0
126.6608100213157,-35.72370168230372,-47.077555015120026,86.78345489501953,15.0,180.0
126.94506258481854,-35.947088721709406,-47.170677182180974,86.6834487915039,15.0,180.0
127.30231395581517,-35.7204184206226,-47.28864025848276,86.6834487915039,15.0,180.0
127.6191719579795,-35.49853370765624,-47.388748160589095,86.58344268798828,15.0,180.0
127.78832450976331,-35.46174440589141,-47.37556524875874,86.48332214355469,15.0,180.0
127.86323207063256,-35.48308148941344,-47.29500173586972,86.38336944580078,15.0,180.0
127.89800500133624,-35.46179890083103,-47.21162513250536,86.28341674804688,15.0,180.0
127.8204491250838,-35.313214926008264,-47.26609800856546,86.18338012695312,15.0,180.0
127.6183092516631,-35.184252852666745,-47.48565298873496,86.08331298828125,15.0,180.0
127.29729174146976,-35.18306384153849,-47.837765856936095,85.98329162597656,15.0,180.0
126.94529888398787,-35.27789254336925,-48.25233952940409,85.98329162597656,15.0,180.0
126.63689186238511,-35.426285662460884,-48.436390790636295,85.88323974609375,15.0,180.0
126.2651104855415,-35.50969862520736,-48.22646113708966,85.78324890136719,15.0,180.0
125.96102243463471,-35.545621670779866,-47.82677029880756,85.68336486816406,15.0,180.0
125.8421182663878,-35.64860172253287,-47.54970926560205,85.5833740234375,15.0,180.0
125.89429430133131,-35.83808401018673,-47.54177712052008,85.48336791992188,15.0,180.0
126.11811924807355,-36.13204164520151,-47.64557174896174,85.3833236694336,15.0,180.0
126.37356373990548,-36.48767529676875,-47.56216337948867,85.3833236694336,15.0,180.0
126.6103308688348,-36.7767266345188,-47.3302237568368,85.28336334228516,15.0,180.0
126.7991255538819,-36.966068602840494,-47.12621700272677,85.1834945678711,15.0,180.0
126.81920717926262,-36.91065643268927,-46.97663036785953,85.08334350585938,15.0,180.0
126.74668495826356,-36.52223988650896,-46.837035815991705,84.98340606689453,15.0,180.0
126.70177180856972,-36.12714010606659,-46.48575591688979,84.88340759277344,15.0,180.0
126.5426112479124,-35.94914077412648,-45.985319164489646,84.78340911865234,15.0,180.0
126.01394032750842,-35.93853004585238,-45.688765059190665,84.68353271484375,15.0,180.0
125.1618703216167,-35.96061110858557,-45.7150439855915,84.68353271484375,15.0,180.0
124.28760929625987,-35.96545790252255,-45.910084375292456,84.5833740234375,15.0,180.0
123.53476814530433,-35.88102658282942,-45.98403849805307,84.48329162597656,15.0,180.0
122.8936562325011,-35.575334767559475,-45.940400243465376,84.3832778930664,15.0,180.0
122.4473010957924,-35.2200141385183,-45.923575966794886,84.28331756591797,15.0,180.0
122.50204575250535,-35.195577092885415,-46.00427340192032,84.18340301513672,15.0,180.0
123.3026902746941,-35.65107021756623,-46.26302212254252,84.08330535888672,15.0,180.0
124.89420905886168,-36.42743438417379,-46.721902915276665,84.08330535888672,15.0,180.0
126.88947433856228,-37.31647266639416,-47.32131063324268,83.98336029052734,15.0,180.0
128.48114731634018,-38.01948597239755,-47.83755314001507,83.8833236694336,15.0,180.0
129.27186643509884,-38.29030611532906,-48.03854041354016,83.78346252441406,15.0,180.0
129.39714631795474,-38.17529469084852,-47.78769973344925,83.68342590332031,15.0,180.0
129.1901910881133,-37.86523639182853,-47.23391305129654,83.58323669433594,15.0,180.0
128.93030059729887,-37.38864287159585,-46.62282082100281,83.48334503173828,15.0,180.0
128.802281729995,-36.889634352739165,-46.194273164229614,83.38330841064453,15.0,180.0
128.90235148544826,-36.622101096624576,-46.206515053377565,83.38330841064453,15.0,180.0
129.13070651155283,-36.435476532765485,-46.4274912402548,83.28348541259766,15.0,180.0
129.39026081482615,-36.146601418789054,-46.391546515674165,83.18351745605469,15.0,180.0
129.51828992329592,-35.898116103812995,-46.0145247113045,83.08341979980469,15.0,180.0
129.3897014673686,-35.91820785731608,-45.55981933948595,82.98353576660156,15.0,180.0
129.00627588537267,-36.27879878984854,-45.18112480227199,82.88345336914062,15.0,180.0
128.47902148367743,-36.770387456671415,-44.96339768882274,82.78350067138672,15.0,180.0
128.16159308703303,-37.054076210757344,-45.03327766938962,82.6834716796875,15.0,180.0
128.12830032597952,-37.19778273500458,-45.29175782196475,82.6834716796875,15.0,180.0
128.15359071843633,-37.42845264645699,-45.65883708847916,82.58332824707031,15.0,180.0
128.10181621982628,-37.62530095763546,-46.06545338893533,82.48341369628906,15.0,180.0
127.7658665692619,-37.715049962190434,-46.3192018630353,82.38337707519531,15.0,180.0
127.09328222134214,-37.7663945985653,-46.49235099867505,82.28340911865234,15.0,180.0
126.2879117364215,-37.721922618770094,-46.69995752547941,82.18343353271484,15.0,180.0
125.65476814701113,-37.51455062372677,-46.75497796994699,82.08341979980469,15.0,180.0
125.41179809404632,-37.25428294724897,-46.70960688207484,82.08341979980469,15.0,180.0
125.45722267171756,-37.05596615126695,-46.83507622945663,81.98336029052734,15.0,180.0
125.54261244870088,-37.05086952088521,-47.03787903933366,81.88337707519531,15.0,180.0
125.44136049808264,-37.287881790083375,-47.07951284912884,81.78341674804688,15.0,180.0
125.20847837127695,-37.44306333893869,-47.01077483074201,81.68339538574219,15.0,180.0
125.0435471453072,-37.32680977936821,-47.07502956595006,81.58325958251953,15.0,180.0
124.90597121357376,-37.04807108767753,-47.22347700862909,81.48339080810547,15.0,180.0
124.75533521433768,-36.77070175726984,-47.13569534151125,81.38337707519531,15.0,180.0
124.6721003339809,-36.61794323903517,-46.8239208756167,81.38337707519531,15.0,180.0
124.50668118281015,-36.50151320474128,-46.557891188752016,81.28350067138672,15.0,180.0
124.10117376387852,-36.31641231658095,-46.43369958797271,81.18336486816406,15.0,180.0
123.83872475652976,-36.09330362910609,-46.48533893388784,81.08336639404297,15.0,180.0
124.03539104671724,-35.87937936181192,-46.68812930555755,80.98339080810547,15.0,180.0
124.60278723982236,-35.753304961432534,-46.93076584122591,80.88350677490234,15.0,180.0
125.28362366571234,-35.75166786798915,-47.131413246339584,80.78357696533203,15.0,180.0
125.64613356720145,-35.719885363807514,-47.10213609347286,80.78357696533203,15.0,180.0
125.45304607527042,-35.775332564912794,-46.63180279759715,80.68341064453125,15.0,180.0
125.0068829737469,-36.21732353012983,-45.92314071215079,80.58338928222656,15.0,180.0
124.770499680327,-36.74245792091266,-45.48586017710629,80.48321533203125,15.0,180.0
124.65494241055188,-36.94367016210568,-45.44960717343766,80.38327026367188,15.0,180.0
124.43826670537364,-36.91086533064496,-45.57703614653778,80.28334045410156,15.0,180.0
124.0487208066852,-36.781640271875,-45.49451326279673,80.18325805664062,15.0,180.0
123.23157696697233,-36.65330374513716,-44.858149997274346,80.0832748413086,15.0,180.0
121.91813173239784,-36.531575904999,-43.93025327864952,80.0832748413086,15.0,180.0
120.43267252483184,-36.30060883184152,-43.071040053610325,79.98326110839844,15.0,180.0
119.04900833206013,-36.01686803888245,-42.06197956516229,79.88334655761719,15.0,180.0
117.69214558395988,-35.65000501067468,-40.84766544778701,79.78340911865234,15.0,180.0
116.21846498293344,-35.08998254455936,-39.73393772652258,79.68339538574219,15.0,180.0
114.69661759835036,-34.410985949683536,-38.83305999480196,79.58348083496094,15.0,180.0
113.2107390130562,-33.73630757587506,-38.07503967530199,79.48345947265625,15.0,180.0
111.746708279879,-33.189666461693946,-37.429742779650965,79.38345336914062,15.0,180.0
110.50647273347128,-32.897498152074064,-36.92931914566788,79.38345336914062,15.0,180.0
109.93095786052773,-32.91003496586754,-36.64598082232241,79.2834243774414,15.0,180.0
110.37785240854151,-33.17581490401201,-36.77567433968248,79.18333435058594,15.0,180.0
112.15258297569792,-33.791128261221964,-37.47959382652906,79.08335876464844,15.0,180.0
115.37359803402136,-34.83657458999688,-38.74765337528999,78.98334503173828,15.0,180.0
119.20003305436006,-35.98795797451306,-40.39746986177315,78.88334655761719,15.0,180.0
122.0983193298014,-36.88082855907007,-41.903190780044525,78.78349304199219,15.0,180.0
123.4139775097722,-37.50152137470333,-42.74988722227037,78.78349304199219,15.0,180.0
123.80470917685533,-37.99225506540505,-43.06914766729384,78.68336486816406,15.0,180.0
124.14302985547364,-38.410836463940825,-43.499564909847976,78.58326721191406,15.0,180.0
124.7130230181362,-38.76704564441051,-44.28351202023524,78.48331451416016,15.0,180.0
125.36121039997025,-39.13566170038524,-44.93509163983268,78.38327026367188,15.0,180.0
125.8375660609493,-39.61307577761222,-45.03143875574373,78.28331756591797,15.0,180.0
125.9969309254846,-40.1436727519265,-44.5520349936179,78.18328857421875,15.0,180.0
125.952435284722,-40.53459407550722,-43.80024892609993,78.08338165283203,15.0,180.0
125.85773396981791,-40.752039264029854,-43.30660817180721,78.08338165283203,15.0,180.0
125.6958741824703,-40.94841384971448,-43.34755973250477,77.98365783691406,15.0,180.0
125.46347018472004,-41.08046523459361,-43.66778247721753,77.883544921875,15.0,180.0
125.262030805588,-41.07807360804778,-43.88732284235528,77.78341674804688,15.0,180.0
125.2368970287843,-41.14274433388091,-43.97255400324435,77.68347930908203,15.0,180.0
125.39837419014472,-41.40125107545326,-44.0800036558963,77.58334350585938,15.0,180.0
125.56165853622709,-41.59248513030977,-44.266574420551,77.48332977294922,15.0,180.0
125.6541364308428,-41.54021278135352,-44.46981795564309,77.48332977294922,15.0,180.0
125.67750610846198,-41.471424075378046,-44.65441943736156,77.38339233398438,15.0,180.0
125.58572374000154,-41.43828080978358,-44.85956372194579,77.28337860107422,15.0,180.0
125.50444008948978,-41.33356165772089,-45.05010502350257,77.1833724975586,15.0,180.0
125.59088895843192,-41.21596979338674,-45.06209582859594,77.08343505859375,15.0,180.0
125.75436426020134,-41.0206747430089,-44.917281826428216,76.9832992553711,15.0,180.0
125.93226576539388,-40.63425873749768,-44.72344031689257,76.88335418701172,15.0,180.0
126.2365682718043,-40.1684724213513,-44.481539270963744,76.78339385986328,15.0,180.0
126.53732439071273,-39.73723833468756,-44.06037141121294,76.78339385986328,15.0,180.0
126.7041970950464,-39.50888000451783,-43.36156914010908,76.68333435058594,15.0,180.0
126.94980727166032,-39.45827361604808,-42.66617587843101,76.58340454101562,15.0,180.0
127.3520870456916,-39.29301673353426,-42.23010421142483,76.48333740234375,15.0,180.0
127.6660684077956,-39.14710970248828,-42.13169572339606,76.38335418701172,15.0,180.0
127.68877469429847,-39.176864874572,-42.33054774340072,76.28340911865234,15.0,180.0
127.4271840150765,-39.118323917822906,-42.58704869156521,76.18335723876953,15.0,180.0
127.00217130058176,-38.98380732893599,-42.74377992976982,76.08345031738281,15.0,180.0
126.59703772877312,-39.15482563487877,-42.83696042321489,76.08345031738281,15.0,180.0
126.29520244097412,-39.575158005406166,-43.02370808187866,75.9834976196289,15.0,180.0
126.18028298647944,-39.82666667655722,-43.36871039461518,75.88333892822266,15.0,180.0
126.38526860120427,-39.85104156413764,-43.74889278282316,75.78337097167969,15.0,180.0
126.8003671868372,-39.770768269172336,-44.01925343167543,75.6833724975586,15.0,180.0
127.2249013583625,-39.62647218661891,-44.1000963842593,75.58335876464844,15.0,180.0
127.42601032767271,-39.47268380633507,-44.0199225632288,75.48345947265625,15.0,180.0
127.2093847499037,-39.332410126745565,-43.89284003703314,75.48345947265625,15.0,180.0
126.76125643605752,-39.25038172569696,-43.77728856609821,75.38330078125,15.0,180.0
126.3157795841162,-39.18552343437517,-43.68193234518846,75.28341674804688,15.0,180.0
125.85016148672834,-39.1494085966288,-43.43921581247934,75.18354034423828,15.0,180.0
125.51269874987828,-39.26853864624385,-42.84124982767987,75.08345794677734,15.0,180.0
125.53587644713924,-39.399867012791816,-42.22997520866217,74.9833755493164,15.0,180.0
125.7403536974508,-39.39138173335476,-41.996907083286544,74.88341522216797,15.0,180.0
125.90392632477676,-39.31122775789525,-41.9860237246122,74.78343200683594,15.0,180.0
126.04468396411974,-39.17957168546942,-41.9618422146903,74.78343200683594,15.0,180.0
126.1987546264466,-39.0011915493938,-41.91670023064394,74.68344116210938,15.0,180.0
126.3628350167272,-38.81688578448097,-41.73895697982044,74.58331298828125,15.0,180.0
126.4429302646518,-38.68721628001774,-41.37998104350349,74.48328399658203,15.0,180.0
126.50969717093383,-38.63750254403471,-41.15480960140508,74.38338470458984,15.0,180.0
126.69352906796443,-38.66037480145712,-41.26464349653557,74.28340148925781,15.0,180.0
126.93288271451313,-38.77614345860424,-41.6388901510227,74.18343353271484,15.0,180.0
127.16159575758982,-39.004290787667614,-42.13175399587097,74.18343353271484,15.0,180.0
127.25128811631836,-39.3756208003917,-42.6857802482493,74.08331298828125,15.0,180.0
127.22249629948432,-39.79276927063562,-43.24967067645037,73.98332214355469,15.0,180.0
127.20600244265232,-40.11205488635041,-43.77311085749216,73.88330078125,15.0,180.0
127.27268386525424,-40.33269977778708,-44.22716020650026,73.78336334228516,15.0,180.0
127.4610307711016,-40.43378413362957,-44.49947935925505,73.68346405029297,15.0,180.0
127.64861677000258,-40.36195128921857,-44.586711022481786,73.58341217041016,15.0,180.0
127.74346268112852,-40.219550694020704,-44.492287083708575,73.4834213256836,15.0,180.0
127.69513272246994,-40.06106421286314,-44.25223821279059,73.4834213256836,15.0,180.0
127.6526157163413,-39.857858065264935,-43.989754145535926,73.38328552246094,15.0,180.0
127.82656679061051,-39.61752075972196,-43.77482401058314,73.28339385986328,15.0,180.0
128.1031314037999,-39.28277403236111,-43.75861153917221,73.18348693847656,15.0,180.0
128.2030708403166,-38.929405900050405,-43.9849889672636,73.083251953125,15.0,180.0
127.96171463929215,-38.73317103137478,-44.26764298419278,72.98340606689453,15.0,180.0
127.55171378735484,-38.671764563315776,-44.349532984784766,72.88333129882812,15.0,180.0
127.301833986238,-38.736467077455245,-44.055217596854455,72.88333129882812,15.0,180.0
127.29977210757288,-38.92107997322755,-43.50233637615664,72.78340148925781,15.0,180.0
127.44428714971004,-39.01759183834471,-43.03708121961415,72.68356323242188,15.0,180.0
127.73036915796342,-39.00262096383288,-42.78529650465255,72.58333587646484,15.0,180.0
128.00428371380866,-39.01468679177591,-42.63970501613637,72.48343658447266,15.0,180.0
128.02955365185298,-39.07279993065946,-42.605580850122784,72.38330078125,15.0,180.0
127.8705312387437,-39.159862500060285,-42.59757267463414,72.2834243774414,15.0,180.0
127.72573476166907,-39.25150035719097,-42.431097428971285,72.1834945678711,15.0,180.0
127.64230306979422,-39.41545962642648,-42.109290968182805,72.1834945678711,15.0,180.0
127.5716759519318,-39.62491462854069,-41.87425145186735,72.0833740234375,15.0,180.0
127.5785916544464,-39.72520661311305,-41.798570391303386,71.98336791992188,15.0,180.0
127.603164409559,-39.774738879286,-41.66533453074605,71.8833236694336,15.0,180.0
127.42428962930316,-39.82678634152305,-41.40459796675589,71.78337097167969,15.0,180.0
127.01420993736512,-39.82282771429986,-41.035402116422446,71.68339538574219,15.0,180.0
126.61719976301946,-39.76998229385707,-40.642232231270825,71.58335876464844,15.0,180.0
126.5704880094234,-39.72135696735512,-40.332609324044405,71.48336029052734,15.0,180.0
126.74750737301493,-39.84251377706612,-40.09515059568773,71.48336029052734,15.0,180.0
126.74884066201606,-40.2142701892186,-40.02759389864731,71.38339233398438,15.0,180.0
126.49344256077111,-40.49454361240574,-40.27026236891608,71.28340911865234,15.0,180.0
126.1289840789809,-40.41350009299783,-40.68918732606017,71.18345642089844,15.0,180.0
125.914332283676,-40.3269152930998,-40.98991748944505,71.08336639404297,15.0,180.0
125.94009009681264,-40.49832700498122,-40.96792749808546,70.98339080810547,15.0,180.0
126.11736133911026,-40.68763526609887,-40.53892188649374,70.88331604003906,15.0,180.0
126.3419392696845,-40.72783241794985,-39.9849709780212,70.88331604003906,15.0,180.0
126.43287182092716,-40.660944459178346,-39.62646322813039,70.78334045410156,15.0,180.0
126.3994074528083,-40.59967267276912,-39.42153064784986,70.68340301513672,15.0,180.0
126.37062968387836,-40.57579088796557,-39.49656221423489,70.58333587646484,15.0,180.0
126.31309565015188,-40.43130965438708,-39.77699462341072,70.4833984375,15.0,180.0
126.24135795051204,-40.16922100368087,-39.95433018834344,70.38343048095703,15.0,180.0
126.22961748609852,-40.0250981888603,-40.14254620755044,70.2833480834961,15.0,180.0
126.28679486664278,-40.10380321576136,-40.35485266494887,70.1833267211914,15.0,180.0
126.32687362589908,-40.2983916639102,-40.45409705054743,70.1833267211914,15.0,180.0
126.24171026327252,-40.41173962102344,-40.49542470332069,70.08331298828125,15.0,180.0
126.04291113856966,-40.411673445237824,-40.47720357674511,69.98336029052734,15.0,180.0
125.82226109157568,-40.35642753753568,-40.31539608966554,69.88345336914062,15.0,180.0
125.64893879649308,-40.05421175193583,-40.08972102216814,69.78340148925781,15.0,180.0
125.4848235120393,-39.5124022004636,-40.02622834071959,69.683349609375,15.0,180.0
125.28250555366004,-39.172549963703645,-40.21452988365581,69.58343505859375,15.0,180.0
125.04161840605252,-39.25210993982615,-40.56590814421128,69.58343505859375,15.0,180.0
124.86991439253212,-39.71544061458077,-40.85529763476744,69.4833755493164,15.0,180.0
124.98394439608492,-40.24983930912372,-40.92776271933243,69.38340759277344,15.0,180.0
125.34384726775326,-40.468275897186096,-41.01390122155773,69.28337097167969,15.0,180.0
125.71044301699132,-40.56297609025479,-41.32021574784184,69.18328094482422,15.0,180.0
126.01834700309536,-40.79516193576936,-41.56612824577335,69.08345794677734,15.0,180.0
126.23696627297188,-41.12416009729483,-41.4904231744945,68.98344421386719,15.0,180.0
126.30630210042258,-41.58016142397676,-41.33417951533433,68.88329315185547,15.0,180.0
126.36516489547375,-42.073741973925976,-41.38127184274264,68.88329315185547,15.0,180.0
126.53090611294772,-42.29517706912411,-41.4013323710828,68.78338623046875,15.0,180.0
126.77884066510948,-42.22303816434905,-41.05940279681515,68.68342590332031,15.0,180.0
127.06198293582187,-42.08129034997005,-40.518748459629016,68.58338165283203,15.0,180.0
127.29612354457473,-42.07668363063189,-40.12629466443649,68.4834213256836,15.0,180.0
127.51430497987872,-42.12422292784015,-40.040191488990594,68.38331604003906,15.0,180.0
127.67663018870256,-41.93026655700088,-40.16937005674228,68.28343200683594,15.0,180.0
127.59494154046824,-41.68608264639354,-40.18982329991427,68.18336486816406,15.0,180.0
127.4027487159574,-41.65934747515647,-40.0466700569811,68.18336486816406,15.0,180.0
127.36498244850492,-41.71186492378034,-39.99954833083797,68.08331298828125,15.0,180.0
127.50747683832786,-41.70323422160736,-40.06313346376341,67.98350524902344,15.0,180.0
127.70105774928044,-41.6804013574386,-40.21232650562381,67.88346862792969,15.0,180.0
127.80129907619506,-41.7397968210141,-40.35425979921904,67.78345489501953,15.0,180.0
127.80711194183392,-41.7926087723067,-40.29346915953741,67.68335723876953,15.0,180.0
127.7384097253092,-41.657682072486736,-40.11960158573078,67.58330535888672,15.0,180.0
127.63811600467666,-41.40992713893992,-39.85996471292041,67.58330535888672,15.0,180.0
127.5968635853894,-41.20453576495685,-39.48228039221433,67.48332214355469,15.0,180.0
127.49731222762571,-41.01762319108173,-39.12060218129471,67.38337707519531,15.0,180.0
127.22639622280607,-40.91882635167781,-38.80873328299779,67.28343963623047,15.0,180.0
126.9694864362332,-40.996842253828895,-38.56002586553976,67.18344116210938,15.0,180.0
126.82166487886808,-41.21559023132757,-38.521508931104194,67.08329010009766,15.0,180.0
126.70564340160784,-41.542984349450855,-38.78500530559739,66.9834213256836,15.0,180.0
126.59823533734752,-41.84584370689466,-39.01443690894521,66.88351440429688,15.0,180.0
126.3956069483283,-42.151469788722856,-38.92120807800219,66.88351440429688,15.0,180.0
126.05558892860408,-42.63002844684721,-38.79530388230837,66.78336334228516,15.0,180.0
125.80731837222676,-43.10243685238213,-38.82155043508239,66.6833267211914,15.0,180.0
125.90952249172496,-43.26675605135429,-38.89454308266174,66.58345794677734,15.0,180.0
126.13677941257647,-43.09553318289786,-38.81172661742717,66.48330688476562,15.0,180.0
126.0419799936366,-42.82284782878256,-38.55853369969313,66.38337707519531,15.0,180.0
125.70570747970346,-42.529941763090406,-38.408770288750496,66.28343963623047,15.0,180.0
125.41842931567167,-42.21452352313517,-38.41748960232642,66.28343963623047,15.0,180.0
125.1801438845793,-42.09610030258576,-38.29922552135347,66.1833724975586,15.0,180.0
124.97538700582872,-42.15939662994202,-37.90847937995534,66.08345794677734,15.0,180.0
124.91426869049896,-42.2241121173151,-37.6070023896123,65.98341369628906,15.0,180.0
124.9685694289774,-42.161005921096006,-37.6382196330502,65.88333892822266,15.0,180.0
124.99945101030292,-41.858494006298194,-37.82074919705092,65.78341674804688,15.0,180.0
124.92679463294448,-41.51696058290332,-38.013920602177535,65.68343353271484,15.0,180.0
124.74149306256533,-41.3837716904225,-38.15451754661833,65.58338928222656,15.0,180.0
124.52490319072623,-41.38098643320615,-38.174012790674674,65.58338928222656,15.0,180.0
124.26352646142185,-41.321577370601965,-37.99165825089416,65.48342895507812,15.0,180.0
123.9495021057258,-41.15539296689391,-37.659124287337285,65.38323974609375,15.0,180.0
123.82426487674508,-40.96410063046018,-37.36570987479668,65.2833251953125,15.0,180.0
123.93436019870492,-40.79626930448079,-37.07547684988405,65.18340301513672,15.0,180.0
124.07502498111458,-40.66208148320708,-36.676407637598686,65.083251953125,15.0,180.0
124.08528883095452,-40.5343599953688,-36.2237458837946,64.98338317871094,15.0,180.0
123.9539678916784,-40.294900511541314,-35.690931259869465,64.98338317871094,15.0,180.0
123.95094770809064,-39.99755915905985,-35.17062997958265,64.88341522216797,15.0,180.0
124.2979068550772,-39.86349767801698,-35.036860269817225,64.78335571289062,15.0,180.0
125.00733193240772,-39.83495435874917,-35.346116901593675,64.68347930908203,15.0,180.0
125.85322026187202,-39.732386603444624,-35.81760424022886,64.5833740234375,15.0,180.0
126.41958897570794,-39.67434040502764,-36.26326675629375,64.4834213256836,15.0,180.0
126.55761564954696,-39.68198666239293,-36.492435810814776,64.38338470458984,15.0,180.0
126.5437841066462,-39.57940164787694,-36.39445796791853,64.2833251953125,15.0,180.0
126.65960444574912,-39.47491395700737,-36.23310019294618,64.2833251953125,15.0,180.0
126.82276707254026,-39.517392001485085,-36.316656512371246,64.18331146240234,15.0,180.0
126.83347880118114,-39.58532128682623,-36.49429951694185,64.08328247070312,15.0,180.0
126.62932347120142,-39.65141249913783,-36.5482889895335,63.98334121704102,15.0,180.0
126.36045171225685,-39.82059151618559,-36.553969855435405,63.88336563110352,15.0,180.0
126.31305240968788,-39.95353316861738,-36.60727018984,63.78342437744141,15.0,180.0
126.5307931519034,-39.866506507252296,-36.7834468742333,63.68345260620117,15.0,180.0
126.7275545537292,-39.65915305030942,-37.01735616422878,63.58337020874023,15.0,180.0
126.72710940516552,-39.54119632477168,-37.14781209175396,63.58337020874023,15.0,180.0
126.66943238347284,-39.56839714673261,-36.97772411171617,63.48343276977539,15.0,180.0
126.61739708071828,-39.60743451619308,-36.33061437569448,63.38331604003906,15.0,180.0
126.50200323395616,-39.60765434870588,-35.41477641685774,63.28337478637695,15.0,180.0
126.40061118901306,-39.59596181558672,-34.691496929626936,63.18345260620117,15.0,180.0
126.29010674671996,-39.67953429774048,-34.38683431470633,63.08339309692383,15.0,180.0
126.05475592254524,-39.78162191569299,-34.41255892529517,62.98346328735352,15.0,180.0
125.76991251009346,-39.69492109238844,-34.76467377122725,62.98346328735352,15.0,180.0
125.48553691685424,-39.60049904254886,-35.344766469290875,62.88330459594727,15.0,180.0
125.18030679422512,-39.546223764158775,-35.87369512852969,62.78339385986328,15.0,180.0
124.902063102481,-39.46177620949001,-36.34724911891297,62.6834716796875,15.0,180.0
124.79555139548862,-39.40619548362423,-36.67923434081858,62.58335113525391,15.0,180.0
124.83946420722874,-39.33956713870947,-36.4636096589642,62.48341369628906,15.0,180.0
124.90285878140398,-39.19029646222803,-35.6719877158031,62.38334655761719,15.0,180.0
125.02987739297232,-38.98029989799572,-34.70169972371629,62.28341674804688,15.0,180.0
125.08516199143058,-38.786473288191885,-33.702880085614254,62.28341674804688,15.0,180.0
124.97956307194474,-38.5549224810691,-32.669996000521685,62.1834602355957,15.0,180.0
124.81393180528312,-38.21775417196335,-31.823243418021697,62.08344650268555,15.0,180.0
124.75178598929196,-37.84919688121044,-31.376114791157896,61.98339080810547,15.0,180.0
125.05871544711611,-37.53048978360887,-31.302290842260703,61.88334655761719,15.0,180.0
125.44419239228375,-37.26640560360957,-31.358450373505963,61.78346633911133,15.0,180.0
125.432054391356,-37.057029953111474,-31.18705312052689,61.68340301513672,15.0,180.0
125.1731597087791,-36.8366574558874,-30.86594973077114,61.68340301513672,15.0,180.0
124.95642019477256,-36.548649903688485,-30.83984107394729,61.58327865600586,15.0,180.0
124.713383861626,-36.35361927280202,-30.972039908469696,61.48324966430664,15.0,180.0
124.36527632111948,-36.34006005632085,-30.91264177268136,61.38324737548828,15.0,180.0
123.98821001224889,-36.45178912666567,-30.776222756801303,61.2834358215332,15.0,180.0
123.61205770658032,-36.61469115363161,-30.69504836036093,61.18341827392578,15.0,180.0
123.29985551159211,-36.72924523677975,-30.65416536461264,61.08333587646484,15.0,180.0
122.93517241618856,-36.82345664878173,-30.617211926452065,60.98344039916992,15.0,180.0
122.44463504628632,-36.90289924978645,-30.420896789650804,60.98344039916992,15.0,180.0
122.17502918470258,-36.90035035168268,-30.064096872772843,60.88352203369141,15.0,180.0
122.17709226205984,-36.811608379577926,-29.88598908526633,60.78358840942383,15.0,180.0
122.18007319162484,-36.77655264476468,-29.88727091138903,60.68332672119141,15.0,180.0
122.30542144962702,-36.79787049973221,-29.83208507746899,60.58327484130859,15.0,180.0
122.45008304824704,-36.70058660655772,-29.75897217110185,60.48336029052734,15.0,180.0
122.27610916627648,-36.60332008384293,-29.704657550723955,60.38337707519531,15.0,180.0
122.04997996185834,-36.59412619854119,-29.65682738002079,60.28348922729492,15.0,180.0
121.94121666783155,-36.50511047680055,-29.654741281312887,60.28348922729492,15.0,180.0
121.83322019823385,-36.37421442072627,-29.64040961132696,60.18333053588867,15.0,180.0
121.88444442543732,-36.28607445418036,-29.55460043067736,60.08333206176758,15.0,180.0
122.10640027707451,-36.21758931119701,-29.3817940648796,59.98331451416016,15.0,180.0
122.2731475522052,-36.23929925112088,-29.19954536251132,59.88339614868164,15.0,180.0
122.28555873844442,-36.22712148008784,-29.18630389844262,59.783447265625,15.0,180.0
122.0798401204382,-36.01280525821998,-29.28291776825216,59.68334579467773,15.0,180.0
121.7025826399312,-35.74382740146433,-29.364914084177844,59.68334579467773,15.0,180.0
121.3867578996452,-35.57232926705994,-29.20448428844072,59.58338165283203,15.0,180.0
121.29001768135286,-35.50749096402852,-28.70214903258035,59.48336029052734,15.0,180.0
121.3578092351617,-35.477569638268136,-28.1568266284958,59.3834228515625,15.0,180.0
121.45028511604744,-35.45507595540248,-27.73577567509318,59.28351211547852,15.0,180.0
121.49116866778542,-35.454002251042404,-27.56785125580489,59.18330764770508,15.0,180.0
121.36839386247252,-35.41919371736181,-27.60371657061789,59.08340072631836,15.0,180.0
121.12651381726133,-35.343012078288695,-27.636331728765843,58.98337554931641,15.0,180.0
120.8591535697791,-35.26456540102332,-27.662030690848724,58.98337554931641,15.0,180.0
120.32121898031882,-35.1616118139005,-27.49819800450648,58.88340759277344,15.0,180.0
119.51530874880248,-34.96868764960005,-26.96856355001326,58.78342056274414,15.0,180.0
119.03828118115452,-34.79458595546787,-26.190991450720727,58.68321228027344,15.0,180.0
119.13308046569972,-34.831472279893994,-25.33472917908248,58.58338165283203,15.0,180.0
119.47896893744728,-34.956658924843815,-24.66293721304889,58.48336410522461,15.0,180.0
119.81105328677252,-34.873015292985514,-24.30458902593756,58.38343811035156,15.0,180.0
119.99542853291264,-34.608649331446,-24.19108543880776,58.38343811035156,15.0,180.0
120.1175300675892,-34.34658949115603,-24.20211902529435,58.28355407714844,15.0,180.0
120.31759609726286,-33.995081385347746,-24.17900664405456,58.18331527709961,15.0,180.0
120.4788746458416,-33.58575306953479,-24.265178814780047,58.08341217041016,15.0,180.0
120.27696351971504,-33.31754602833373,-24.48776164463898,57.98331069946289,15.0,180.0
119.77859613238176,-33.06750386912801,-24.65845774613309,57.88329696655273,15.0,180.0
119.3770725429664,-32.70430794947382,-24.736513011892328,57.78343200683594,15.0,180.0
119.1291229546001,-32.39078437227097,-24.748216455975776,57.68339538574219,15.0,180.0
119.0763764502188,-32.366057600567565,-24.73862387239928,57.68339538574219,15.0,180.0
119.2190023915074,-32.61317237209404,-24.59785597351121,57.58345794677734,15.0,180.0
119.31201892573056,-32.918496615175144,-24.4065088551003,57.48331832885742,15.0,180.0
119.31930564139186,-33.0844448984178,-24.418317279374502,57.38340377807617,15.0,180.0
119.34884880676678,-33.07252190687486,-24.703786199219792,57.28342437744141,15.0,180.0
119.35806717080727,-33.15222220440095,-25.055445753974656,57.18332290649414,15.0,180.0
119.36341233435564,-33.48004554515275,-25.14517620868388,57.08335876464844,15.0,180.0
119.43184219800337,-33.88101246543459,-25.05132087175108,57.08335876464844,15.0,180.0
119.47367857514256,-34.13658321125275,-25.113804297054035,56.98331069946289,15.0,180.0
119.49838573068509,-34.11540285452283,-25.306355335036137,56.88347244262695,15.0,180.0
119.62571011856848,-33.87209591711918,-25.28478523985409,56.78348541259766,15.0,180.0
119.7310794286664,-33.744443243680685,-25.01433461804545,56.68333053588867,15.0,180.0
119.555266590541,-33.908726657595395,-24.817095654107764,56.58341979980469,15.0,180.0
119.1671514666212,-34.21416645504695,-24.86975496368896,56.48335647583008,15.0,180.0
118.88918288975496,-34.49365138911868,-24.941310344704767,56.3834228515625,15.0,180.0
118.80025022311676,-34.56725896862249,-24.9045129393937,56.3834228515625,15.0,180.0
118.83530701725054,-34.39726539351086,-24.799426934045737,56.28341293334961,15.0,180.0
118.87048100696911,-34.165825131156545,-24.37912508337051,56.18334579467773,15.0,180.0
118.73095443482174,-34.08962972446188,-23.619525128064947,56.08346939086914,15.0,180.0
118.4687139292082,-34.14638026147887,-22.844279457874087,55.98338317871094,15.0,180.0
118.19464025893724,-34.15402234163871,-22.29906612953677,55.88337326049805,15.0,180.0
117.71282806199068,-34.068137107694035,-22.02358030701744,55.78350448608398,15.0,180.0
117.04065975706028,-33.92653517030837,-21.855537018867565,55.68338012695312,15.0,180.0
116.64482327480864,-33.79195664674424,-21.56708883635594,55.68338012695312,15.0,180.0
116.6429795783327,-33.71765581195283,-21.27473190772619,55.58329772949219,15.0,180.0
116.82581240892986,-33.69165839482464,-21.247344210698984,55.48333358764648,15.0,180.0
117.04333927568206,-33.57444160917174,-21.245781176205146,55.38328170776367,15.0,180.0
117.21015894501195,-33.207090681296386,-21.05896041697553,55.28342056274414,15.0,180.0
117.32739633194171,-32.68046689777131,-20.86453105839356,55.18337631225586,15.0,180.0
117.4522595997462,-32.28325702316148,-20.76297895663747,55.08337020874023,15.0,180.0
117.57139807395826,-32.10329482538946,-20.71136841179065,55.08337020874023,15.0,180.0
117.55881429304765,-32.06697408724582,-20.67179425667495,54.98339080810547,15.0,180.0
117.36686774423224,-32.11516437424414,-20.60755974337012,54.88341522216797,15.0,180.0
117.23536510019456,-32.11576525677802,-20.40308555734353,54.78342437744141,15.0,180.0
117.22684031305424,-32.064280106948,-20.234209113371044,54.68331527709961,15.0,180.0
116.95785360290108,-32.06299182739635,-20.203961388258264,54.58330154418945,15.0,180.0
116.3955329182531,-32.086826149605834,-19.996465959007296,54.48330307006836,15.0,180.0
115.95611367851608,-32.133604735421684,-19.761776580472613,54.38334274291992,15.0,180.0
115.80337323408014,-32.17289837463632,-19.79998129734797,54.38334274291992,15.0,180.0
115.74292013966335,-32.02073352620396,-19.954872232635942,54.28338623046875,15.0,180.0
115.62019553883329,-31.636789840157697,-20.107465985339783,54.18335723876953,15.0,180.0
115.37618640843306,-31.16107625409668,-20.1894696014507,54.08340072631836,15.0,180.0
115.02110421690271,-30.795638161025764,-20.049076424005428,53.9832763671875,15.0,180.0
114.76782522817724,-30.70270540864481,-19.817612406953334,53.88332748413086,15.0,180.0
114.75797829315876,-30.93956722994425,-19.56628823954461,53.78350067138672,15.0,180.0
114.89288818060729,-31.39305096032173,-19.18606199302228,53.78350067138672,15.0,180.0
114.90510920289,-31.66625604211501,-18.834988373247683,53.68338012695312,15.0,180.0
114.5962787439184,-31.445950038491183,-18.67405678977078,53.5835075378418,15.0,180.0
114.1532347394958,-30.90895756525966,-18.70517962715749,53.48340606689453,15.0,180.0
114.00643484723786,-30.566837969521323,-18.82231226506091,53.38335418701172,15.0,180.0
114.21894746590068,-30.65541510218185,-18.928078040573244,53.28346633911133,15.0,180.0
114.4367913459038,-30.92429157646088,-19.051267212869565,53.18326950073242,15.0,180.0
114.47964611420224,-31.06994450935025,-19.196958533070763,53.08339309692383,15.0,180.0
114.3354015954896,-30.959755781331747,-19.143322739396503,53.08339309692383,15.0,180.0
114.06472146479524,-30.65938131139632,-18.801208201160733,52.98337173461914,15.0,180.0
113.80716024022804,-30.42918599947177,-18.38339643498965,52.88336944580078,15.0,180.0
113.72393717635772,-30.44493454011345,-17.916786326100254,52.78350448608398,15.0,180.0
113.8817821193716,-30.67291851524361,-17.52520585732745,52.68349456787109,15.0,180.0
114.07632643458004,-30.998968017810665,-17.238189704468972,52.5835075378418,15.0,180.0
114.01520425983,-31.288237399076863,-16.94303028681404,52.48333358764648,15.0,180.0
113.72654551579824,-31.51420417932496,-16.729903114792922,52.38344192504883,15.0,180.0
113.4395872212892,-31.725438321251755,-16.620860312120588,52.38344192504883,15.0,180.0
113.13925869052125,-31.85697651756388,-16.75029928292995,52.28349304199219,15.0,180.0
112.89314206128252,-31.886738499624204,-17.04748810755825,52.18338394165039,15.0,180.0
112.74370086453364,-31.7620025596447,-17.153042614005297,52.0833740234375,15.0,180.0
112.42227711900183,-31.363533119093088,-17.070204658656458,51.98332977294922,15.0,180.0
111.95095178480445,-30.8296769331486,-17.0633146965959,51.88344955444336,15.0,180.0
111.62694685369576,-30.38697551187007,-17.073340534949494,51.78353881835938,15.0,180.0
111.4822114920368,-30.10818716496828,-16.890169898208118,51.78353881835938,15.0,180.0
111.40122976118631,-29.96036533651969,-16.691622587276232,51.68336868286133,15.0,180.0
111.42257467720609,-29.88301997894329,-16.65396362555458,51.58341979980469,15.0,180.0
111.5136255428616,-29.812574429520915,-16.765968218576255,51.48330307006836,15.0,180.0
111.56218595484326,-29.7268818919215,-16.98057136151312,51.38337707519531,15.0,180.0
111.45938579762492,-29.66336316419704,-17.082804196857587,51.28344345092773,15.0,180.0
111.17782593614318,-29.67185280028623,-17.024607829384145,51.18328475952148,15.0,180.0
110.94196777607384,-29.75851156435525,-16.996378052406875,51.08345031738281,15.0,180.0
110.8560812772125,-29.906818501037247,-17.216991559713843,51.08345031738281,15.0,180.0
110.9351298204826,-30.07590504075084,-17.650313271737932,50.98324203491211,15.0,180.0
111.13683533367848,-30.1760631656002,-17.72145333490531,50.88340377807617,15.0,180.0
111.19699469779682,-30.1819249057664,-17.226414388178185,50.78355407714844,15.0,180.0
111.06627608828614,-30.07897721626576,-16.642548140428534,50.68328094482422,15.0,180.0
110.81866849036244,-29.974138289430115,-16.107218674139446,50.58337783813477,15.0,180.0
110.54435625309851,-30.004684269466736,-15.558971417432277,50.48328399658203,15.0,180.0
110.55488230574043,-30.01597220722408,-14.960508731542465,50.48328399658203,15.0,180.0
110.7397776376497,-29.881965961270605,-14.26946560987513,50.38326644897461,15.0,180.0
110.65982292157244,-29.635123485648684,-13.714237303186692,50.28335189819336,15.0,180.0
110.41435617359453,-29.316888288646467,-13.282274450448604,50.18334197998047,15.0,180.0
110.19803781565304,-29.022610123628134,-12.846135683492944,50.08338165283203,15.0,180.0
109.96144273194942,-28.982457563563862,-12.558054491904468,49.98332595825195,15.0,180.0
109.74474211653708,-29.37073286195035,-12.534263184239936,49.88354110717773,15.0,180.0
109.49841642676354,-29.905844945300075,-12.688468109441942,49.78345489501953,15.0,180.0
109.09863304708789,-30.10710740046534,-12.748611908798733,49.78345489501953,15.0,180.0
108.55883926596027,-29.92869259993779,-12.738712326866157,49.68329238891602,15.0,180.0
107.92926402811932,-29.693898096265297,-12.85396613455057,49.58331298828125,15.0,180.0
107.31216828218054,-29.54717656247584,-13.022087273216568,49.4833984375,15.0,180.0
106.80085850832587,-29.41777443490445,-13.201580814747238,49.38335800170898,15.0,180.0
106.31594303669418,-29.29778960882953,-13.428485968614822,49.28334426879883,15.0,180.0
105.88251882145305,-29.19044752513577,-13.743619292086072,49.18330383300781,15.0,180.0
105.75492733851944,-29.06968471782374,-13.916591023136752,49.18330383300781,15.0,180.0
105.84146062082692,-28.999745910196967,-13.60081890868439,49.08337020874023,15.0,180.0
105.89882260089308,-29.14166209278032,-13.037024530492818,48.98347091674805,15.0,180.0
105.93538461906184,-29.525037626274084,-12.593698399042037,48.88335800170898,15.0,180.0
105.80461235608158,-29.94918103727792,-12.142203541275098,48.78335189819336,15.0,180.0
105.50603849919604,-30.197133284638607,-11.476685383841616,48.68340682983398,15.0,180.0
105.30744080473724,-30.3091682680196,-10.598877620138111,48.5833625793457,15.0,180.0
105.30331351155792,-30.46462858974869,-9.769204340325466,48.48340225219727,15.0,180.0
105.47532276191512,-30.67407560959002,-9.278404105961965,48.48340225219727,15.0,180.0
105.7923122197604,-30.93313578655557,-9.145820020404704,48.38338088989258,15.0,180.0
106.15623426560462,-31.08964904488749,-9.350522451272711,48.28327560424805,15.0,180.0
106.43300510706898,-30.89962381584105,-9.701880782255843,48.18341827392578,15.0,180.0
106.51028249655496,-30.501720402431555,-9.794877755919888,48.0833854675293,15.0,180.0
106.2963231810266,-30.16641153036653,-9.631322804816412,47.98344039916992,15.0,180.0
105.7209174797929,-29.997321539788505,-9.721888772033846,47.88346862792969,15.0,180.0
104.94220383467584,-29.88056274358133,-10.195452896303262,47.78325271606445,15.0,180.0
104.30150209980546,-29.59547687877873,-10.710237694160526,47.78325271606445,15.0,180.0
103.78734632292264,-29.271100470958075,-11.10686454731621,47.68335342407227,15.0,180.0
103.25840819345524,-29.15472586449717,-11.23950136323521,47.58330917358398,15.0,180.0
102.78573650744696,-29.22941959336244,-11.088475517942491,47.48339080810547,15.0,180.0
102.38491484205764,-29.212314942895148,-10.885608019546147,47.38356018066406,15.0,180.0
102.10930189148986,-28.811281388830164,-10.70470822655154,47.28334808349609,15.0,180.0
101.9739285014251,-28.214924824936865,-10.469016386277634,47.18345642089844,15.0,180.0
101.8857153536797,-27.704188368421377,-10.198099423993408,47.18345642089844,15.0,180.0
101.87853774883268,-27.25289308067663,-10.035287585506804,47.08359146118164,15.0,180.0
101.97404539918068,-26.8714029646627,-9.982027753469064,46.98342132568359,15.0,180.0
102.0616203055324,-26.63822641009306,-10.025347248524572,46.88333892822266,15.0,180.0
102.09093127048756,-26.52459487336016,-10.212936475708124,46.78327560424805,15.0,180.0
102.127971359484,-26.46286009609446,-10.32693127498112,46.68333053588867,15.0,180.0
102.08670564446706,-26.451712616138828,-10.16750765235674,46.58339309692383,15.0,180.0
101.97503168541796,-26.393082877848293,-9.889222736350469,46.48338317871094,15.0,180.0
102.03817189152836,-26.153550501614976,-9.736500116572138,46.48338317871094,15.0,180.0
102.20283082195547,-25.94812273764092,-9.73724965401221,46.38341522216797,15.0,180.0
102.20221508278006,-25.94431195340256,-9.832999645461744,46.28345108032227,15.0,180.0
101.98710491709124,-26.03457631363691,-9.898464465295916,46.18344497680664,15.0,180.0
101.70052032573436,-26.12085336327889,-9.728911500467795,46.08338928222656,15.0,180.0
101.47824837602116,-26.257453420809806,-9.376007163976643,45.98330307006836,15.0,180.0
101.2791974911387,-26.422271007091656,-9.102099518849506,45.88338470458984,15.0,180.0
101.01366466138911,-26.341403532221086,-8.948327637304178,45.88338470458984,15.0,180.0
100.73799897260452,-26.133770909031902,-8.942478468135686,45.78335571289062,15.0,180.0
100.43620413038224,-26.129583579790147,-9.050861596719075,45.68338775634766,15.0,180.0
100.071799064281,-26.404552951384368,-8.996667098968945,45.58344650268555,15.0,180.0
99.79548713095808,-26.86900910788825,-8.81771586308119,45.48349380493164,15.0,180.0
99.57839862189128,-27.269044400870246,-8.69202822072375,45.38352584838867,15.0,180.0
99.28557050663144,-27.486844562428303,-8.522893739356611,45.28338623046875,15.0,180.0
98.95007601138452,-27.61029236281504,-8.132828146114859,45.18329238891602,15.0,180.0
98.73561787958025,-27.666822530998605,-7.576703384772506,45.18329238891602,15.0,180.0
98.7467803050421,-27.626188074583915,-7.096353521928329,45.08320617675781,15.0,180.0
98.77984617606496,-27.590933497425965,-6.864860662050395,44.98326110839844,15.0,180.0
98.58235478066236,-27.5724699026484,-6.77483545945495,44.88339996337891,15.0,180.0
98.1153835698794,-27.52278191544184,-6.733151564356424,44.78334045410156,15.0,180.0
97.59036521154115,-27.614778126851107,-6.8043367888199935,44.68329620361328,15.0,180.0
97.22558613426506,-27.882865277029573,-6.88605326062097,44.58342361450195,15.0,180.0
96.90661460038986,-28.2162321691604,-6.851559714364899,44.48331832885742,15.0,180.0
96.66366279943516,-28.581940945652324,-6.740640236140112,44.48331832885742,15.0,180.0
96.70773598744805,-28.879009741465605,-6.68722513862727,44.38337326049805,15.0,180.0
96.91208128820118,-29.0606407735974,-6.550942112709619,44.2835807800293,15.0,180.0
97.08459871021876,-29.19061403697622,-6.18306125384338,44.18331909179688,15.0,180.0
97.22347748815656,-29.24600986128039,-5.895305964317699,44.08333587646484,15.0,180.0
97.35404658527648,-29.14545408534723,-6.058404598203999,43.98330688476562,15.0,180.0
97.335259164779,-28.944621351447267,-6.604737494552401,43.88338851928711,15.0,180.0
96.92695368484208,-28.75018016042895,-7.097909299521476,43.88338851928711,15.0,180.0
96.33347515157811,-28.55739642936864,-7.376261844542366,43.78351593017578,15.0,180.0
96.00020068823508,-28.310768759975733,-7.536573394365019,43.6836051940918,15.0,180.0
95.91745883272456,-27.90861749319094,-7.612790659237393,43.58340454101562,15.0,180.0
95.86400471153743,-27.528951176753505,-7.808623891021346,43.48344802856445,15.0,180.0
95.82523088577004,-27.515005387296977,-8.136134172080922,43.38341903686523,15.0,180.0
95.92039643498607,-27.78854143418269,-8.44241310477975,43.28340530395508,15.0,180.0
96.0072351595789,-27.98455325796852,-8.572409386240386,43.18343353271484,15.0,180.0
95.76946459006165,-27.94410468761884,-8.327830726997345,43.18343353271484,15.0,180.0
95.26546342820949,-27.871455530024715,-7.981884262120686,43.08323287963867,15.0,180.0
94.84248929795172,-27.937055300100308,-7.746626553700485,42.98332977294922,15.0,180.0
94.5503830395576,-28.0808363187494,-7.514246870047092,42.88331604003906,15.0,180.0
94.17715075187418,-28.14875284546159,-7.330004153659381,42.78332901000977,15.0,180.0
93.72667372118634,-28.101327448358084,-7.244009278807991,42.68341827392578,15.0,180.0
93.41909988126132,-27.98929946436349,-7.138032963203584,42.58330917358398,15.0,180.0
93.2750688512329,-27.76521810270205,-6.993683570824137,42.58330917358398,15.0,180.0
93.11779318736971,-27.42125383288337,-6.941479784056454,42.48334503173828,15.0,180.0
92.85060969548805,-27.069892392915865,-6.917521328732864,42.38349533081055,15.0,180.0
92.49815968810904,-26.82286667490372,-6.886217829228861,42.2834587097168,15.0,180.0
92.32091345358108,-26.720939846108287,-6.836700097469846,42.1833610534668,15.0,180.0
92.37290484254989,-26.81949915516529,-6.6289427200693805,42.08331298828125,15.0,180.0
92.49699432870212,-27.02098857496652,-6.361598354546789,41.98338317871094,15.0,180.0
92.65532859393667,-27.136369825432748,-6.17823673223937,41.8834114074707,15.0,180.0
92.79311301885863,-27.222550873564668,-6.07811284094961,41.8834114074707,15.0,180.0
93.02660964110488,-27.384415573565967,-5.992482567972287,41.78343963623047,15.0,180.0
93.36966825978423,-27.56132005273432,-5.828598133164134,41.6834716796875,15.0,180.0
93.6027123261654,-27.643202861367595,-5.740455291417254,41.58334732055664,15.0,180.0
93.54597553927816,-27.716669087739763,-5.813294920890856,41.48334121704102,15.0,180.0
93.08211696281238,-27.938766130950807,-5.94488035226557,41.38325500488281,15.0,180.0
92.47032282731588,-28.109753216981268,-6.089824156110055,41.28336715698242,15.0,180.0
92.0465076771326,-28.06547057968777,-6.153157225089545,41.28336715698242,15.0,180.0
91.85995436713108,-27.928154061187435,-6.18446121380102,41.18345642089844,15.0,180.0
91.88199213766704,-27.79028055053957,-6.281013743291739,41.08337020874023,15.0,180.0
91.89106595568371,-27.77481997178729,-6.317497973988427,40.98339462280273,15.0,180.0
91.74577369346758,-27.70133026565636,-6.34078356098293,40.88332748413086,15.0,180.0
91.47246228754707,-27.261285868142515,-6.421871257834799,40.78334045410156,15.0,180.0
91.11510300248048,-26.7203187895038,-6.332025746002094,40.68338012695312,15.0,180.0
90.86195044556204,-26.51976177370668,-6.054446368433316,40.5835075378418,15.0,180.0
90.60618079355704,-26.666735920192785,-5.935354514239945,40.5835075378418,15.0,180.0
90.00641839653974,-26.85200121893148,-6.031388078004645,40.48352813720703,15.0,180.0
89.33844593819974,-27.055363955677294,-6.013458218939426,40.38331985473633,15.0,180.0
89.08503938152076,-27.362849085321045,-5.79561891666373,40.28328704833984,15.0,180.0
89.15962856593292,-27.545040030041072,-5.628254993625286,40.18342590332031,15.0,180.0
89.37628323532945,-27.431177367212115,-5.715912285532181,40.08340454101562,15.0,180.0
89.60411723900205,-27.19750331720717,-5.881432820258119,39.98329925537109,15.0,180.0
89.56056755828673,-27.09984094863574,-5.85365413881276,39.88341903686523,15.0,180.0
89.1903194799452,-27.02067470808391,-5.800265485628041,39.88341903686523,15.0,180.0
88.7310270122566,-26.7424929085823,-5.860908692495956,39.78327941894531,15.0,180.0
88.31967396704376,-26.427487581745105,-5.8302323764261645,39.68336868286133,15.0,180.0
88.06749926611212,-26.356356061011454,-5.697384145299912,39.58333969116211,15.0,180.0
87.90824683499287,-26.56701220713332,-5.5430620244407205,39.48314666748047,15.0,180.0
87.49981594448244,-26.860955786717053,-5.369406577567438,39.38328552246094,15.0,180.0
86.93330222509236,-26.984419088836773,-5.2784617983614215,39.28337478637695,15.0,180.0
86.45699128265906,-26.99237112428436,-5.278756066440727,39.28337478637695,15.0,180.0
85.95138127626721,-27.093639825177902,-5.311625693383601,39.18329238891602,15.0,180.0
85.36529208484276,-27.24163459824728,-5.423544643976131,39.08343124389648,15.0,180.0
84.80237360605855,-27.42502583373577,-5.618029241928556,38.98363494873047,15.0,180.0
84.28710702979694,-27.70734417566744,-5.601356976219754,38.88357925415039,15.0,180.0
83.8894986657413,-27.84634020962476,-5.313147865558023,38.78347015380859,15.0,180.0
83.72195365556915,-27.76864346381197,-5.0475939774076695,38.68338394165039,15.0,180.0
83.64504744895602,-27.69477472109357,-4.821071142554535,38.58341598510742,15.0,180.0
83.45717570616344,-27.59099797851978,-4.450180980701029,38.58341598510742,15.0,180.0
83.23071578370379,-27.410369033419222,-3.9661389213439175,38.4833984375,15.0,180.0
83.00357656943706,-27.25096880894913,-3.745239736999679,38.38341522216797,15.0,180.0
82.59968331623922,-27.121342983113315,-3.986602337017806,38.28335189819336,15.0,180.0
82.16378292675134,-27.025393514314526,-4.375757741819308,38.18348693847656,15.0,180.0
81.93922822458934,-27.11300720468731,-4.43489347675132,38.08341979980469,15.0,180.0
81.71703953435268,-27.41507009526523,-4.162190239516015,37.98332595825195,15.0,180.0
81.46415361020605,-27.76000565613684,-3.8024662808232494,37.98332595825195,15.0,180.0
81.38374872809256,-28.09513949658337,-3.5153734354911395,37.88329696655273,15.0,180.0
81.46974862605668,-28.36680183376879,-3.569740544996673,37.78322982788086,15.0,180.0
81.51384890324226,-28.42324681032344,-3.8614091362374143,37.68338012695312,15.0,180.0
81.33405586420349,-28.294728742547942,-4.080975711593549,37.58342742919922,15.0,180.0
81.10773267738591,-28.145625621393776,-4.26825548637427,37.48334884643555,15.0,180.0
80.97697376171281,-28.06693457985365,-4.536197754359929,37.38338851928711,15.0,180.0
80.77264804910301,-27.99377866561843,-4.751248511339346,37.28335571289062,15.0,180.0
80.36911303486607,-27.78034849724186,-4.825446489315135,37.28335571289062,15.0,180.0
79.9109033895022,-27.429650052014324,-4.885798633456799,37.18335342407227,15.0,180.0
79.75091433949106,-27.08362239541133,-4.879669523445654,37.08349609375,15.0,180.0
79.92069427200568,-26.792999741676105,-4.518546776424556,36.98344421386719,15.0,180.0
80.07760606246816,-26.430758408548616,-3.783684247029437,36.88347244262695,15.0,180.0
80.1476086288475,-25.90338803762385,-3.0769933097081923,36.78346252441406,15.0,180.0
80.19047317434305,-25.2840586791086,-2.624980019594552,36.68332672119141,15.0,180.0
80.10788633027295,-24.82254530594201,-2.3742669202643327,36.58345794677734,15.0,180.0
79.81942090574287,-24.68267538569631,-2.291773776258956,36.58345794677734,15.0,180.0
79.35628041168766,-24.729676206461345,-2.361382026920181,36.48350143432617,15.0,180.0
78.86444550640442,-24.77631369609785,-2.480455217699153,36.38335037231445,15.0,180.0
78.45642704790536,-24.698969801802324,-2.398562600490516,36.28337860107422,15.0,180.0
78.06982969160056,-24.60851531103487,-1.8959357734460625,36.18337249755859,15.0,180.0
77.6443981522676,-24.69597618275381,-1.0414078953412549,36.08339309692383,15.0,180.0
77.1872395299809,-24.90294451653205,-0.3266723953293535,35.98345947265625,15.0,180.0
76.70224205046856,-25.07101682809038,-0.1302003866670009,35.98345947265625,15.0,180.0
76.28213610897332,-25.200828140910208,-0.3225228330258671,35.88330459594727,15.0,180.0
75.90395074941924,-25.55651662475901,-0.6351293228869777,35.78337478637695,15.0,180.0
75.47762466549858,-26.08632461243491,-0.9644195124103572,35.68330001831055,15.0,180.0
75.1832296548773,-26.486131228115983,-1.3103294713539526,35.58338165283203,15.0,180.0
75.19375062583455,-26.787551376716262,-1.5726165691939071,35.48347854614258,15.0,180.0
75.21381324601661,-26.99444804605565,-1.7444601139360092,35.38328170776367,15.0,180.0
74.8878736435982,-27.05021910566107,-1.962700674421864,35.28329467773438,15.0,180.0
74.41623498867335,-26.913573273160907,-2.063293893717563,35.28329467773438,15.0,180.0
74.04560261144077,-26.61802547076968,-1.8703320741594736,35.18332290649414,15.0,180.0
73.70691407782678,-26.333842518833947,-1.713041722071707,35.08331298828125,15.0,180.0
73.4463489031511,-26.05418543278867,-1.7714643249509976,34.98343658447266,15.0,180.0
73.31794537845184,-25.78285033383321,-1.8399749503180107,34.88343048095703,15.0,180.0
73.27700980814107,-25.52701222579784,-1.8412832958732253,34.78343963623047,15.0,180.0
73.3793184860501,-25.31831940617182,-1.869567333967872,34.68330764770508,15.0,180.0
73.36913925102793,-25.2950218292117,-1.9707974884085413,34.68330764770508,15.0,180.0
72.95900786073324,-25.31358699036448,-2.1473720052969707,34.58341979980469,15.0,180.0
72.43223845819308,-25.216872647400287,-2.3328951788955745,34.48331832885742,15.0,180.0
72.0298093119527,-25.13657620991789,-2.3854823675527346,34.38327789306641,15.0,180.0
71.73021143238917,-25.03798458679712,-2.328088892012401,34.28336334228516,15.0,180.0
71.53247185567318,-24.91254346160297,-2.19804325906271,34.18335342407227,15.0,180.0
71.30327417408786,-24.904312617329754,-1.9744204367705267,34.08344268798828,15.0,180.0
71.08944950461758,-24.802488834420096,-1.626859080493135,33.98347473144531,15.0,180.0
70.98010270343852,-24.481040449170614,-1.0615729902649311,33.98347473144531,15.0,180.0
70.73873633177105,-24.21957191916612,-0.3156029528293302,33.88336563110352,15.0,180.0
70.44145661777532,-24.13566991018672,0.3630574281783829,33.78350830078125,15.0,180.0
70.1892701603662,-23.995597860319403,0.7450911057410474,33.6833381652832,15.0,180.0
69.91456031198565,-23.717823388557576,0.7749794914781578,33.58342742919922,15.0,180.0
69.75113007133731,-23.47683682198106,0.7436492127629988,33.48348999023438,15.0,180.0
69.63009143681154,-23.346431286849448,0.9358537823684844,33.38326644897461,15.0,180.0
69.43588606791958,-23.3173290491302,1.1750785323299358,33.28350067138672,15.0,180.0
69.1575999827694,-23.410832115788946,1.2131590672390988,33.28350067138672,15.0,180.0
68.75545252821355,-23.67078477783664,1.01082069076556,33.18340301513672,15.0,180.0
68.29938122007603,-23.849699915873018,0.7337181744187147,33.08343505859375,15.0,180.0
67.74182904752105,-23.74284021703135,0.5145036988702998,32.98344039916992,15.0,180.0
67.02498895018758,-23.67175240911959,0.3898120446269173,32.88326644897461,15.0,180.0
66.3397962063828,-23.788431916988724,0.3294182491799136,32.7833366394043,15.0,180.0
65.71739334122101,-23.99643395494612,0.2586535102109506,32.68341827392578,15.0,180.0
65.09592945590522,-24.259443253810183,0.1272667718964104,32.68341827392578,15.0,180.0
64.67081373908455,-24.462655260306907,-0.0192515490690095,32.58338928222656,15.0,180.0
64.59357847927987,-24.503054169194503,-0.0605461260976154,32.48333740234375,15.0,180.0
64.65867867575135,-24.531114756909933,0.0834213488325454,32.38336563110352,15.0,180.0
64.57050452486642,-24.65786609958525,0.6386877629412178,32.2834358215332,15.0,180.0
64.36682550771236,-24.68598775991633,1.465345698522082,32.18338012695312,15.0,180.0
64.16796312734633,-24.563535619585604,2.0943630246819787,32.08341979980469,15.0,180.0
63.97502943610223,-24.406714073367432,2.5460498211632334,31.98338508605957,15.0,180.0
63.85337694422653,-24.26459674675944,3.0265432876889147,31.98338508605957,15.0,180.0
63.78895333794453,-24.052776817410138,3.3629310722521755,31.88339996337891,15.0,180.0
63.63595741447224,-23.710369204919573,3.2659150218980013,31.78334808349609,15.0,180.0
63.34658769235938,-23.36193092507036,2.937229355516221,31.68341255187988,15.0,180.0
62.91274893629619,-23.21288831307922,2.835346610526594,31.58347129821777,15.0,180.0
62.309216095668376,-23.25959546407152,2.983263692434724,31.48341751098633,15.0,180.0
61.67952131411375,-23.33480107142452,3.199992925769063,31.38340377807617,15.0,180.0
61.1339866208905,-23.401439400644453,3.438802341746702,31.38340377807617,15.0,180.0
60.66663307325896,-23.340091488425145,3.578794871718033,31.28339385986328,15.0,180.0
60.32009123918876,-23.15847672864425,3.5145720532290774,31.18335723876953,15.0,180.0
60.016747626882974,-23.01514848037224,3.3493148383578264,31.08345603942871,15.0,180.0
59.61203127533576,-22.787322785921003,3.2014791658821933,30.98336601257324,15.0,180.0
59.06317390023255,-22.41498764143603,3.0384953688696186,30.88327789306641,15.0,180.0
58.45545379052864,-22.190229255894906,2.8771926689857583,30.78346824645996,15.0,180.0
58.00060946269949,-22.11189965856301,2.734569028258265,30.6834659576416,15.0,180.0
57.87485251398075,-21.92878907574593,2.6040415881605137,30.6834659576416,15.0,180.0
57.88014582191971,-21.740699380222697,2.760345806326894,30.58355522155762,15.0,180.0
57.58720158417879,-21.626553956815528,3.1506488178579044,30.48357963562012,15.0,180.0
57.01536001849973,-21.547955255093346,3.465612769778584,30.38344573974609,15.0,180.0
56.451201861457136,-21.53119712569525,3.719328725651259,30.28332901000977,15.0,180.0
56.10058469223461,-21.50440292783508,3.894247420869113,30.18325042724609,15.0,180.0
56.007546210434455,-21.45579115460365,4.041263929098945,30.08318519592285,15.0,180.0
55.92633423936083,-21.37392124636021,4.233922421659102,30.08318519592285,15.0,180.0
55.73460004991972,-21.193066503310508,4.3466597203058885,29.98333549499512,15.0,180.0
55.52291577129898,-21.11506671716143,4.245852804870987,29.88337898254395,15.0,180.0
55.39001316927161,-21.17897527234524,3.954590062737005,29.7833366394043,15.0,180.0
55.38144120647395,-21.24207985594797,3.680462980017226,29.68336486816406,15.0,180.0
55.21915236822999,-21.314363149632943,3.632789894749351,29.58332061767578,15.0,180.0
54.66051235350859,-21.39654253937535,3.840013870986435,29.48333740234375,15.0,180.0
54.11551638798663,-21.54125500914221,4.203497882521102,29.38340759277344,15.0,180.0
53.96496531841436,-21.67502698787854,4.665823813280864,29.38340759277344,15.0,180.0
53.9571813534444,-21.75383255178675,5.128611952381272,29.28337287902832,15.0,180.0
53.92616677512012,-21.9114355218813,5.442600864916407,29.18342971801758,15.0,180.0
54.07024318704585,-22.1265727816276,5.698159534902796,29.08329963684082,15.0,180.0
54.23869816463653,-22.248820123849043,6.107081679474919,28.98331069946289,15.0,180.0
54.14066773639854,-22.09801041218377,6.616524506744979,28.88333511352539,15.0,180.0
53.91674770953539,-21.66505331926757,6.954607412168722,28.78339958190918,15.0,180.0
53.7355679240327,-21.116111466273534,7.061341376123315,28.68345260620117,15.0,180.0
53.51541847048156,-20.56235870314239,7.082579950110615,28.68345260620117,15.0,180.0
53.0891629019967,-20.06355127106771,7.002772620026418,28.5833683013916,15.0,180.0
52.60498786416606,-19.664609686667784,6.872568938435641,28.48334121704102,15.0,180.0
52.35800771798975,-19.451075526347854,6.890316456726927,28.38325500488281,15.0,180.0
52.31075074062855,-19.506809874011147,7.0910344702786015,28.28336334228516,15.0,180.0
52.14030791339602,-19.77985340828095,7.29901800077825,28.18346977233887,15.0,180.0
51.68448792402777,-19.94223018944457,7.237438588591477,28.08333587646484,15.0,180.0
51.261581987736434,-19.664985723847064,6.907847709246583,28.08333587646484,15.0,180.0
50.92836589467019,-19.1095667554048,6.590333230423757,27.98339653015137,15.0,180.0
50.42471246752911,-18.60288876584184,6.489808258221474,27.88338279724121,15.0,180.0
49.78904404273432,-18.311263905843948,6.578428398452922,27.78345680236816,15.0,180.0
49.08720028470424,-18.351386249782006,6.541856976766986,27.68348503112793,15.0,180.0
48.48018979382156,-18.66968801107404,6.231377104106931,27.58333778381348,15.0,180.0
48.11820026247129,-19.08786522810488,5.75075027113756,27.48331451416016,15.0,180.0
47.86036519607461,-19.356196600487067,5.2120433749113895,27.38342094421387,15.0,180.0
47.50501018493347,-19.321886160149383,4.721465412357953,27.38342094421387,15.0,180.0
46.97302593242088,-19.035881337241648,4.390077086480551,27.2833251953125,15.0,180.0
46.38137487830685,-18.584857901553875,4.268598897891643,27.18342781066895,15.0,180.0
45.84099110188106,-18.150887038705445,4.174280564844173,27.08341407775879,15.0,180.0
45.35592666898484,-17.846456690357343,4.130817940758072,26.98342514038086,15.0,180.0
45.01982986691874,-17.70544340603616,4.396205956934383,26.88345527648926,15.0,180.0
44.91080217296056,-17.64578660888576,4.877627521868961,26.7834587097168,15.0,180.0
44.808988885612834,-17.420472425058268,5.376730072697413,26.7834587097168,15.0,180.0
44.46469507312328,-17.152824927649277,5.798796943574433,26.68346786499023,15.0,180.0
44.097757484350254,-17.14523285960053,5.964951575352991,26.58340835571289,15.0,180.0
44.007201754696354,-17.298514991951933,5.925147032802244,26.48324584960938,15.0,180.0
44.01827860454182,-17.2547007316717,5.912275779760674,26.3832950592041,15.0,180.0
43.86462130343896,-16.82946424785653,6.034626700280741,26.28336334228516,15.0,180.0
43.393105380070544,-16.258359345985184,6.312267867520147,26.18355560302734,15.0,180.0
42.65535552719977,-15.976121088589116,6.628142909172079,26.0833911895752,15.0,180.0
41.84419959438672,-16.181786808254927,6.741731257152092,26.0833911895752,15.0,180.0
41.06102299047927,-16.62450102210309,6.595821884728688,25.98333930969238,15.0,180.0
40.407475411256165,-16.97545237671252,6.259817319630837,25.88326454162598,15.0,180.0
39.86585655319602,-17.22250622448606,5.860341091000205,25.78331565856934,15.0,180.0
39.531596359937424,-17.393974362142618,5.848641491387797,25.68342208862305,15.0,180.0
39.45991086785344,-17.520728040651058,6.282185622356762,25.58339309692383,15.0,180.0
39.335250776733,-17.730979653728085,6.779526884561014,25.48344802856445,15.0,180.0
39.10153629307725,-18.01876056311331,7.245749301816443,25.38349342346191,15.0,180.0
38.9768732747492,-18.202577487219223,7.55733376900922,25.38349342346191,15.0,180.0
38.9357180113394,-18.161747479069152,7.6260937372259106,25.2833366394043,15.0,180.0
38.88963930893059,-17.864970661857207,7.492137231261302,25.18341636657715,15.0,180.0
38.790441357823646,-17.458843012833245,7.302447508518709,25.08323287963867,15.0,180.0
38.54382053824942,-17.272452856420518,7.300240417977408,24.9832592010498,15.0,180.0
38.254492171883456,-17.371849060644678,7.314753822808636,24.88342094421387,15.0,180.0
38.09415343199972,-17.62781362588164,7.100519007289453,24.78340339660645,15.0,180.0
38.02341886913521,-17.95746783219158,6.796416987276975,24.78340339660645,15.0,180.0
37.99155764650365,-18.23443175458039,6.685046751824821,24.68346214294434,15.0,180.0
37.951749027226974,-18.327007942117746,6.864730882185478,24.58340835571289,15.0,180.0
37.7850632596183,-18.30898121981225,7.157575539352872,24.48334503173828,15.0,180.0
37.461621730631705,-18.44668781983047,7.448022707322976,24.38340187072754,15.0,180.0
37.0681405181001,-18.7471559399903,7.671197951066022,24.28333473205566,15.0,180.0
36.67407838608119,-18.85696009756064,7.806368799236585,24.1833610534668,15.0,180.0
36.19604467539253,-18.5867823821704,7.874854151176335,24.08346939086914,15.0,180.0
35.61347023896839,-18.10621677414127,7.789392472815664,24.08346939086914,15.0,180.0
35.08875864585075,-17.76734688408157,7.650905732720033,23.98338317871094,15.0,180.0
34.67809924154707,-17.63097658545422,7.631357916473239,23.88330459594727,15.0,180.0
34.36768936075862,-17.513502910272866,7.710995561581382,23.78344535827637,15.0,180.0
34.174196946753725,-17.44711784910787,7.829137381355185,23.68337821960449,15.0,180.0
34.044587032229416,-17.448789553938642,8.005373377687556,23.58345985412598,15.0,180.0
34.02392636116184,-17.297893877920554,8.214222282767732,23.48354148864746,15.0,180.0
34.107146240173805,-16.911199716196734,8.382562138237255,23.48354148864746,15.0,180.0
34.13667715557805,-16.507628822029613,8.509574933482092,23.38331031799316,15.0,180.0
34.061566988923445,-16.151615471116198,8.564809787707139,23.28335952758789,15.0,180.0
33.91197244928706,-15.902199733372957,8.63789387400129,23.18330383300781,15.0,180.0
33.87349791590496,-15.818980804965117,9.023960583469066,23.08332633972168,15.0,180.0
33.9697915296639,-15.693120103824512,9.82052822239736,22.98353576660156,15.0,180.0
33.99363173321766,-15.464256733492206,10.911869494323238,22.88338661193848,15.0,180.0
34.02586003218539,-15.275533664470457,11.982805633930646,22.78335571289062,15.0,180.0
34.0564862454546,-15.172283153956572,12.665170430718696,22.78335571289062,15.0,180.0
33.83089970991134,-15.12696868132108,13.060884920987151,22.68327522277832,15.0,180.0
33.45569249180688,-15.12807722178923,13.344817144293897,22.58333587646484,15.0,180.0
33.08347380552028,-15.22988550051843,13.42592465092515,22.48353004455566,15.0,180.0
32.61250998891191,-15.36440977249625,13.116319273736046,22.38326835632324,15.0,180.0
32.13481070780336,-15.395663304407387,12.570665921131782,22.28329658508301,15.0,180.0
31.75188361600544,-15.523546862271656,12.276314551599476,22.18326950073242,15.0,180.0
31.279407015234515,-15.866032025766543,12.160289517929844,22.18326950073242,15.0,180.0
30.81939896648748,-16.226606391795393,11.963884816313229,22.08331680297852,15.0,180.0
30.69920628654445,-16.43094839363041,11.802239954284644,21.98342895507812,15.0,180.0
30.68967799149759,-16.431574832920514,11.641214935526984,21.88359069824219,15.0,180.0
30.48114516607189,-16.394721773600388,11.268484258261523,21.78364562988281,15.0,180.0
30.30406330420859,-16.248577032528516,10.679544511463252,21.68342971801758,15.0,180.0
30.32075348246896,-15.808449664513835,10.000869653899988,21.58339309692383,15.0,180.0
30.23435270744596,-15.308160064185042,9.324419017647074,21.48336029052734,15.0,180.0
29.91074752098867,-14.802305923502546,8.742373673245503,21.48336029052734,15.0,180.0
29.48727598685129,-14.222694804017184,8.509213018030207,21.38332366943359,15.0,180.0
28.89767550660735,-13.738143605541769,8.838202922007481,21.28345680236816,15.0,180.0
28.22189143154656,-13.384454873451858,9.3372380417431,21.1833438873291,15.0,180.0
27.65339669866494,-12.986543599075702,9.65682068904325,21.08344078063965,15.0,180.0
27.03998546446534,-12.364862244136797,10.015018088381265,20.98346710205078,15.0,180.0
26.34714090977564,-11.633044664851765,10.506470824899711,20.88337135314941,15.0,180.0
25.8302535829452,-11.158437270862526,11.0355450156599,20.78339004516602,15.0,180.0
25.51799950093453,-10.937087291459653,11.561324775584396,20.78339004516602,15.0,180.0
25.19995365190725,-10.715569473062176,11.889777790136351,20.68328475952148,15.0,180.0
24.87135548156959,-10.627485171626384,11.93428944600146,20.5833568572998,15.0,180.0
24.67406273066151,-10.697662497358891,12.08888265168788,20.48343849182129,15.0,180.0
24.462696705677587,-10.763176419159022,12.42765079167383,20.38337707519531,15.0,180.0
24.06753617109576,-10.87452297443599,12.508520229581192,20.28341102600098,15.0,180.0
23.631347410239627,-10.954406373123843,12.372680697470935,20.18329620361328,15.0,180.0
23.147611194510297,-10.871428365520831,12.42142073247216,20.18329620361328,15.0,180.0
22.59227611430453,-10.722216268207903,12.794538309484633,20.08335494995117,15.0,180.0
22.22435002253845,-10.61708685382671,13.333510060580997,19.9834041595459,15.0,180.0
22.04672563213512,-10.548574052766142,13.71828808573114,19.88330841064453,15.0,180.0
21.793740506498978,-10.421232434378217,13.89337244568424,19.78335571289062,15.0,180.0
21.436577995423644,-10.174423667060688,14.113141933879149,19.68328094482422,15.0,180.0
21.129434457524816,-10.041023309074411,14.458232582910728,19.58331298828125,15.0,180.0
20.84820669379972,-10.051445737412704,14.894595601965262,19.48336982727051,15.0,180.0
20.52047218513272,-9.965412978119844,15.346454735176057,19.48336982727051,15.0,180.0
20.262636817960672,-9.828295998022044,15.612274614985434,19.38339996337891,15.0,180.0
20.096295182512684,-9.80253736262063,15.80278336031116,19.28337860107422,15.0,180.0
19.86892467184648,-10.000693265923587,16.173892648350176,19.18336486816406,15.0,180.0
19.605181522911856,-10.201405572459487,16.71962150279274,19.08351135253906,15.0,180.0
19.509387059278307,-10.000233654908362,17.196956687335692,18.98341369628906,15.0,180.0
19.545610465181426,-9.502223911709663,17.30505717398782,18.88322830200195,15.0,180.0
19.456962980544688,-9.200091478646764,17.113263355788305,18.88322830200195,15.0,180.0
19.3559132576828,-9.178512130212605,16.838916726030458,18.78332710266113,15.0,180.0
19.353674443923268,-9.112475117339692,16.512785299676054,18.68336868286133,15.0,180.0
19.293865319166915,-8.866007675410824,16.21133829949444,18.58349990844727,15.0,180.0
19.23837415308203,-8.580318666183532,16.140847649290173,18.48345947265625,15.0,180.0
19.25970514393671,-8.443586982612374,16.276233662075597,18.38332939147949,15.0,180.0
19.26495158961886,-8.577525857155656,16.46039046680244,18.28335762023926,15.0,180.0
19.01698402288229,-8.968172285195184,16.668443676170966,18.18338966369629,15.0,180.0
18.334618958735007,-9.311697608582651,16.801533573955744,18.18338966369629,15.0,180.0
17.53269383033076,-9.431930066704174,16.93148237946827,18.08350944519043,15.0,180.0
16.95472742389247,-9.507040920890184,17.231645610678484,17.98343086242676,15.0,180.0
16.579770401621012,-9.65972210422235,17.38326641571137,17.88335990905762,15.0,180.0
16.417524783278633,-9.877888848203051,17.05260545378133,17.78331565856934,15.0,180.0
16.346355466874126,-10.023646518624258,16.544805081713665,17.68334197998047,15.0,180.0
16.22325047612536,-10.002723829295064,16.09621452089644,17.58340644836426,15.0,180.0
16.073109104365354,-9.78552334934429,15.592659128622962,17.48336219787598,15.0,180.0
15.78568976319039,-9.332839079180026,14.93988143013721,17.48336219787598,15.0,180.0
15.31838794226519,-8.82616808256386,14.232281906782852,17.38345336914062,15.0,180.0
14.824350882083198,-8.349892498317217,13.762437932243094,17.28341102600098,15.0,180.0
14.32161553638382,-7.859046533938845,13.694115653595471,17.18344306945801,15.0,180.0
13.766225438679768,-7.409047380943154,14.078783293080397,17.08353424072266,15.0,180.0
13.200579965027032,-7.059428980104233,14.784410189042074,16.98342323303223,15.0,180.0
12.645670049097811,-6.900216034672987,15.507617102160989,16.88335990905762,15.0,180.0
12.113380353072603,-6.979518209226211,15.921330129482971,16.88335990905762,15.0,180.0
11.648429502353537,-7.094487242970427,15.972826826147983,16.78334045410156,15.0,180.0
11.261581370566963,-6.964386099153361,15.954810608596471,16.68335342407227,15.0,180.0
10.727021977187569,-6.619883717204294,15.872872276390064,16.58351707458496,15.0,180.0
10.038305049277852,-6.263551506357016,15.649762342979258,16.48336410522461,15.0,180.0
9.519741875385218,-6.015282913941962,15.42316456392569,16.38332557678223,15.0,180.0
9.125752156497608,-5.883641125271617,15.254016310332345,16.28336524963379,15.0,180.0
8.63997668142245,-5.75653715699935,15.132653180338943,16.18342208862305,15.0,180.0
8.193288826978552,-5.664934107343382,15.05422526152177,16.18342208862305,15.0,180.0
7.991799139311567,-5.785969318905464,15.094598845004748,16.08349990844727,15.0,180.0
7.9505920719919665,-6.022842398972118,15.265224902896604,15.98333358764648,15.0,180.0
7.8583159661416815,-6.198763009735705,15.437903005458894,15.88335990905762,15.0,180.0
7.732732525039069,-6.303945504607169,15.637417201910583,15.78332233428955,15.0,180.0
7.690097240127972,-6.3520261496892525,15.916717184448611,15.68332576751709,15.0,180.0
7.671689902227989,-6.340696378446157,16.234939497637708,15.58341693878174,15.0,180.0
7.499006198692545,-6.210728280894907,16.55514133711685,15.58341693878174,15.0,180.0
7.059467012529673,-5.982598432939486,16.815111808064756,15.48333168029785,15.0,180.0
6.335808389392547,-5.687254658381996,17.073880313527283,15.38332366943359,15.0,180.0
5.424711715358075,-5.348865818810011,17.568595800502354,15.28327560424805,15.0,180.0
4.607665238910712,-5.16041122597574,18.35648575718887,15.18340587615967,15.0,180.0
4.08397041887876,-5.146649566164979,19.06599082940829,15.08344268798828,15.0,180.0
3.797315324338765,-5.19717175100906,19.47042458644905,14.98341751098633,15.0,180.0
3.4606529024225985,-5.208049377807251,19.694287816598745,14.88339614868164,15.0,180.0
2.8837469935543005,-5.030613491707412,19.81840515904477,14.88339614868164,15.0,180.0
2.1067715972516083,-4.690728581056715,19.888074912222827,14.78337860107422,15.0,180.0
1.2846831273212551,-4.401586069375969,19.94310018029062,14.68344688415527,15.0,180.0
0.6595573975575135,-4.26945302335478,20.14912022342464,14.5836124420166,15.0,180.0
0.2234165470289149,-4.182162400727627,20.53421319675228,14.483473777771,15.0,180.0
-0.2061845212506554,-3.9505842792599086,20.76255517153959,14.38339042663574,15.0,180.0
-0.6226010889354647,-3.55437632667795,20.6352926273077,14.28330516815186,15.0,180.0
-0.821789428409943,-3.221416095936948,20.274199797935005,14.28330516815186,15.0,180.0
-0.7229440463968295,-3.0331763155260063,20.032103385289474,14.18326854705811,15.0,180.0
-0.5360483524498605,-2.9329401885373745,20.09557880926061,14.08338356018066,15.0,180.0
-0.6379057682107359,-2.903420189071557,20.2745912431446,13.98329448699951,15.0,180.0
-1.2078098874543564,-2.8631606267027223,20.26343294404008,13.88337516784668,15.0,180.0
-1.9476995220135471,-2.729622161817624,20.06824181134825,13.78341674804688,15.0,180.0
-2.5741071256333328,-2.471971625886665,20.084011017044475,13.68335723876953,15.0,180.0
-3.018747619351672,-2.240383605696639,20.26865628314144,13.58346080780029,15.0,180.0
-3.2382950547735696,-2.1672891878037444,20.31701736594852,13.58346080780029,15.0,180.0
-3.485020364358164,-2.248318983278802,20.292140403594523,13.4833869934082,15.0,180.0
-4.095417543761478,-2.4539022848253813,20.326072217035577,13.3832893371582,15.0,180.0
-4.897729702041271,-2.5735038779194754,20.429466530938427,13.28334808349609,15.0,180.0
-5.58676901031196,-2.4694014860774933,20.49265822188419,13.18331813812256,15.0,180.0
-6.123477596707675,-2.307248964294595,20.40192319286012,13.08341884613037,15.0,180.0
-6.483992355121723,-2.2977732646205427,20.46089185167964,12.98347949981689,15.0,180.0
-6.820205465621314,-2.4022745967226724,20.962821064235936,12.88334083557129,15.0,180.0
-7.352855036438052,-2.400022183129476,21.583575053899025,12.88334083557129,15.0,180.0
-8.027107456160156,-2.2326725343631493,21.96006714514993,12.78333282470703,15.0,180.0
-8.792220188111433,-1.9678301591885288,22.086528894280683,12.68333530426025,15.0,180.0
-9.535312455155148,-1.673453855119206,22.084756182086327,12.58333301544189,15.0,180.0
-10.008870259091587,-1.4858219027555295,22.01268175385858,12.48333072662354,15.0,180.0
-10.345616132940355,-1.3788233129433616,21.946607524602417,12.38331890106201,15.0,180.0
-10.82744165321154,-1.181695859414857,21.93797127250396,12.28341388702393,15.0,180.0
-11.333262122708472,-0.8775557864894017,21.891215463516907,12.28341388702393,15.0,180.0
-11.805522175911392,-0.6118808330451753,21.7069332508194,12.18343353271484,15.0,180.0
-12.376802697060054,-0.5747688207710961,21.47555348864082,12.08353137969971,15.0,180.0
-12.945215894990977,-0.806212016914488,21.257286917899567,11.98346710205078,15.0,180.0
-13.530806863916418,-1.0880899995835644,21.037270363953223,11.88333511352539,15.0,180.0
-14.185905801781846,-1.0851425290822905,20.82592237182348,11.78338813781738,15.0,180.0
-14.898550228620326,-0.7389518986212078,20.558139512793424,11.68337154388428,15.0,180.0
-15.672762030111151,-0.3842775990905611,20.315903961110983,11.58347797393799,15.0,180.0
-16.182648226457044,-0.2124274834367696,20.336550145926594,11.58347797393799,15.0,180.0
-16.299738315233206,-0.0970250225926223,20.78206044357909,11.48344230651855,15.0,180.0
-16.334665687600495,0.0113165237548278,21.50076276031928,11.38336753845215,15.0,180.0
-16.51847680428423,0.1510865116639204,22.19028173848451,11.28341865539551,15.0,180.0
-16.852776210590083,0.4352413516571296,22.72353890349594,11.18335342407227,15.0,180.0
-17.293226007905204,0.6755480013369555,23.059547949164568,11.08350563049316,15.0,180.0
-17.724704146343683,0.7200936397243369,23.290208938423223,10.98342800140381,15.0,180.0
-18.12284840179093,0.7027888002325229,23.49679342362657,10.98342800140381,15.0,180.0
-18.684010307409338,0.6596383445994896,23.47804001423416,10.88330268859863,15.0,180.0
-19.274669912200444,0.5629282662080488,23.29005895539,10.7834005355835,15.0,180.0
-19.55038287813511,0.3591729059151891,23.20106280264188,10.68332099914551,15.0,180.0
-19.542359838616125,0.1674303919062287,23.132749214034646,10.58342361450195,15.0,180.0
-19.67079884819284,0.1894534971595343,23.00889546257558,10.48336219787598,15.0,180.0
-20.14557356197593,0.3124306138891564,22.92591762821372,10.38328266143799,15.0,180.0
-20.620720135175368,0.4133588165028588,22.882493337586595,10.28335285186768,15.0,180.0
-20.903088543531247,0.6725746976121059,22.77942844499315,10.28335285186768,15.0,180.0
-21.12638954345218,1.153964932381515,22.511509200882124,10.18321323394775,15.0,180.0
-21.44892887486645,1.6789975770273724,22.21152889319866,10.08334255218506,15.0,180.0
-21.957530071618564,2.144839034494125,22.08543297214605,9.983458518981934,15.0,180.0
-22.49295141126884,2.49361394813122,21.94927752639312,9.883377075195312,15.0,180.0
-23.000504270085138,2.737125571985492,21.770880135403743,9.783355712890623,15.0,180.0
-23.585651094037225,2.8765624170590955,21.717501970381345,9.68337345123291,15.0,180.0
-24.16814943983556,2.9229888901180123,21.71436912513097,9.583499908447266,15.0,180.0
-24.50451695392364,2.9392026425929263,21.76815933249797,9.583499908447266,15.0,180.0
-24.67275140445932,2.913656112556808,21.89128458815496,9.483514785766602,15.0,180.0
-24.97834112463965,2.891702714253012,22.00128839514161,9.38332462310791,15.0,180.0
-25.424869950140348,2.807017710739923,22.03984918580152,9.283323287963867,15.0,180.0
-25.97919967289616,2.536023011458432,22.017826647586155,9.183340072631836,15.0,180.0
-26.60887018914259,2.2215454940121,21.93996601913328,9.083431243896484,15.0,180.0
-27.2177137040308,1.9714705617087755,21.779913003872693,8.983412742614746,15.0,180.0
-27.85005160926476,1.8798061606655525,21.630337820737665,8.983412742614746,15.0,180.0
-28.58312370703016,2.127830895748689,21.4321802432519,8.883281707763672,15.0,180.0
-29.25732349584801,2.6458830641802207,21.17240294732801,8.783395767211914,15.0,180.0
-29.70710089341371,3.16744890523285,21.08638554103577,8.683441162109375,15.0,180.0
-30.044739163118784,3.467110000759278,21.29970528409323,8.583478927612305,15.0,180.0
-30.432319175286658,3.4905947581203227,21.713481692036886,8.483465194702148,15.0,180.0
-30.889261272359644,3.369676775108717,22.223578132208747,8.383316040039062,15.0,180.0
-31.4114158355467,3.3030515027805407,22.7864919328684,8.283413887023926,15.0,180.0
-32.044489108197894,3.3726629333264,23.364040562822005,8.283413887023926,15.0,180.0
-32.6900359335737,3.55196635090382,23.94497496725362,8.183296203613281,15.0,180.0
-33.12863562802707,3.74399342301702,24.4419908428582,8.083324432373047,15.0,180.0
-33.346617719602634,3.741018170367559,24.78477954726361,7.98342227935791,15.0,180.0
-33.707835685804106,3.539730256949466,24.91293847688236,7.883453369140625,15.0,180.0
-34.34612727379144,3.5140534930155587,24.948125359593845,7.7833251953125,15.0,180.0
-35.05149192835708,3.8620951961080623,25.00261686380732,7.683320045471191,15.0,180.0
-35.74290876691207,4.269632112977926,24.9869213021262,7.683320045471191,15.0,180.0
-36.32011709581115,4.448810004072877,25.237344144779872,7.583338260650635,15.0,180.0
-36.773185349206486,4.496164378367184,25.86238255149138,7.4833664894104,15.0,180.0
-37.27317836660701,4.545864479702769,26.29532118788454,7.383388042449951,15.0,180.0
-37.955141544597794,4.538791784764729,26.357485150145283,7.283397674560547,15.0,180.0
-38.68726756583935,4.37954570520773,26.291150510232384,7.183388233184814,15.0,180.0
-39.22057244469519,4.181459704145436,26.35109320514697,7.083389282226562,15.0,180.0
-39.54065019053274,4.135433185107644,26.601106953164845,6.983404159545898,15.0,180.0
-39.75418033867702,4.243988659884121,26.767654371311608,6.983404159545898,15.0,180.0
-40.099684784855526,4.453936694532797,26.772483671308343,6.883405208587646,15.0,180.0
-40.6354596651229,4.620456295125722,26.699274609773155,6.783441543579102,15.0,180.0
-41.174155491673424,4.594346277978952,26.521976941901386,6.683417797088623,15.0,180.0
-41.61019042638742,4.380132983590076,26.35681942170832,6.583473205566406,15.0,180.0
-41.90910391351886,4.1263412627216844,26.372175355891216,6.483386516571045,15.0,180.0
-42.19575063889258,4.120100015240359,26.42358679129704,6.38336706161499,15.0,180.0
-42.63447946180969,4.42904827741818,26.31929755233439,6.38336706161499,15.0,180.0
-43.30310927318419,4.897970103465701,26.1319441500656,6.283455848693848,15.0,180.0
-43.95632536722185,5.336852038872471,25.874853583859768,6.183310508728027,15.0,180.0
-44.25557895833012,5.634133779558227,25.605241494510345,6.083348274230957,15.0,180.0
-44.2747775617775,5.783654357232812,25.531835798796628,5.983356475830078,15.0,180.0
-44.22254528464447,5.764352036280689,25.78128788194931,5.883338928222656,15.0,180.0
-44.25955062343334,5.685829261823209,26.18177121492385,5.783376216888428,15.0,180.0
-44.59619074516982,5.56004672260524,26.47482750562243,5.683404922485352,15.0,180.0
-45.1063894811154,5.361095631942372,26.696722402513124,5.683404922485352,15.0,180.0
-45.52877850021491,5.208469357998177,26.800148632800425,5.583404064178467,15.0,180.0
-46.07183899658884,5.236516450191528,26.751310060340472,5.483310222625732,15.0,180.0
-46.772870660415975,5.445020701600099,26.806613165458685,5.383266448974609,15.0,180.0
-47.39989832207137,5.719550199245156,27.10564078685616,5.283379554748535,15.0,180.0
-47.97829398527452,6.105110670398726,27.583372500329435,5.183428287506104,15.0,180.0
-48.48777215057527,6.56623321603401,28.09094614361644,5.083344459533691,15.0,180.0
-48.81960248532788,6.92228516965813,28.55889235079788,4.983456134796143,15.0,180.0
-49.09157972308769,7.063520952048912,28.939202409013458,4.983456134796143,15.0,180.0
-49.456192700117086,7.123353629530954,29.225950805986297,4.88339376449585,15.0,180.0
-49.9021063202491,7.206615422986757,29.53108835984613,4.783447742462158,15.0,180.0
-50.49746880091684,7.155678035650325,29.713776991215568,4.683545589447021,15.0,180.0
-51.20326005708405,7.0438298128694345,29.595360547139187,4.583296298980713,15.0,180.0
-51.74713185163125,7.162294847762157,29.24691303048769,4.483322620391846,15.0,180.0
-52.13577342345516,7.364628162834511,28.84362386233672,4.383409976959229,15.0,180.0
-52.5741024180134,7.31931657527067,28.52968156844264,4.383409976959229,15.0,180.0
-53.1090665577385,7.19442363040984,28.4328129758241,4.283405780792236,15.0,180.0
-53.63437745364728,7.170357373965801,28.60077177007231,4.183374404907227,15.0,180.0
-54.195541299821606,7.180508688460073,28.72605440828651,4.083401679992676,15.0,180.0
-54.943520161996645,7.233014932569862,28.57323760282692,3.983383178710938,15.0,180.0
-55.82402019758596,7.360653314332522,28.337193231579903,3.883322954177856,15.0,180.0
-56.80628167642109,7.552847927792079,28.153466612115444,3.783431529998779,15.0,180.0
-57.84942084550388,7.640017232072932,27.933699116292363,3.683303594589233,15.0,180.0
-58.776082060242565,7.584583664375113,27.7641358380064,3.683303594589233,15.0,180.0
-59.448077209628025,7.665614965064532,27.761540641867025,3.583473682403564,15.0,180.0
-59.92560372851175,8.08426837412443,27.85579780742011,3.483476877212524,15.0,180.0
-60.36127464916487,8.653047634618495,28.012014143842293,3.383344888687134,15.0,180.0
-60.96457990430674,8.995883631683032,28.227000548817337,3.283427476882935,15.0,180.0
-61.90078475717856,9.177359337728303,28.40163253422252,3.183331966400146,15.0,180.0
-62.80596160467476,9.355278215035415,28.61095436383728,3.083403825759888,15.0,180.0
-63.34359474381744,9.4197152309968,29.137209589273223,3.083403825759888,15.0,180.0
-63.79705184033432,9.272217373197137,29.861711395561777,2.983393669128418,15.0,180.0
-64.27568345688064,8.904998735400715,30.38019267579213,2.88335132598877,15.0,180.0
-64.64436575019933,8.575854125212633,30.59863133512893,2.783363342285156,15.0,180.0
-65.03697124387959,8.434375522173514,30.698305969860563,2.683463573455811,15.0,180.0
-65.49555310303104,8.381708311675546,30.695730529448447,2.583431243896484,15.0,180.0
-65.80907219563257,8.378878085047795,30.597100895449262,2.483311414718628,15.0,180.0
-65.93009052877257,8.453046139731939,30.398919637191486,2.38327431678772,15.0,180.0
-66.15332553587032,8.700248260084301,30.08764337716778,2.38327431678772,15.0,180.0
-66.51387094967178,9.152482354337122,29.96934365843544,2.283305644989014,15.0,180.0
-66.75254002471983,9.760564007961976,29.987589373133304,2.183365345001221,15.0,180.0
-67.01034974614225,10.440094057570292,29.84507448769097,2.083472013473511,15.0,180.0
-67.58301161986404,10.958547488830291,29.78847384134938,1.983353734016418,15.0,180.0
-68.58916662085561,11.352346668195343,30.07311776735432,1.883453726768494,15.0,180.0
-69.78118585564874,11.902523890982774,30.55585732470477,1.783414483070374,15.0,180.0
-70.70863135517236,12.42461525243441,31.11351069800908,1.68342137336731,15.0,180.0
-71.33488924409357,12.761878106724186,31.60497859668619,1.68342137336731,15.0,180.0
-71.95963322316075,13.047038904735782,31.85701651889461,1.583509922027588,15.0,180.0
-72.79069737018273,13.214044048731685,31.92686500755928,1.483347654342651,15.0,180.0
-73.72058240539405,13.011770235203322,31.955239936731,1.383463740348816,15.0,180.0
-74.50913906153667,12.416676120997684,32.00227641602317,1.283426761627197,15.0,180.0
-75.15658439464322,11.81631269161961,32.0026652962281,1.183374524116516,15.0,180.0
-75.64888774054063,11.50857394970549,31.988239936832368,1.083468198776245,15.0,180.0
-75.80357434567773,11.500016373072173,32.040258942339875,1.083468198776245,15.0,180.0
-75.74022619903937,11.700043262948512,32.09389120556747,0.9833423495292664,15.0,180.0
-75.70920218798312,12.08492182227289,32.21177802273631,0.8833376169204712,15.0,180.0
-75.83169076469682,12.590989384690673,32.43756800931543,0.7833083271980286,15.0,180.0
-76.22396958189672,13.029296884395004,32.64753689311203,0.6833133101463318,15.0,180.0
-76.87671961364916,13.326284697310015,32.869138302579884,0.5834571123123169,15.0,180.0
-77.54204566071012,13.478169865123856,33.13099053251759,0.4832849502563477,15.0,180.0
-78.05478453297918,13.43597849091281,33.31298074468697,0.383230447769165,15.0,180.0
-78.55011570034267,13.222832620980356,33.337862037033275,0.383230447769165,15.0,180.0
-79.12070181639686,13.007579746511595,33.341709300544125,0.2832377851009369,15.0,180.0
-79.70380698090732,12.887553540472634,33.45846802059767,0.1847528517246246,15.0,180.0
-80.12589783424704,12.837275872814006,33.50243407535584,0.1016581207513809,15.0,180.0
-80.33978109050501,12.889225506784168,33.45879989153549,0.0475456714630127,15.0,180.0
-80.44021560474661,13.035258780713905,33.507624900589725,0.0219489447772502,15.0,180.0
-80.41883149554795,13.215603008306015,33.73642877208019,0.0108840726315975,15.0,180.0
-80.47903445669138,13.25171675213493,34.09808920661818,0.0108840726315975,15.0,180.0
-80.91391994719643,13.0447271153792,34.30423605965905,0.0055415257811546,15.0,180.0
-81.616370250893,12.81754936357651,34.305445217631004,0.0029758245218545,15.0,180.0
-82.32288899680529,12.633185651826322,34.311718491509325,0.0016341699520125,15.0,180.0
-82.93333620169484,12.52075662977282,34.3807781813205,0.0009045004844665,15.0,180.0
-83.52120144210323,12.671960992410742,34.5002781592959,0.0004147675645072,15.0,180.0
-84.26971593707144,12.882382132435868,34.48470465190676,0.0001878451585071,15.0,180.0
-85.04216943622205,12.93320042743693,34.26223300454665,7.900400669313967e-05,15.0,180.0
-85.61257530012199,13.030019417480132,34.12212105398561,7.900400669313967e-05,15.0,180.0
-86.28456522505559,13.301594356644031,33.95450542345175,1.616149347682949e-05,15.0,180.0
-87.30069429121656,13.690589935006912,33.6722043442107,-1.630772021599114e-05,15.0,180.0
-88.38818339928852,14.080209445255244,33.60934398657169,-3.602738797781058e-05,15.0,180.0
-89.22031422825648,14.272232184952577,33.68928830110819,-5.507162859430537e-05,15.0,180.0
-89.67886211719917,14.356618654094156,33.87525583527735,-5.771066571469419e-05,15.0,180.0
-90.00514166528535,14.636551785307116,34.29392876007448,-4.832432750845328e-05,15.0,180.0
-90.61044529911766,15.022418721009938,34.61163735779968,-4.764890036312863e-05,15.0,180.0
-91.45546251952392,15.313059458824606,34.713694734157365,-4.764890036312863e-05,15.0,180.0
-92.1074284913898,15.514148522959005,34.89654099249333,-4.555995110422373e-05,15.0,180.0
-92.55206250720902,15.601955846097422,35.03187294360838,-4.424391590873711e-05,15.0,180.0
-93.14120069589444,15.643179073035425,34.96112391380302,-4.484274541027844e-05,15.0,180.0
-93.87455116520503,15.82203978174223,35.1415277091692,-3.94323724322021e-05,15.0,180.0
-94.47096242395352,16.112554663947435,35.75007110957809,-4.00938733946532e-05,15.0,180.0
-94.74749075692186,16.245359193330046,36.47216793666769,-3.465564441285096e-05,15.0,180.0
-94.85558887155318,16.108334497102167,37.00467297485434,-3.465564441285096e-05,15.0,180.0
-95.20470853510685,15.928825091655924,37.07624161373639,-3.41960767400451e-05,15.0,180.0
-95.8924614219239,15.81784778372684,36.77645899422858,-3.189127164660022e-05,15.0,180.0
-96.69409073413836,15.811842263318656,36.33570105433757,-2.88274804916e-05,15.0,180.0
-97.53889394892282,16.10042493100138,35.99558287609871,-2.703098471101839e-05,15.0,180.0
-98.32994110614432,16.648276925604996,36.05878536620573,-2.507433600840159e-05,15.0,180.0
-98.9037444785273,17.23232442855349,36.51215867663445,-2.623718501126859e-05,15.0,180.0
-99.36007785524836,17.58221198448357,37.05085981087773,-2.1474383174791e-05,15.0,180.0
-99.8581429653698,17.668789657884133,37.404104016593166,-2.1474383174791e-05,15.0,180.0
-100.41872828320052,17.74191535882365,37.5624960908667,-2.179468901886139e-05,15.0,180.0
-100.89574879762672,17.79545036750131,37.54791077845984,-2.278345709783025e-05,15.0,180.0
-101.1346678419203,17.8518323420513,37.4920891668453,-1.792317198123783e-05,15.0,180.0
-101.2726627399672,18.117119219940623,37.497141222161815,-1.904424061649479e-05,15.0,180.0
-101.43670856773434,18.502680802457377,37.49306051353047,-1.773516669345554e-05,15.0,180.0
-101.6952689376575,18.76904319501272,37.61261878387509,-1.539554614282679e-05,15.0,180.0
-102.16705370337404,18.86841706896724,37.77187310529471,-1.539554614282679e-05,15.0,180.0
-102.78853857318026,18.899137091906447,37.83994656523806,-1.313948177994462e-05,15.0,180.0
-103.51126817091752,19.08502108478932,38.05871213491687,-1.167025493487017e-05,15.0,180.0
-104.54142023347092,19.4007067035941,38.430592326885694,-1.368957146041794e-05,15.0,180.0
-105.77747931508092,19.579279436776304,38.71880341095012,-1.146136037277756e-05,15.0,180.0
-106.65740431679444,19.69648424062036,38.90728737506435,-1.170507130154874e-05,15.0,180.0
-106.9524387037644,19.80150227441913,39.02084764891422,-1.162151329481276e-05,15.0,180.0
-106.89937165912556,19.93209542898412,38.94940507214392,-9.574344403517898e-06,15.0,180.0
-106.82463629454176,20.11841397945112,38.69153388227594,-9.574344403517898e-06,15.0,180.0
-106.92768217846408,20.18232813859246,38.3543179676264,-9.797165148484057e-06,15.0,180.0
-107.27053034925908,20.300035949165647,38.06229432896474,-8.87802798388293e-06,15.0,180.0
-107.80439797184634,20.469816830275875,37.89362000004758,-1.117587089538574e-05,15.0,180.0
-108.42843821869032,20.410003762602805,37.81156228281591,-1.100875488191377e-05,15.0,180.0
-109.07378657347164,20.26393255797989,37.81357632625641,-7.986744094523601e-06,15.0,180.0
-109.59985521620553,20.21716324758177,37.93104853992776,-8.105117558443453e-06,15.0,180.0
-110.15192500422388,20.21062798832703,38.25792498114261,-8.105117558443453e-06,15.0,180.0
-110.95171513457804,20.168939904162883,38.90925712835125,-7.07457002135925e-06,15.0,180.0
-111.7620875710096,20.257612692672687,39.82909430573994,-7.56895406084368e-06,15.0,180.0
-112.47935374973665,20.675670588177763,40.78484179195799,-8.300085937662516e-06,15.0,180.0
-113.30870313231873,21.176630702171337,41.49658858717486,-3.892406311933883e-06,15.0,180.0
-114.171220972087,21.49180796615226,41.91444552317109,-5.424300979939289e-06,15.0,180.0
-114.74685796640172,21.710639603790028,42.13712384331416,-5.431264071376063e-06,15.0,180.0
-115.17550911432586,22.02488219759775,42.06539851614339,-5.319853698892985e-06,15.0,180.0
-115.71462970967193,22.53405318805583,41.72312937893813,-5.319853698892985e-06,15.0,180.0
-116.32722200308342,23.041571514282737,41.437912047803344,-3.244832214477356e-06,15.0,180.0
-117.17719046781022,23.320127463447456,41.31391214867512,-6.023132755217375e-06,15.0,180.0
-118.35049132795424,23.353583171786564,41.06412380710278,-6.775154361093882e-06,15.0,180.0
-119.51749505298312,23.15200758427736,40.69440979631317,-3.683511295093922e-06,15.0,180.0
-120.33772167784667,22.8036188833246,40.504092767017056,-4.010779775853734e-06,15.0,180.0
-120.91440917883963,22.46330906664282,40.47954789247548,-5.243258783593774e-06,15.0,180.0
-121.55028742525778,22.26640811095237,40.598391948064126,-5.048290404374711e-06,15.0,180.0
-122.26883201242386,22.28121733516454,40.85268990222636,-5.048290404374711e-06,15.0,180.0
-122.82681666577469,22.3834859604868,41.12083690099856,-4.317158527555875e-06,15.0,180.0
-123.02590676339284,22.478147285177982,41.28261417436797,-1.880052877822891e-06,15.0,180.0
-123.0593357881813,22.65269957759637,41.30892113039884,-4.66531673737336e-06,15.0,180.0
-123.22582689086948,22.91102225718359,41.46254957138213,-3.161274207741371e-06,15.0,180.0
-123.60322428576468,23.11265445203916,41.7390198357382,-2.694742534004035e-06,15.0,180.0
-124.24986570050316,23.070671434263403,41.94251977617152,-2.938453235401539e-06,15.0,180.0
-125.08823955161829,22.87914080852365,42.22635878906704,-2.938453235401539e-06,15.0,180.0
-125.91753984202488,22.94297858639365,42.62461866328087,-1.810419689718401e-07,15.0,180.0
-126.7295370559856,23.438209039243176,43.08105368144792,-2.548516249589738e-06,15.0,180.0
-127.58552298390816,24.115819886104944,43.74898191869048,-1.448337116016774e-06,15.0,180.0
-128.41878222374436,24.612772447184284,44.54840047531307,-1.90790547094366e-06,15.0,180.0
-129.23157337219152,24.84318288512622,45.15791830130832,-3.042900516447844e-06,15.0,180.0
-130.10554198554553,25.060960079310952,45.54254748003367,-1.636342403799063e-06,15.0,180.0
-131.00624443089245,25.477991026980355,45.79739366675415,-2.095910986099625e-06,15.0,180.0
-131.7898600069575,25.959572450069857,45.7752922720858,-2.095910986099625e-06,15.0,180.0
-132.3822118652143,26.35713262257623,45.50484995584996,-3.293574309282121e-06,15.0,180.0
-132.9953667109579,26.798813054783565,45.29518344629968,-2.806153133860789e-06,15.0,180.0
-133.7314155729452,27.264415947584457,45.30874474618125,-1.274258011108031e-06,15.0,180.0
-134.450171877574,27.512069452732145,45.47584756615896,-1.086252723325742e-06,15.0,180.0
-135.0911548638957,27.573295557253587,45.41124986069084,-1.46922661770077e-06,15.0,180.0
-135.76934518096826,27.532109063737646,44.98643407204347,-1.350852926407242e-06,15.0,180.0
-136.60344094911807,27.411263966269143,44.46942965557389,-1.350852926407242e-06,15.0,180.0
-137.3000383582037,27.327329273264205,43.99164104222265,-1.455300207453547e-06,15.0,180.0
-137.65368871799046,27.339476280998863,43.68841565854476,-1.46226284414297e-07,15.0,180.0
-137.82155953136257,27.36377620586395,43.63630094052908,1.107142452383414e-06,15.0,180.0
-137.86056704760233,27.297147892636936,43.6570544046116,-1.420484522896004e-06,15.0,180.0
-137.84515502946283,27.3125266073348,43.63069722158013,-1.225515916303266e-06,15.0,180.0
-137.935913774844,27.4994409145112,43.76351557863222,-1.253368509424035e-06,15.0,180.0
-138.12076648154698,27.811927614246382,44.099589870981625,-4.275379978935234e-06,15.0,180.0
-138.25449318972753,28.114824191087067,44.4233851751922,-4.275379978935234e-06,15.0,180.0
-138.34965051315882,28.30255034808595,44.74728939263051,-1.455300207453547e-06,15.0,180.0
-138.51672516268346,28.69587902266475,45.21100799594876,-2.158579263777938e-06,15.0,180.0
-138.7817515754177,29.30018851249985,45.81555169432252,-2.395326646364992e-06,15.0,180.0
-139.03800988069216,29.68377954014385,46.29602036453935,-2.743484628808801e-06,15.0,180.0
-139.19823171708885,29.698252359248528,46.4513820017511,-1.789531779650133e-06,15.0,180.0
-139.25709856084222,29.616324367076167,46.3788374824519,-9.400264389114454e-07,15.0,180.0
-139.40274511875123,29.711170380225795,46.12713164847927,-2.061095074168406e-06,15.0,180.0
-139.84220651837683,29.9478487793904,45.87971346985649,-2.061095074168406e-06,15.0,180.0
-140.435248124958,30.244599343999035,45.87137969539793,-7.659473340027034e-07,15.0,180.0
-140.94504618112495,30.46459898863356,46.00453322408504,-1.928794972627657e-06,15.0,180.0
-141.25875808940802,30.432721567303005,46.34861346884493,-2.228209723398322e-07,15.0,180.0
-141.47799821341584,30.152144033429,46.89246244098192,-1.371742200717563e-06,15.0,180.0
-141.69481910122454,29.702812500622503,47.13578239118473,-6.963091436773539e-09,15.0,180.0
-141.81765572339702,29.259689023094097,47.03176803525547,-1.288184421355254e-06,15.0,180.0
-141.81672828708037,29.04928124422724,46.90599621309791,-1.288184421355254e-06,15.0,180.0
-141.77196653757784,29.128031861806136,46.827202206150005,-1.02358444564743e-06,15.0,180.0
-141.76902966691932,29.21485772350813,46.76699205512221,-1.114105316446512e-06,15.0,180.0
-141.92831453570267,29.273932842810737,46.72429737076402,-9.88768533716211e-07,15.0,180.0
-142.22357260644014,29.64348648188244,46.87804905724179,-2.687779442567262e-06,15.0,180.0
-142.46907773101043,30.030994340620293,47.27419317844682,6.823897820140701e-07,15.0,180.0
-142.6370177437584,30.064251555373325,47.70300597570579,-1.392618287354708e-08,15.0,180.0
-142.81394827271205,29.98719262754083,47.95804580155176,-9.33063347474672e-07,15.0,180.0
-143.00581185623346,30.00206453076755,47.89172740938064,-9.33063347474672e-07,15.0,180.0
-143.23020597032573,30.096296930823385,47.70600316576353,-2.116800260409946e-06,15.0,180.0
-143.49778654401828,30.265314108113635,47.667163840035776,3.035937652384746e-06,15.0,180.0
-143.77260066470853,30.430590112434025,47.77619977153724,9.261002560378984e-07,15.0,180.0
-144.03975924152897,30.482657786709733,47.972609323228326,-3.711363888214692e-06,15.0,180.0
-144.22245217661737,30.55526274007168,47.97551679883696,-4.177895789325703e-06,15.0,180.0
-144.32698467204187,30.74347198189742,47.764622055527326,-1.60152467287844e-07,15.0,180.0
-144.38230038647828,30.868809581810687,47.73093499816181,-1.60152467287844e-07,15.0,180.0
-144.46327076962578,30.868677362213973,47.92683193129909,-2.611184754641727e-06,15.0,180.0
-144.74917177589688,30.8307845636593,48.17319116780839,2.297842911502812e-07,15.0,180.0
-145.2056417775055,30.77791246903509,48.42328503227096,2.297842911502812e-07,15.0,180.0
-145.66270010786775,30.62946982244029,48.63075019880514,-4.386788532428909e-07,15.0,180.0
-145.9809448544322,30.39707509434672,48.693985485720496,-2.715632035688031e-06,15.0,180.0
-146.35324460656108,30.32832406396647,48.57322482244604,-1.441373797206325e-06,15.0,180.0
-146.9982523362502,30.463226188028656,48.21013674573146,-2.263026772197918e-06,15.0,180.0
-147.652810621533,30.53638463659428,47.82750551616328,-2.263026772197918e-06,15.0,180.0
-148.01394603153778,30.45950671609972,47.722523263593466,-9.957316251529846e-07,15.0,180.0
-148.00369640851284,30.434726102797896,47.78748567169198,-6.127579581516329e-07,15.0,180.0
-147.86310383819304,30.48608419162928,47.98273964312538,9.678792594058905e-07,15.0,180.0
-147.77928813197514,30.4415834322013,48.154439894873065,-1.580636990183848e-06,15.0,180.0
-147.7413480194555,30.313075867304622,48.0699632317555,-1.497079210821539e-06,15.0,180.0
-147.82445396942688,30.13449136497069,47.95465080018066,-1.62241599355184e-06,15.0,180.0
-148.08538821133743,29.94488807428033,47.97979510773267,-1.62241599355184e-06,15.0,180.0
-148.51734314296462,29.802576286154988,48.05073999042581,2.854897047654958e-07,15.0,180.0
-149.04923482696873,29.82155442426464,48.10289893023298,-2.743484628808801e-06,15.0,180.0
-149.6098332136143,30.050593409464305,47.96792466033536,1.044475084199803e-07,15.0,180.0
-150.05946702546436,30.23370411733775,47.58590619406901,4.177900336799213e-08,15.0,180.0
-150.3185360214965,30.24266924717916,47.25396352952301,-1.33692651616002e-06,15.0,180.0
-150.46133877064972,30.186339772898062,47.24879035258766,-9.67879032032215e-07,15.0,180.0
-150.54022667642906,30.126233364354377,47.47260063516473,9.052109817275776e-08,15.0,180.0
-150.68255160065326,30.07255204023582,47.62151349894882,9.052109817275776e-08,15.0,180.0
-150.99146750965005,30.09725061402511,47.63871954546942,-1.448337116016774e-06,15.0,180.0
-151.4341067065024,30.34129219350432,47.53050749300972,-3.969000772485742e-07,15.0,180.0
-151.75678214034428,30.662186586035084,47.21411685038292,-2.729558445935254e-06,15.0,180.0
-151.72422819346144,30.73166211316241,46.789492182629424,-1.30907392303925e-06,15.0,180.0
-151.56440758811345,30.613690361008224,46.52389742056688,4.804580839845585e-07,15.0,180.0
-151.49241173890476,30.669082376428285,46.67515665432632,-1.302110604228801e-06,15.0,180.0
-151.64048044097814,30.878890645189088,47.16116159241472,3.4815911931218586e-08,15.0,180.0
-152.16300500794472,30.893425671772164,47.57705579545187,3.4815911931218586e-08,15.0,180.0
-152.773380943299,30.77108798268844,47.61275560505794,-4.177893515588949e-07,15.0,180.0
-153.27530695891792,30.71943571763464,47.32724596354737,-4.177893515588949e-07,15.0,180.0
-153.76707043418116,30.871663260566315,46.848965211857816,-2.555479341026512e-06,15.0,180.0
-154.08107395519087,31.462998631782327,46.18504751940439,1.53189603224746e-07,15.0,180.0
-154.0826839909276,32.20255494390132,45.553068820681496,-3.133421614620602e-06,15.0,180.0
-153.8094366248742,32.65141615466706,45.14835028812101,-2.611184754641727e-06,15.0,180.0
-153.38315360224914,32.98302816095151,44.98540848093936,-2.611184754641727e-06,15.0,180.0
-152.99166987583448,33.308078728978344,45.05220064740136,-1.225515916303266e-06,15.0,180.0
-152.85684670271706,33.349539327938366,45.35983759430885,-3.34927949552366e-06,15.0,180.0
-153.14490316264187,33.09715493114546,45.81638615127163,-1.030547537084203e-06,15.0,180.0
-153.59613040403366,32.765668234183366,46.24306268370326,-7.729106528131524e-07,15.0,180.0
-153.96723385252733,32.26645988997787,46.763622690219336,-2.785263632176793e-06,15.0,180.0
-154.40403248960357,31.58565906634316,47.38395870541909,-1.636342403799063e-06,15.0,180.0
-154.85522193516613,31.057751510662737,47.7380586051632,1.963611111932551e-06,15.0,180.0
-155.02645939814016,30.951148346945345,47.76407905587443,1.963611111932551e-06,15.0,180.0
-154.89051157211026,31.29154257156346,47.90181810289212,3.899369858118007e-07,15.0,180.0
-154.623395975637,31.93579781022836,48.373154534765305,-2.325695049876231e-06,15.0,180.0
-154.3776792223281,32.567700659127844,48.847930734287694,5.361632702260977e-07,15.0,180.0
-154.24693383230266,32.8901549268137,49.14910508908432,-1.824347691581352e-06,15.0,180.0
-154.13257756975975,32.93134326385764,49.413145082355854,1.274258238481707e-06,15.0,180.0
-154.0496813480635,32.83367483496747,49.645443453752016,2.903637550843996e-06,15.0,180.0
-154.26089949761058,32.65425096963957,49.77178904941735,2.903637550843996e-06,15.0,180.0
-154.72238478822112,32.46229180060061,49.8091287724708,7.450580596923828e-07,15.0,180.0
-155.10992337503723,32.3461160466489,49.689031362637806,-1.392631702401559e-06,15.0,180.0
-155.3871832512997,32.35074857958347,49.25078719457525,-7.380947408819338e-07,15.0,180.0
-155.64926921336024,32.553758492382755,48.70901121381873,-3.760105755645782e-07,15.0,180.0
-155.77582255776528,32.93048468494215,48.34425706524972,1.323001015407499e-07,15.0,180.0
-155.8568582304176,33.453403429139314,47.84379008342129,-5.222368599788751e-07,15.0,180.0
-155.97521555461714,34.191207239802644,47.13581460485903,4.108264874957968e-07,15.0,180.0
-156.00356356829974,34.765718100805074,46.68779753287424,4.108264874957968e-07,15.0,180.0
-156.0753696009078,34.8332109952125,46.50959854461987,9.191371646011248e-07,15.0,180.0
-156.17311563114504,34.57939693702935,46.2563186866829,8.007634733075975e-07,15.0,180.0
-156.24875700837515,34.300175468007986,45.90650295083408,-2.019314706558362e-07,15.0,180.0
-156.6746758539833,34.2481337071148,45.836367664726765,-1.183736912935274e-07,15.0,180.0
-157.40782923733838,34.34226746551511,46.27207376874349,-2.78525931207696e-08,15.0,180.0
-158.02615059706804,34.31259472788747,47.00696865193989,-3.627805881478707e-06,15.0,180.0
-158.4651762628939,34.23313088959161,47.813629189606615,4.247528977430193e-07,15.0,180.0
-158.67033329600403,34.26453086747807,48.47185673764857,4.247528977430193e-07,15.0,180.0
-158.60416836078895,34.35454027989053,48.79740058144539,-1.60152467287844e-07,15.0,180.0
-158.42845518899912,34.43643500853615,48.85255120398482,-2.994156602653675e-07,15.0,180.0
-158.22258307195978,34.55470370083303,48.7741761858208,-4.247526703693438e-07,15.0,180.0
-158.03485011268305,34.7269377050489,48.60927607472364,-3.760105755645782e-07,15.0,180.0
-158.01974394473547,34.86412141129426,48.26879650903857,1.7059742276615e-06,15.0,180.0
-158.27527436254746,34.863510706932104,47.82421143513895,-4.734947651741095e-07,15.0,180.0
-158.636415666522,34.75105428813339,47.69297520297801,-4.734947651741095e-07,15.0,180.0
-158.895277638902,34.58215587679605,48.01856333942954,-1.566710807310301e-06,15.0,180.0
-159.08061322793912,34.365777389945464,48.37937690540088,-1.260331828234484e-06,15.0,180.0
-159.30793631668956,34.22830951499505,48.38282026453371,-1.190700231745723e-06,15.0,180.0
-159.5543581647148,34.334647370300154,48.18591264067544,-6.823895546403946e-07,15.0,180.0
-159.77850453934394,34.609440114417325,48.18009453186342,-1.928794972627657e-06,15.0,180.0
-159.98764173146145,34.78042014441445,48.29225462316045,-3.899367584381253e-07,15.0,180.0
-160.2282237580052,34.72781009686021,48.33384770961024,8.425424766755896e-07,15.0,180.0
-160.63131816628305,34.60465576296387,48.38930008364865,8.425424766755896e-07,15.0,180.0
-161.07951743470298,34.58743714978874,48.44256896360535,-8.146896561811445e-07,15.0,180.0
-161.38862336462506,34.618857094010544,48.37552482307138,-6.266827767831273e-08,15.0,180.0
-161.48259669500544,34.636328640281455,48.28706636314314,-3.690472567541292e-07,15.0,180.0
-161.31459168281552,34.67770386640896,48.32484786215118,-6.823895546403946e-07,15.0,180.0
-161.08631188165842,34.711938355925504,48.29275058982436,-1.448337116016774e-06,15.0,180.0
-160.9627858683817,34.625775428193506,48.11491526432312,6.963318810448982e-09,15.0,180.0
-161.0075243456884,34.395663740250114,48.0318014556204,6.963318810448982e-09,15.0,180.0
-161.09725534380033,34.38075998119725,48.1915533706735,-5.779420462204143e-07,15.0,180.0
-160.98079221759716,34.76838921384123,48.512156397605736,4.87423221784411e-08,15.0,180.0
-160.72223523296702,35.11421842649299,48.92780294032645,-7.868368356866995e-07,15.0,180.0
-160.534282781059,35.234512081614014,49.4331838452895,-3.829736670013517e-07,15.0,180.0
-160.52467206804067,35.45242641276258,49.87924436926932,-1.970573975995649e-06,15.0,180.0
-160.67648643999735,35.80557473869591,50.187326434040585,-2.924525688285939e-07,15.0,180.0
-160.83626418365228,36.01926381882406,50.3412371108198,-1.323000105912797e-06,15.0,180.0
-160.90223292573313,36.04917940252191,50.25829788061122,-1.323000105912797e-06,15.0,180.0
-160.94645806468492,35.93432178653079,49.95925280696686,-5.849053650308633e-07,15.0,180.0
-160.9369173729738,35.7296403557654,49.67221455425607,1.148921455751406e-06,15.0,180.0
-160.9583515015019,35.66435581229952,49.62649380067733,1.309074150412926e-06,15.0,180.0
-161.23099414320802,35.75765628124534,49.74469515667179,-1.517968712505535e-06,15.0,180.0
-161.65406388180884,35.93267186236808,49.83862168000036,-6.963157375139417e-07,15.0,180.0
-161.9585688045353,36.21243209702307,50.17596038928244,1.28122132991848e-06,15.0,180.0
-161.90426232819482,36.45736692350475,50.84522127359951,1.28122132991848e-06,15.0,180.0
-161.59153728075728,36.57531265201016,51.25539055609233,-2.444068968543434e-06,15.0,180.0
-161.39006548390165,36.63444382675553,51.1712699272066,-3.203051619493635e-07,15.0,180.0
-161.33439125166854,36.70718063538192,50.868005484108224,-1.559747715873527e-06,15.0,180.0
-161.25982525975672,36.74508072575096,50.39492462162716,-7.938001544971485e-07,15.0,180.0
-161.274738891073,36.65543798882447,49.631437129788594,-2.075021484415629e-06,15.0,180.0
-161.54741232361533,36.56694121704472,48.758683617260665,-3.843663762381766e-06,15.0,180.0
-161.96651285469736,36.47597487131108,48.12501938475064,6.197212769620819e-07,15.0,180.0
-162.33357730290402,36.26662539285982,47.89918708199594,6.197212769620819e-07,15.0,180.0
-162.54670866519214,36.05548322981965,48.01094113239872,2.228211997135077e-07,15.0,180.0
-162.74308278747623,35.93857800307536,48.32220966448867,-2.20035826714593e-06,15.0,180.0
-163.05814455879892,35.848280164962894,48.79141716653423,-1.531894895379082e-06,15.0,180.0
-163.3540732829946,35.78074654812559,49.36743789374661,-1.559747715873527e-06,15.0,180.0
-163.61330276564183,35.877016300390295,49.98444053994179,-1.643305495235836e-06,15.0,180.0
-163.97749168750616,36.15204041445852,50.60617720868619,1.246405645360937e-06,15.0,180.0
-164.42568837523368,36.53693098745781,51.14593752022411,-1.1767738214985e-06,15.0,180.0
-164.88425779074043,36.9433129182592,51.55965939818249,-1.1767738214985e-06,15.0,180.0
-165.28056908312632,37.213670885147415,51.89241312668904,-2.854894773918204e-07,15.0,180.0
-165.47455924370968,37.45177094811592,52.13016442079465,-1.079289631888969e-06,15.0,180.0
-165.50943106242266,37.79885874723938,52.24928635604166,6.545371888933005e-07,15.0,180.0
-165.49378423484157,38.12196805941773,52.11232262073481,1.392641024722252e-08,15.0,180.0
-165.42922816074554,38.24496350557843,51.734226529966165,-1.880052877822891e-07,15.0,180.0
-165.27165680536473,38.08356148597729,51.41118672672695,1.67812163454073e-06,15.0,180.0
-164.9675430481934,37.697944078446255,51.01204952284037,1.67812163454073e-06,15.0,180.0
-164.63187909918398,37.105304319397696,50.44890212741314,-8.425422493019141e-07,15.0,180.0
-164.37643396562908,36.373248805737504,50.10108889777271,-9.67879032032215e-07,15.0,180.0
-164.17842763568544,35.942363188589695,50.03862792500017,8.773581612331327e-07,15.0,180.0
-164.10231358768752,36.0798834437545,50.08019846677193,1.504042529631988e-06,15.0,180.0
-164.21460907447772,36.3770001136826,50.18227484997886,3.27268708133488e-07,15.0,180.0
-164.3359666080998,36.48172903163831,50.129174720010894,-8.982474355434533e-07,15.0,180.0
-164.35920878464782,36.48102190022978,49.816873793581294,-2.242137270513922e-06,15.0,180.0
-164.37093171530785,36.42063334431196,49.67539743690175,-2.242137270513922e-06,15.0,180.0
-164.37504482822746,36.289363670933874,49.84642040632919,-1.225515916303266e-06,15.0,180.0
-164.2829796393055,36.0790421509166,50.044771067299365,-1.371742200717563e-06,15.0,180.0
-164.00661333572197,35.916113745098265,50.0898749831326,-4.943842668581055e-07,15.0,180.0
-163.74476047742536,36.0947599571317,50.091255420415855,-9.400264389114454e-07,15.0,180.0
-163.74858458868724,36.515807455445554,50.12855054887656,6.684633717668476e-07,15.0,180.0
-163.9089505716678,36.68436706405407,49.877590074910486,5.222370873525506e-07,15.0,180.0
-164.02042677410918,36.5689815962191,49.31615148764633,5.222370873525506e-07,15.0,180.0
-164.2291002130309,36.58317571642982,48.747182912765965,-2.214284677393152e-06,15.0,180.0
-164.83341305980662,36.735928227640194,48.320079242063336,-2.249100361950696e-06,15.0,180.0
-165.6522027832415,36.89485223741056,48.12213706935931,-1.30907392303925e-06,15.0,180.0
-166.2814412564211,37.09114069230341,48.11096653764959,3.27268708133488e-07,15.0,180.0
-166.66462056109265,37.19677791027378,48.23753491888925,-2.346584551560227e-06,15.0,180.0
-166.97501519188202,37.19682322539782,48.39029530868099,-2.297840637766058e-07,15.0,180.0
-167.3072201711582,37.218460722746855,48.409402455552446,3.063792064494919e-07,15.0,180.0
-167.68668935712824,37.37067141181907,48.42708492087483,3.063792064494919e-07,15.0,180.0
-168.0315602550146,37.75522220339848,48.60087889519545,-6.615000529563986e-07,15.0,180.0
-168.1036576877264,38.17136455148089,48.90034102836748,1.462265117879724e-07,15.0,180.0
-167.90208016878003,38.42152582725072,49.15490580910436,-3.690472567541292e-07,15.0,180.0
-167.68347984197976,38.58676463762404,49.342249575855575,1.211589733429719e-06,15.0,180.0
-167.62126632309136,38.82105020564615,49.56057589690276,3.133422978862654e-07,15.0,180.0
-167.67031088861384,39.03830755717304,49.80934561656067,-8.495053407386877e-07,15.0,180.0
-167.69480656506806,39.09980769644225,50.142003872549495,-5.640158633468673e-07,15.0,180.0
-167.7805079014376,39.22287427423803,50.416733385620326,-5.640158633468673e-07,15.0,180.0
-167.99892762949744,39.48843299331424,50.56225368592772,9.678792594058905e-07,15.0,180.0
-168.18028267955387,39.693843837692334,50.748878565095424,-4.66531673737336e-07,15.0,180.0
-168.2936059713245,39.72206068499814,50.845490840561766,-1.671158088356606e-06,15.0,180.0
-168.37232583143611,39.71316676059365,50.71188412470343,-7.659468792553525e-08,15.0,180.0
-168.19170293952328,39.73983425026611,50.515651689629664,-1.086252723325742e-06,15.0,180.0
-167.8063675675744,39.6949733307482,50.418059138687134,4.595685823005624e-07,15.0,180.0
-167.5150864934413,39.68325832964054,50.46298763417795,4.595685823005624e-07,15.0,180.0
-167.22883602603756,39.822881160973616,50.53043148573288,-2.061095074168406e-06,15.0,180.0
-166.94054064386918,40.13269757446359,50.5026425057366,4.177895789325703e-07,15.0,180.0
-166.92806819908716,40.51375756082786,50.35411127290477,2.646002030814998e-07,15.0,180.0
-167.1100101682615,40.596731747091184,50.0726042054176,-5.013473582948791e-07,15.0,180.0
-167.34303579098062,40.313249766140025,49.75978433059554,-1.587600308994297e-06,15.0,180.0
-167.6518897220494,39.886459826260285,49.56507171889154,-6.127579581516329e-07,15.0,180.0
-167.9161387677351,39.34935094628512,49.395147298724986,-2.102874077536399e-06,15.0,180.0
-168.1941472199316,38.7670662037567,49.057324616114414,-2.102874077536399e-06,15.0,180.0
-168.4946970178485,38.21036885820946,48.69846486130855,3.899369858118007e-07,15.0,180.0
-168.80842948239126,37.73986062009788,48.53968624103998,-2.088947667289176e-06,15.0,180.0
-169.1985704303609,37.40445342820349,48.618560982150406,-6.963159648876174e-08,15.0,180.0
-169.35914651703604,37.113890971990784,48.89475821877411,1.476189936511219e-06,15.0,180.0
-169.14433125139075,37.02687961790385,49.22051368003589,5.779422735940898e-07,15.0,180.0
-168.81856185781055,37.39393917174794,49.55490212628983,1.476189936511219e-06,15.0,180.0
-168.66560097532604,37.9715380428544,49.959710614109,1.476189936511219e-06,15.0,180.0
-168.7115867634942,38.41513950319375,50.12186075559815,-1.78256868821336e-06,15.0,180.0
-168.76841027109532,38.77410287032494,49.80564758155058,6.754264632036211e-07,15.0,180.0
-168.85272111711026,39.10706782143204,49.41463462325929,1.371742428091238e-06,15.0,180.0
-169.05519574306493,39.25360229915094,49.26843969560223,-1.448337116016774e-06,15.0,180.0
-169.22374691830828,39.31456510728216,49.25300971841823,-1.134994818130508e-06,15.0,180.0
-169.25375101297004,39.47639177924661,49.34385536739454,1.747753231029492e-06,15.0,180.0
-169.3321340744452,39.57409563158993,49.65450886941418,5.222370873525506e-07,15.0,180.0
-169.63028657147737,39.560985713136105,50.142409002995166,5.222370873525506e-07,15.0,180.0
-170.03615332946598,39.54470046536217,50.5791458316578,4.386790806165664e-07,15.0,180.0
-170.42812650986414,39.42374680865285,50.75660126786464,-3.690472567541292e-07,15.0,180.0
-170.84612103770797,39.14972643245069,50.69513575661144,3.119495431747055e-06,15.0,180.0
-171.2511489797126,38.87778342987116,50.64564125385832,2.792226950987242e-06,15.0,180.0
-171.61305699482506,38.821827644400585,50.78381321251498,-8.355789304914651e-07,15.0,180.0
-171.91767118104747,39.07239552292493,51.12601236419798,-1.04447371995775e-06,15.0,180.0
-172.09406976909432,39.391885261581706,51.530914400856105,-1.04447371995775e-06,15.0,180.0
-172.19076945065564,39.58019108779304,51.78711389597376,-1.295147512792028e-06,15.0,180.0
-172.35006117421818,39.538555520667934,51.97376095893832,-1.552784397063078e-06,15.0,180.0
-172.64920557821452,39.19595228682845,52.13751573684236,1.162847638624953e-06,15.0,180.0
-172.853587713645,38.77947741908451,52.16993542765309,-1.699010908851051e-06,15.0,180.0
-172.76992070356695,38.40691394289514,52.10210240180403,4.87423221784411e-08,15.0,180.0
-172.7156564193099,38.16736015328863,51.92951334024306,-1.692047590040602e-06,15.0,180.0
-172.93986966630575,38.21424363063127,51.48430729936406,-2.771337449303246e-06,15.0,180.0
-173.27151250644442,38.38356026701395,50.87668399183171,-2.771337449303246e-06,15.0,180.0
-173.49939850584332,38.47271452406253,50.45508862256451,-1.761679186529364e-06,15.0,180.0
-173.65647077071134,38.49509747607666,50.30661210585231,-3.481568455754314e-08,15.0,180.0
-173.89071309245497,38.55921191153263,50.291236463613885,8.355800673598426e-08,15.0,180.0
-174.0013565212281,38.67590450489365,50.33327917747814,-9.191369372274494e-07,15.0,180.0
-173.8667938710388,38.840942946620686,50.43922540070822,-1.59456340043107e-06,15.0,180.0
-173.83973473036917,39.27903945394501,50.49467328699262,-7.659473340027034e-07,15.0,180.0
-174.09016140115693,39.99543324221707,50.40557981494969,1.02358444564743e-06,15.0,180.0
-174.36783315748303,40.59308097876077,50.11424162059006,1.02358444564743e-06,15.0,180.0
-174.3844705966855,40.98125021159873,49.66986728254975,-8.00763245933922e-07,15.0,180.0
-174.20228982388377,41.25433058780601,49.28446643589226,-2.263026772197918e-06,15.0,180.0
-174.006011069944,41.29138790784744,49.17598263643672,-2.708668944251258e-06,15.0,180.0
-173.86684907268125,41.049532662849415,49.462951696594935,8.355800673598426e-08,15.0,180.0
-173.80062113381786,40.6945522447778,49.92181841353655,2.374437372054672e-06,15.0,180.0
-173.7082294996489,40.4648465624102,50.16810313295821,3.063790245505515e-06,15.0,180.0
-173.5795629760795,40.52740734690926,50.12690450195768,3.063790245505515e-06,15.0,180.0
-173.56377540513049,40.75784541207091,50.07627395551225,-1.322998741670744e-07,15.0,180.0
-173.6176500129849,40.84243406771947,50.191444856072906,1.079289859262644e-06,15.0,180.0
-173.6132814184765,40.77357073035723,50.30786624324854,-5.013473582948791e-07,15.0,180.0
-173.75296644480915,40.60201364534841,50.38841837316592,1.072326540452195e-06,15.0,180.0
-174.1108873299676,40.28412590466065,50.5960604786341,-2.506735654606018e-07,15.0,180.0
-174.4572540515186,39.944842926382826,50.90284539895852,-5.013473582948791e-07,15.0,180.0
-174.62217991663596,39.6560053917635,51.03617435949086,-2.088947667289176e-06,15.0,180.0
-174.702630575413,39.45633509530489,50.9351175777355,-2.088947667289176e-06,15.0,180.0
-174.83793653401224,39.34260770189466,50.79519758670688,1.329963652096922e-06,15.0,180.0
-174.89790864096616,39.226039601048775,50.55336953106071,3.070753336942289e-06,15.0,180.0
-174.90768402591408,39.01755075641716,50.11083629969001,-3.063789790758165e-07,15.0,180.0
-174.92803560931168,38.771563884118045,49.62864936308807,2.0889501683996066e-08,15.0,180.0
-174.92908949215234,38.72204844903399,49.34023975274362,4.734949925477849e-07,15.0,180.0
-174.99102123243188,38.990364480324345,49.32032021944696,-5.152737685421016e-07,15.0,180.0
-175.1186171058871,39.48291371294095,49.49241888600298,-5.152737685421016e-07,15.0,180.0
-175.24175670921875,40.06503936515358,49.77394973113988,-2.0889274310320626e-08,15.0,180.0
-175.2490841293877,40.69513676579475,49.94056720862135,-1.880052877822891e-07,15.0,180.0
-175.0888191803521,41.16582231448103,49.756325972981934,-4.874209480476566e-07,15.0,180.0
-174.804277918883,41.34784317953672,49.35730671115736,-4.177893515588949e-07,15.0,180.0
-174.5993529882199,41.44950433993015,49.03616558134196,-3.09164261125261e-06,15.0,180.0
-174.66554982992966,41.50293771367886,48.966081105859786,-1.33692651616002e-06,15.0,180.0
-174.88554867508276,41.46410369666546,49.0654350839074,1.072326540452195e-06,15.0,180.0
-175.1676793080345,41.50882062451588,49.14236416421444,1.072326540452195e-06,15.0,180.0
-175.4876046894189,41.77039393143079,49.13004921603618,-1.866126694949344e-06,15.0,180.0
-175.80438345188074,42.15444197890939,49.05451410177389,-2.381400463491445e-06,15.0,180.0
-176.13782497390946,42.51780955896991,49.16456763312544,-9.33063347474672e-07,15.0,180.0
-176.3973344603444,42.8298315496009,49.60040193604512,-2.088947894662851e-07,15.0,180.0
-176.55611555501025,43.05465465960193,50.20401996040779,1.162847638624953e-06,15.0,180.0
-176.72995172680663,43.086509546313,50.70701249149212,-1.350852926407242e-06,15.0,180.0
-176.75090767488578,42.91219791752079,50.88173825455097,7.450580596923828e-07,15.0,180.0
-176.51707116103046,42.69124512142076,50.87485984706965,7.450580596923828e-07,15.0,180.0
-176.3998793910183,42.49697916865155,51.04388724801579,1.114105543820187e-06,15.0,180.0
-176.4769236366801,42.29591480881445,51.48395549216552,-1.128031726693735e-06,15.0,180.0
-176.5499585269108,42.21938371908252,52.01195389265315,-5.361632702260977e-07,15.0,180.0
-176.63418363020162,42.34505872875963,52.47908860992522,-1.274258011108031e-06,15.0,180.0
-176.82736548859515,42.53163359816614,52.7558790516644,3.760108029382536e-07,15.0,180.0
-177.1261726251845,42.61592218058598,52.719101718581626,1.880055151559645e-07,15.0,180.0
-177.38509785241212,42.54918511407894,52.57039147467357,1.880055151559645e-07,15.0,180.0
-177.5462364369247,42.39985429108022,52.47461959529891,-1.323000105912797e-06,15.0,180.0
-177.62326184342515,42.13635368892467,52.24549197291472,9.121740731643512e-07,15.0,180.0
-177.6315064384253,41.77924326888996,51.88696298221261,1.114105543820187e-06,15.0,180.0
-177.66080549769248,41.596815339325474,51.6190978463734,5.570527719100937e-07,15.0,180.0
-177.75214506755736,41.64579336714336,51.492845599173904,7.102423751348397e-07,15.0,180.0
-177.8508675951888,41.850896035311386,51.42064011674914,-9.46989530348219e-07,15.0,180.0
-178.03542544167627,42.2977164814932,51.26942480612393,-2.290879365318688e-06,15.0,180.0
-178.33176836127964,42.8390284842293,50.94909029772086,-2.290879365318688e-06,15.0,180.0
-178.54280777365213,43.25563960620772,50.55616984078499,-1.086252723325742e-06,15.0,180.0
-178.61558978407825,43.522027399104296,50.17986462662716,9.748441698320677e-08,15.0,180.0
-178.574843005956,43.64843797406405,49.75825695614159,-2.095910986099625e-06,15.0,180.0
-178.3523197289717,43.63099194364268,49.45402052595372,5.15273995915777e-07,15.0,180.0
-178.0039936876631,43.45129321587802,49.44165140492871,1.949686065927381e-07,15.0,180.0
-177.7157041689508,43.18661376983866,49.49218249305887,-1.350852926407242e-06,15.0,180.0
-177.64874270790392,43.06097341185364,49.63761234531368,-1.350852926407242e-06,15.0,180.0
-177.84407709741856,43.21054655058797,50.021350260562976,-1.573673898747074e-06,15.0,180.0
-178.24685320674752,43.43766478375978,50.42886887947048,-5.013473582948791e-07,15.0,180.0
-178.7517909208985,43.66705399539712,50.74988033949167,-6.823895546403946e-07,15.0,180.0
-179.2129390901424,43.99935668921931,50.94175184097385,-8.564684321754612e-07,15.0,180.0
-179.63266715930828,44.1738132891474,50.948816014395895,1.190700459119398e-06,15.0,180.0
-179.9581953871805,44.02577653173009,50.77314843158832,1.28122132991848e-06,15.0,180.0
-179.97441845979807,43.88007291815524,50.55116761096868,1.7059742276615e-06,15.0,180.0
-179.74055980980188,43.970084171953616,50.56739067604993,1.7059742276615e-06,15.0,180.0
-179.54521619717252,44.12516090639711,50.901168793620286,1.650268814046285e-06,15.0,180.0
-179.50767008476882,44.18120338142523,51.28190702082806,-4.66531673737336e-07,15.0,180.0
-179.42695053901394,44.29004837862136,51.52012338565535,2.715632945182733e-07,15.0,180.0
-179.1893565787813,44.48662060010346,51.6156604453181,6.266843683988554e-07,15.0,180.0
-179.0625551562341,44.560043655927664,51.55396076626709,-3.063789790758165e-07,15.0,180.0
-179.25404138196208,44.65623405961984,51.5083076008136,3.063792064494919e-07,15.0,180.0
-179.63668365572426,44.92339273510589,51.60266200237368,3.063792064494919e-07,15.0,180.0
-179.878500449059,45.155180506617285,51.69499015899649,-2.367474053244223e-06,15.0,180.0
-179.93882752770185,45.34538879270494,51.77035871135872,-1.260331828234484e-06,15.0,180.0
-180.13551556046323,45.53707843113293,51.8630382211896,6.963159648876172e-07,15.0,180.0
-180.51492733483224,45.56973953640187,51.881713776242506,1.093216042136191e-06,15.0,180.0
-181.0093940866087,45.429782061329504,51.88037662919513,4.456423994270153e-07,15.0,180.0
-181.51187553045307,45.18805287584728,51.91098690457044,-1.476189709137543e-06,15.0,180.0
-181.77349758006903,44.87456899053894,51.723150066155085,5.013475856685545e-07,15.0,180.0
-181.91828501854403,44.63432578880011,51.349994398575134,5.013475856685545e-07,15.0,180.0
-182.09917731501872,44.619692408866,51.11151150976273,1.74079104908742e-07,15.0,180.0
-182.02454947256768,44.88355063185173,50.9593059628773,1.85916360351257e-06,15.0,180.0
-181.77419691422443,45.23184572476201,50.90459617616662,-8.982474355434533e-07,15.0,180.0
-181.66478557842285,45.37717137053607,50.96841851269473,-2.109837168973172e-06,15.0,180.0
-181.54843174806427,45.37831901727994,51.05643060819615,-1.037510628520977e-06,15.0,180.0
-181.36817441853813,45.41194114197621,51.12764345546632,9.052107543539024e-07,15.0,180.0
-181.2439005886784,45.515357223509255,51.03750686179392,-7.241685580083868e-07,15.0,180.0
-181.20942739417185,45.59031680346526,50.77796959832405,-7.241685580083868e-07,15.0,180.0
-181.3279517746225,45.51531763143271,50.42574043998398,3.711364115588367e-06,15.0,180.0
-181.555826868658,45.37780439857798,50.27734094278062,-1.232479007740039e-06,15.0,180.0
-181.74834632893183,45.17742327170157,50.54797851501173,-7.102421477611642e-07,15.0,180.0
-181.85904696924527,44.89728425413979,50.90943877453543,5.292001787893241e-07,15.0,180.0
-181.86372564611207,44.66522501922891,51.04265251633689,-1.483152800574317e-06,15.0,180.0
-181.7987404496276,44.4815093375442,50.98747621713731,-8.495053407386877e-07,15.0,180.0
-181.71374968502536,44.35126431239784,50.79022086441963,-8.495053407386877e-07,15.0,180.0
-181.5646794095518,44.34610998758225,50.48285811582752,-1.051437038768199e-06,15.0,180.0
-181.3926170312012,44.43822881380245,50.2899527607514,-9.818054422794376e-07,15.0,180.0
-181.32795435094988,44.497560697454674,50.192962232355335,-2.785263859550469e-07,15.0,180.0
-181.31834350526412,44.54350966736913,50.0047576558328,-1.20462641461927e-06,15.0,180.0
-181.25582912182367,44.60430443526136,49.86002639500683,-1.949684474311653e-06,15.0,180.0
-181.1900422009824,44.55687792854793,49.8723631329876,-1.880052877822891e-07,15.0,180.0
-181.19060861116435,44.59571946921811,49.94201552209397,-1.1767738214985e-06,15.0,180.0
-181.37454061317808,44.93419124409352,50.255097220415614,-1.1767738214985e-06,15.0,180.0
-181.663399935022,45.3524199828548,50.94586442184144,1.02358444564743e-06,15.0,180.0
-181.856871920369,45.60800692937994,51.7282997599274,-8.912843441066798e-07,15.0,180.0
-181.9996132528172,45.750251239732165,52.22376190235613,9.052109817275776e-08,15.0,180.0
-182.1616753728688,46.010534865947086,52.304759057595,8.773581612331327e-07,15.0,180.0
-182.3131574234453,46.39786564276156,52.18394764405629,-1.392618287354708e-08,15.0,180.0
-182.4434163385089,46.69978551683002,52.07908522780622,1.065363449015422e-06,15.0,180.0
-182.61092076853703,46.75632491688023,52.13313361016159,1.065363449015422e-06,15.0,180.0
-182.8982195246712,46.54572661016848,52.428674253088616,1.796495325834258e-06,15.0,180.0
-183.2165566724255,46.161880962674886,52.99623527798151,9.121740731643512e-07,15.0,180.0
-183.49044500476327,45.69138274660044,53.61366107682468,-6.893526460771682e-07,15.0,180.0
-183.78246486990227,45.120408636115805,53.98741993137065,-4.177893515588949e-07,15.0,180.0
-183.99401144765457,44.5064757630267,54.15588664365474,-8.146896561811445e-07,15.0,180.0
-184.1303585531396,44.024983256339226,54.11125832790324,-7.311316494451603e-07,15.0,180.0
-184.3724883669236,43.80356085420288,53.824231145211286,-1.065363221641746e-06,15.0,180.0
-184.6369962291461,43.96549472047738,53.59753551586423,-1.065363221641746e-06,15.0,180.0
-184.7408328556608,44.40789405651628,53.68904451913492,-2.792226723613567e-06,15.0,180.0
-184.70878042843017,44.96446847391069,53.90489556325559,-9.53952849158668e-07,15.0,180.0
-184.653726303336,45.61283961289622,53.86004174014173,-2.158579263777938e-06,15.0,180.0
-184.64544988410933,46.176907056606936,53.52508816051225,-1.490116119384766e-06,15.0,180.0
-184.5852481875196,46.410945563204,53.3251822553517,-9.261000286642228e-07,15.0,180.0
-184.2978375287784,46.19890692577448,53.469903098948734,-9.052087079908233e-08,15.0,180.0
-183.9414670221554,45.78716861811152,53.79614912820181,7.868370630603749e-07,15.0,180.0
-183.9627629572093,45.69733733374447,54.05725481192285,7.868370630603749e-07,15.0,180.0
-184.3982276371672,46.096420981585794,53.99997260766455,2.033242708421312e-06,15.0,180.0
-184.85754918543287,46.7016290496159,53.77181769402415,1.239442553924164e-06,15.0,180.0
-185.21759566092345,47.24075822933442,53.604916069907695,-1.058400130204973e-06,15.0,180.0
-185.63036992362785,47.60808266117905,53.45745719182886,-2.102874077536399e-06,15.0,180.0
-186.01887969828337,47.84350761565797,53.26411382524258,1.141958136940957e-06,15.0,180.0
-186.2425263330741,48.014368054575655,52.980382026848105,-1.392631702401559e-06,15.0,180.0
-186.3579341762092,48.05925135223327,52.93458370855456,-1.392631702401559e-06,15.0,180.0
-186.3802098733773,47.93458621426703,53.4280919538556,-1.114103724830784e-07,15.0,180.0
-186.30483645914657,47.650990918654045,54.00181246887682,-6.54536961519625e-07,15.0,180.0
-186.1479596047733,47.22341688395358,54.25565266182003,-8.355777936230879e-08,15.0,180.0
-186.06005538983027,46.75413978501284,54.444767917975305,2.646002030814998e-07,15.0,180.0
-186.1475802801741,46.45325794787023,54.741382663045975,-1.232479007740039e-06,15.0,180.0
-186.3207387058104,46.54783778541031,54.97205707609657,1.044473947331426e-06,15.0,180.0
-186.4779517541533,46.99924699421874,55.00761556522404,-3.592990196921164e-06,15.0,180.0
-186.56691253055388,47.42796107961298,54.9029028657276,-3.592990196921164e-06,15.0,180.0
-186.721907817956,47.543824041783296,54.72406922974727,-1.322998741670744e-07,15.0,180.0
-186.9514249826561,47.44272443455022,54.45338635006865,1.037510855894652e-06,15.0,180.0
-187.1491931785708,47.3005158495447,54.24209552076251,-1.253367827303009e-07,15.0,180.0
-187.3890304589684,47.20741122322767,54.14555865543417,1.601526719241519e-06,15.0,180.0
-187.59616792638457,47.1057813925835,53.97605926162986,-8.773579338594573e-07,15.0,180.0
-187.7739753023042,46.9982381575196,53.79314573553157,7.938003818708239e-07,15.0,180.0
-188.1265258071847,46.978453952278485,53.80778161119439,7.938003818708239e-07,15.0,180.0
-188.5597167289312,46.92485892630114,53.919810000102544,-1.65026858667261e-06,15.0,180.0
-188.83474745527224,46.8550580358393,53.96249010575951,-7.311316494451603e-07,15.0,180.0
-188.93108647158772,46.886864517510624,53.88939265114253,2.854897047654958e-07,15.0,180.0
-189.0138447304102,46.97517288809951,53.6169367839122,1.02358444564743e-06,15.0,180.0
-189.1448615355453,47.07037764098334,53.27059803997178,2.457995378790656e-06,15.0,180.0
-189.2583837328613,47.22541102722847,52.942924872773,2.994158876390429e-07,15.0,180.0
-189.4396275463193,47.41774267220966,52.65194361855175,-1.664194996919832e-06,15.0,180.0
-189.65836464668809,47.58784942706674,52.6230755485851,-1.664194996919832e-06,15.0,180.0
-189.83717206900587,47.66376965507237,52.87898631248077,1.880055151559645e-07,15.0,180.0
-190.1288173135788,47.57421787295792,53.089089973824805,1.114105998567538e-07,15.0,180.0
-190.3918346989452,47.38399274572584,53.14734042136831,9.121740731643512e-07,15.0,180.0
-190.4003401910529,47.239398437569406,53.314319708611386,-1.128031726693735e-06,15.0,180.0
-190.2592280194804,47.44410965767594,53.55599707798629,7.172054665716132e-07,15.0,180.0
-190.14992641244413,47.93977923145077,53.69307890177063,5.222370873525506e-07,15.0,180.0
-190.0227580176583,48.259412957452014,53.94312834739005,-3.551210738805821e-07,15.0,180.0
-189.8567519270806,48.32567124924377,54.25498661869109,-3.551210738805821e-07,15.0,180.0
-189.7899397099092,48.26991830425602,54.35454149652325,-3.969000772485742e-07,15.0,180.0
-189.73604198014863,47.98712373997983,54.45553106696755,1.392631929775234e-07,15.0,180.0
-189.66096054244235,47.430834858912434,54.61904284718528,-4.80457856610883e-07,15.0,180.0
-189.62008186785613,46.83257215512882,54.657819161598624,2.228211997135077e-07,15.0,180.0
-189.774047377104,46.625866639690784,54.677573780872144,6.545371888933005e-07,15.0,180.0
-190.19105754186828,46.9781568064199,54.83301571597304,-3.411946636333596e-07,15.0,180.0
-190.54818589065832,47.43590399826271,55.063349826186425,-3.411946636333596e-07,15.0,180.0
-190.64883013778848,47.67841642942873,55.289855151288535,-8.146896561811445e-07,15.0,180.0
-190.5556693516288,47.87510512627746,55.637119267062495,-4.526052634901134e-07,15.0,180.0
-190.43401723803208,47.997225271612834,56.11457443247101,-1.044472810463049e-07,15.0,180.0
-190.4462662425313,47.89646113575616,56.43920358218772,-1.065363221641746e-06,15.0,180.0
-190.67659338523444,47.69738795710543,56.54173751828878,-3.049863835258293e-06,15.0,180.0
-191.09870643980165,47.47391421375203,56.55967014311821,2.994158876390429e-07,15.0,180.0
-191.47133843476504,47.31784673073779,56.39277816844697,1.483153027947992e-06,15.0,180.0
-191.66022424471265,47.35833340799209,56.07496879885875,1.483153027947992e-06,15.0,180.0
-191.8690123175937,47.56099173574657,55.80316234344739,-1.02358444564743e-06,15.0,180.0
-192.1403424089042,47.92815044499369,55.60065852117197,-6.33647459835629e-07,15.0,180.0
-192.2684761995873,48.31574654555629,55.52319451579788,2.130726898030844e-06,15.0,180.0
-192.37949214872185,48.4900968013084,55.66456522600487,-2.64600043919927e-06,15.0,180.0
-192.6689918578589,48.60342046584965,55.88598168937719,-1.511005393695086e-06,15.0,180.0
-193.00422072189025,48.80177093431003,55.92939427641605,1.044475084199803e-07,15.0,180.0
-193.2671717103165,48.91382911655251,55.87528036564761,1.044475084199803e-07,15.0,180.0
-193.434355033513,48.92252921296904,55.92158702516512,1.782568915587035e-06,15.0,180.0
-193.4623897872497,48.993894162164885,55.86895577221944,1.538858441563207e-06,15.0,180.0
-193.37529850642684,49.20858436485078,55.40618334018181,-1.504042302258313e-06,15.0,180.0
-193.34841287789607,49.488547536506445,54.58811330663431,8.982476629171288e-07,15.0,180.0
-193.481602843032,49.60951919349938,53.7138484387518,-1.253368509424035e-06,15.0,180.0
-193.70749259021665,49.33119055307769,53.15320202137043,2.764374357866473e-06,15.0,180.0
-193.9781899086221,48.688725531320735,53.10388849898885,1.810421963455155e-07,15.0,180.0
-194.34194040512097,47.9657502416801,53.43321492951248,1.810421963455155e-07,15.0,180.0
-194.7035419284688,47.42757484403571,53.84294605827979,1.329963652096922e-06,15.0,180.0
-194.8147448709095,47.17479369517345,54.04294058873692,-1.490116119384766e-06,15.0,180.0
-194.7788624136955,47.10250166268413,54.07838501619444,3.342317995702615e-07,15.0,180.0
-194.7352542375376,47.20546449857633,54.20703204352384,9.191371646011248e-07,15.0,180.0
-194.6900409889909,47.44518048831024,54.39045575458607,7.032792836980661e-07,15.0,180.0
-194.81209890704932,47.61358756629947,54.49388552979878,8.28616066428367e-07,15.0,180.0
-195.07322740740204,47.73987156778558,54.52725227970785,8.28616066428367e-07,15.0,180.0
-195.3471597679812,48.001740245475,54.4934083533997,-1.114103724830784e-07,15.0,180.0
-195.5903542489401,48.36648132640981,54.51573300854555,4.317159891797928e-07,15.0,180.0
-195.73574924684576,48.597849367993945,54.595937504191056,1.74079104908742e-07,15.0,180.0
-195.7165574362148,48.59891956257314,54.61423764804702,1.88701619663334e-06,15.0,180.0
-195.5817564551748,48.62639381280079,54.67376548844655,-1.197663323182496e-06,15.0,180.0
-195.52139837595809,48.7766572428877,54.80540564242999,2.102874304910074e-06,15.0,180.0
-195.47835626657,48.81215935593085,54.84359163265121,1.54582153299998e-06,15.0,180.0
-195.3971996035922,48.71803031235053,54.766101159028274,1.54582153299998e-06,15.0,180.0
-195.4732407361164,48.64965439067963,54.793669619410736,1.232479235113715e-06,15.0,180.0
-195.71388470213947,48.70388771655479,54.92843985770463,9.469897577218944e-07,15.0,180.0
-196.0106738926553,48.83715580007653,55.10695966619575,5.570527719100937e-07,15.0,180.0
-196.2811332227152,48.911986881421726,55.397492200489765,1.02358444564743e-06,15.0,180.0
-196.34841404883147,48.82574608941009,55.701336299803614,-4.526052634901134e-07,15.0,180.0
-196.3410643555443,48.6428823549318,56.12482758323465,-1.740789684845367e-06,15.0,180.0
-196.5735801559092,48.703281363134586,56.58264344198338,-9.191369372274494e-07,15.0,180.0
-196.87532274439872,48.92318670343547,56.66188165380776,-9.191369372274494e-07,15.0,180.0
-197.07239849907083,48.92935037579011,56.49711434515439,-1.134994818130508e-06,15.0,180.0
-197.3164290222157,48.87697272867733,56.325613092114686,-3.411946636333596e-07,15.0,180.0
-197.5600119432937,48.98663674468992,55.97653895238119,1.002695171337109e-06,15.0,180.0
-197.7352788157379,49.23043113702966,55.49030547348054,9.748441698320677e-08,15.0,180.0
-197.9711310559984,49.50228821358851,55.173580983770265,-1.859163376138895e-06,15.0,180.0
-198.2803037997811,49.57673230633301,55.04454910654097,-1.803458189897356e-06,15.0,180.0
-198.4587956838521,49.47319041643984,55.08937809636836,-1.803458189897356e-06,15.0,180.0
-198.36067595724325,49.37646766249073,55.464534746719615,-6.127579581516329e-07,15.0,180.0
-198.1889325422754,49.146110471324505,56.05421722473891,1.392631929775234e-06,15.0,180.0
-198.1187083885821,48.73003214459895,56.61145966128717,-1.037510628520977e-06,15.0,180.0
-197.9890281324693,48.40371111206034,56.98786519461923,3.899369858118007e-07,15.0,180.0
-197.75509608096704,48.28869714709453,57.09317881871856,1.323000333286473e-06,15.0,180.0
-197.57544818222468,48.29356978524791,56.98804081371432,-2.576368842710508e-07,15.0,180.0
-197.49181872240547,48.40009751640043,56.78824702430092,-3.586027105484391e-06,15.0,180.0
-197.54538832411987,48.4882471325368,56.6509614623263,-3.586027105484391e-06,15.0,180.0
-197.8318635172332,48.45649086143276,56.68870952886099,1.893979515443789e-06,15.0,180.0
-198.4092728978273,48.4356483434141,56.77701584232935,1.134995045504184e-06,15.0,180.0
-199.2427057310896,48.4557731037814,56.72009789927451,-6.54536961519625e-07,15.0,180.0
-200.09893732654268,48.44918297285352,56.51122383767499,0.0007801523897796,15.0,180.0
-200.68587873397428,48.41678771876924,56.306570078362746,0.0132328439503908,15.0,180.0
-200.9999849327052,48.4791079306383,56.10994280976846,0.0528609976172447,15.0,180.0
-201.30552636588084,48.69490443539525,55.900479697741886,0.0528609976172447,15.0,180.0
-201.56029596267987,48.8837656409159,55.7324005965167,0.1212842911481857,15.0,180.0
-201.53357830674955,48.91347874920569,55.58769336433055,0.2089098244905472,15.0,180.0
-201.47549481725787,48.890406757777306,55.52707910920396,0.3031058013439178,15.0,180.0
-201.71443645243232,48.91557772009929,55.74706211898561,0.4001262187957764,15.0,180.0
-202.1401634950936,48.99301751409411,56.26871772536674,0.4984524548053741,15.0,180.0
-202.5288087527596,49.08108292679005,56.78703591837486,0.597700834274292,15.0,180.0
-202.8360523482324,49.21048773665172,57.04758302705801,0.6972711086273193,15.0,180.0
-203.1009838112332,49.416101677509786,57.02455462755855,0.6972711086273193,15.0,180.0
-203.2055932501617,49.56731416128655,56.94363708877367,0.7969167828559875,15.0,180.0
-203.07676589808443,49.68079798260237,57.05012868942968,0.8967885375022888,15.0,180.0
-202.8215056464224,49.76940902565632,57.30264757660278,0.99671471118927,15.0,180.0
-202.59512869066413,49.7416282526348,57.6999854931934,1.096662640571594,15.0,180.0
-202.56599758993883,49.72845262145263,58.2300587345408,1.196829080581665,15.0,180.0
-202.7389748264673,49.79104115358767,58.74137173528841,1.296745181083679,15.0,180.0
-203.0781382664726,49.73335868651852,59.360621784094015,1.396740317344666,15.0,180.0
-203.48278808832904,49.51019689033584,59.9962028181636,1.396740317344666,15.0,180.0
-203.7671073095576,49.37539718724919,60.32896826769826,1.496776938438416,15.0,180.0
-203.87568990099425,49.42873146148629,60.44210299287376,1.596599936485291,15.0,180.0
-203.8066559031456,49.62596248366276,60.34570316797309,1.696657061576843,15.0,180.0
-203.57072011815177,50.05957530155791,59.90140357051166,1.796568512916565,15.0,180.0
-203.29412683478628,50.621798227192485,59.21584286590597,1.896526336669922,15.0,180.0
-203.21100873641225,51.15670255221175,58.651416514864685,1.996673464775085,15.0,180.0
-203.39161804062,51.60744636950295,58.45540153423398,1.996673464775085,15.0,180.0
-203.88182090636008,51.796648831972,58.453864102166406,2.096606492996216,15.0,180.0
-204.66698053589212,51.77517948318463,58.44153834678625,2.196645975112915,15.0,180.0
-205.4667725807108,51.572651854857504,58.39030074111159,2.296619653701782,15.0,180.0
-206.10415047815212,51.07818437040841,58.34448000874353,2.396559715270996,15.0,180.0
-206.52823466630983,50.60978923667111,58.45079054881897,2.496593713760376,15.0,180.0
-206.64621516942776,50.45753838519892,58.74395407861471,2.596753120422363,15.0,180.0
-206.55844339737425,50.45446836707313,59.04834644143094,2.696645736694336,15.0,180.0
-206.65003437527565,50.46901627246305,59.26585153601994,2.696645736694336,15.0,180.0
-207.0389445297949,50.62601859908514,59.46782210023791,2.796695470809937,15.0,180.0
-207.2823027987857,50.972994409152825,59.82588371308467,2.896634817123413,15.0,180.0
-207.1567738725381,51.24048652207251,60.34914112032866,2.996514558792114,15.0,180.0
-206.95178666248063,51.29360617499211,60.73231477285333,3.096575021743774,15.0,180.0
-206.928334549542,51.36288189298634,60.706911755252,3.196515560150146,15.0,180.0
-207.09065669182343,51.53786225204198,60.39610609044573,3.296633720397949,15.0,180.0
-207.29870520265752,51.71503282019896,60.19984100068161,3.296633720397949,15.0,180.0
-207.43736125762416,51.78090150198712,60.12217678528318,3.396713972091675,15.0,180.0
-207.4659397346434,51.71259436180186,59.84809100534821,3.496596336364746,15.0,180.0
-207.444643026046,51.63666171378921,59.52654789202364,3.596604585647583,15.0,180.0
-207.45914804092305,51.526090398249394,59.4290290414535,3.696495056152344,15.0,180.0
-207.64961620749185,51.31980510851256,59.39124587095061,3.79643702507019,15.0,180.0
-207.90907819046168,51.120218540402405,59.28038166891579,3.89656138420105,15.0,180.0
-207.98468742651025,50.99984953417528,59.18540775876838,3.996549844741821,15.0,180.0
-208.0531648710685,51.018820913286575,59.19688269740452,3.996549844741821,15.0,180.0
-208.19879069824688,51.24110736408836,59.21237508958912,4.096575260162354,15.0,180.0
-208.23856485819053,51.578019382226366,59.07891646394105,4.196763038635254,15.0,180.0
-208.11117159572103,51.870929168648345,58.93406688038552,4.296760559082031,15.0,180.0
-207.8504258739161,52.028056919319184,58.99061352709767,4.396628856658936,15.0,180.0
-207.6294248185057,52.005030804291735,59.27792762055053,4.496520042419434,15.0,180.0
-207.47243896977704,51.94300875106182,59.644926006042894,4.596450805664062,15.0,180.0
-207.3795847827552,51.90790536918042,60.02493608104178,4.596450805664062,15.0,180.0
-207.56110128122103,51.8155549608536,60.30165497720898,4.696586132049561,15.0,180.0
-207.85760898342025,51.7695293653796,60.29742218986674,4.796709060668945,15.0,180.0
-207.96848929889063,51.87805838234549,60.21364961662312,4.89660120010376,15.0,180.0
-208.03269765429772,52.05104900506221,60.24371354161868,4.996639728546143,15.0,180.0
-208.2455431468891,52.17433868758732,60.2614270965443,5.096672534942627,15.0,180.0
-208.48115057128533,52.322263286191706,60.266660650385454,5.196506500244141,15.0,180.0
-208.6769996138373,52.42903344028559,60.28347444174241,5.296548366546631,15.0,180.0
-208.93966034571864,52.31265702336887,60.20976322769697,5.296548366546631,15.0,180.0
-209.2092344584727,52.09456159199167,60.16345062961916,5.396599769592285,15.0,180.0
-209.5385074336676,51.84516298064005,60.16335340389875,5.49646520614624,15.0,180.0
-209.9047478867128,51.47892594051032,60.02922452902121,5.596700191497803,15.0,180.0
-209.973150517119,51.255010808312974,59.9492403708013,5.696614265441895,15.0,180.0
-209.92883776661463,51.31450515028675,60.1934124010316,5.796557903289795,15.0,180.0
-210.08810925527024,51.29741849262352,60.60607849992908,5.896675109863281,15.0,180.0
-210.26828262533755,51.202700825295615,60.97216046741126,5.996630668640137,15.0,180.0
-210.4720675373096,51.276097008588174,61.30103961635341,5.996630668640137,15.0,180.0
-210.7248719827083,51.4136150335488,61.49647618527913,6.096562385559082,15.0,180.0
-210.9143973525648,51.49734467421952,61.42329574149572,6.19662618637085,15.0,180.0
-211.15617574466927,51.71968726601951,61.09746754756844,6.296542644500732,15.0,180.0
-211.4079877310021,52.11385566377637,60.63678767724264,6.396725177764893,15.0,180.0
-211.57764486713123,52.384070871257656,60.32368408396793,6.496800422668457,15.0,180.0
-211.73777334845656,52.44612142068034,60.27720501345468,6.596750736236572,15.0,180.0
-211.909057708739,52.28646135217531,60.36316889240663,6.596750736236572,15.0,180.0
-212.1234390572588,52.042327739393045,60.486197162283965,6.696650505065918,15.0,180.0
-212.3152960614057,51.94428087769651,60.63102400956858,6.7965407371521,15.0,180.0
-212.40649689886823,51.972777193287705,60.73363915774753,6.896649837493896,15.0,180.0
-212.46148773821372,52.16176148888592,60.80215128845171,6.99666690826416,15.0,180.0
-212.52063877915256,52.41875199843939,61.09585065652673,7.096500396728516,15.0,180.0
-212.52283149046852,52.3831044606177,61.667546438449214,7.196671962738037,15.0,180.0
-212.49281892870468,52.03132891860013,62.114255884083136,7.296769618988037,15.0,180.0
-212.5539071145172,51.76639000748912,62.17315916621256,7.296769618988037,15.0,180.0
-212.70612359811432,51.76573036175749,62.10251528174575,7.396627426147461,15.0,180.0
-212.8262202217456,51.85656691006398,62.22389541679145,7.496550559997559,15.0,180.0
-212.8895103577882,51.89570021981807,62.41987321482382,7.596570491790771,15.0,180.0
-213.02849220402643,51.80600226003954,62.37681991602925,7.696593761444092,15.0,180.0
-213.30175877945945,51.62975184493688,62.08801492330295,7.796598434448242,15.0,180.0
-213.5165683272276,51.58382494121826,61.7001867110576,7.896624088287354,15.0,180.0
-213.50478678517467,51.66396056950333,61.27367237577316,7.896624088287354,15.0,180.0
-213.42168241995392,51.6647020231242,60.83942890636532,7.996497631072998,15.0,180.0
-213.476390120393,51.53554072306726,60.47854552596245,8.09630298614502,15.0,180.0
-213.66780729161107,51.243412660214936,60.22856605435423,8.196639060974121,15.0,180.0
-213.88633695414924,50.81010617128527,59.95995682512479,8.29654598236084,15.0,180.0
-214.11673061552608,50.49779674193892,59.77046252971891,8.396546363830566,15.0,180.0
-214.2532129239396,50.35676812630216,59.791253682021605,8.496546745300293,15.0,180.0
-214.12955758325904,50.28140988025114,59.8691266545731,8.59658432006836,15.0,180.0
-213.8180743745391,50.49865431287891,59.83115485398153,8.59658432006836,15.0,180.0
-213.4026355945012,51.10195837833104,59.772814710880176,8.696772575378418,15.0,180.0
-212.76305386466453,51.65331008374374,59.91483151432733,8.796558380126953,15.0,180.0
-211.8888970066744,51.71963133431808,60.19255528175216,8.896212577819824,15.0,180.0
-211.08214487117127,51.36893657907068,60.50407754171167,8.996419906616211,15.0,180.0
-210.5598513453413,50.902184369138205,60.699955432779255,9.096582412719728,15.0,180.0
-210.36399123072576,50.5067633968175,60.644533433982005,9.196901321411133,15.0,180.0
-210.38606371795345,50.27538775037513,60.48236394013068,9.296802520751951,15.0,180.0
-210.4376353081492,50.21544573934012,60.270829465519206,9.296802520751951,15.0,180.0
-210.44523333221304,50.35159923742224,60.06231950790665,9.39663314819336,15.0,180.0
-210.19848709976736,50.68752873432524,60.11322182457648,9.496665954589844,15.0,180.0
-209.63447827188543,51.08407926901424,60.29864931588812,9.59658908843994,15.0,180.0
-209.13695949693368,51.48967910504584,60.25262859456082,9.696599006652832,15.0,180.0
-208.8111426475772,51.85365601600221,60.12056817034023,9.796456336975098,15.0,180.0
-208.4739370141773,52.029458840551605,60.1410398307465,9.896333694458008,15.0,180.0
-208.1753153810912,51.95340321680288,60.03324547816311,9.896333694458008,15.0,180.0
-207.92834647563737,51.70954799824066,59.60529247671472,9.996520042419434,15.0,180.0
-207.78181081927988,51.4159461063288,59.04040726894917,10.09673976898193,15.0,180.0
-207.6621526543272,51.05321060563627,58.58438447590568,10.19668102264404,15.0,180.0
-207.3966193533623,50.717195647622766,58.39212646459141,10.29664134979248,15.0,180.0
-207.16437186817865,50.516622191335216,58.21223642762001,10.39664363861084,15.0,180.0
-207.0358351258837,50.32940511919149,57.820013420455126,10.49659061431885,15.0,180.0
-206.7557198669311,50.1366475596911,57.453139244004056,10.59663867950439,15.0,180.0
-206.17562517498288,50.05129177690911,57.40276419086527,10.59663867950439,15.0,180.0
-205.57519386547685,50.05450104225346,57.58452064973844,10.6967134475708,15.0,180.0
-205.221780370933,50.21783971730926,57.886506023205655,10.79644012451172,15.0,180.0
-205.13258812956707,50.63919136372216,58.18346267707943,10.89663505554199,15.0,180.0
-205.3208546658548,50.994284371013634,58.17136620756417,10.99670028686523,15.0,180.0
-205.56292153309488,51.023451161225616,57.9988222914596,11.09668922424316,15.0,180.0
-205.58957592094583,50.88230567943408,57.84917044118309,11.19675922393799,15.0,180.0
-205.425580262236,50.75001738245321,57.60248086829256,11.19675922393799,15.0,180.0
-205.1782751061998,50.52144389893101,57.33273299072619,11.29656410217285,15.0,180.0
-204.8039524276641,50.02060858786341,57.13703011913441,11.39656448364258,15.0,180.0
-204.19511730110645,49.50241307123775,56.99260939479943,11.49665641784668,15.0,180.0
-203.46502630773205,49.24036663530405,56.88186443601864,11.59654998779297,15.0,180.0
-202.84706807383893,49.20786078275755,56.7905700542853,11.69657897949219,15.0,180.0
-202.3516214949888,49.27919484413505,56.655520754894354,11.79670715332031,15.0,180.0
-201.8893275879569,49.32894081604413,56.46001179432355,11.89673614501953,15.0,180.0
-201.5778275050979,49.31096480862732,56.51225411269228,11.89673614501953,15.0,180.0
-201.4786182818421,49.16210630921151,56.83986317567001,11.99663066864014,15.0,180.0
-201.41991617732424,48.86710746920013,57.14171639087161,12.09667110443115,15.0,180.0
-201.3358250935788,48.45707463317891,57.572423989269325,12.19679737091064,15.0,180.0
-201.2596920285957,47.971873271650566,58.146793152294016,12.29669380187988,15.0,180.0
-201.1033901638235,47.60674388553211,58.58853953068146,12.39659976959229,15.0,180.0
-200.8928830117081,47.50790955193094,58.83716329771475,12.496337890625,15.0,180.0
-200.7708424580934,47.48175738688656,59.01638502943879,12.496337890625,15.0,180.0
-200.69528667598323,47.4642164259848,59.14105799623079,12.59641361236572,15.0,180.0
-200.54738668552784,47.54485339211451,59.1186658307804,12.69679927825928,15.0,180.0
-200.29263667776647,47.751824621299335,58.96916586545652,12.79672241210938,15.0,180.0
-199.9875601254,48.13619858953665,58.75061079505315,12.8967456817627,15.0,180.0
-199.64281332198263,48.42061527293578,58.69232026047182,12.99666500091553,15.0,180.0
-199.3261142671885,48.388921348920725,58.78512336151692,13.09668922424316,15.0,180.0
-199.2098127424428,48.21067913001717,58.70404321489279,13.19667625427246,15.0,180.0
-199.2317790733832,47.90825102779405,58.43758113559322,13.19667625427246,15.0,180.0
-199.12988109758265,47.450723350499466,58.108312189037534,13.29652976989746,15.0,180.0
-198.69055893392604,47.005424961066446,57.832463545027935,13.39641189575195,15.0,180.0
-198.0022975169375,46.73072037600284,57.60431633744769,13.49628353118896,15.0,180.0
-197.4238072742741,46.649382384574665,57.24470193260294,13.59671115875244,15.0,180.0
-197.2127773119306,46.61014667134338,56.84128002543613,13.69697284698486,15.0,180.0
-197.2564819169315,46.45579698855319,56.52820564448401,13.79665946960449,15.0,180.0
-197.1826391857919,46.25176273635506,56.39780233965948,13.89661693572998,15.0,180.0
-196.85151468819217,46.1399350668887,56.3570901691576,13.89661693572998,15.0,180.0
-196.3927586613977,46.24093465592205,56.06748305458852,13.99639225006104,15.0,180.0
-195.88236007237512,46.533863807186506,55.62362787376221,14.09660243988037,15.0,180.0
-195.3401235704246,46.76253036733304,55.35923956590644,14.19676876068115,15.0,180.0
-194.76222288474185,46.96981339847365,55.37147956978388,14.29629516601562,15.0,180.0
-194.19211314855505,47.35939077526916,55.55621663250203,14.39605617523193,15.0,180.0
-193.7758399432127,47.74589273566636,55.72484470899785,14.49643993377686,15.0,180.0
-193.5425009197486,47.90288567345627,55.890827904299975,14.49643993377686,15.0,180.0
-193.3969945055501,47.87615901565898,56.22013092322135,14.5970287322998,15.0,180.0
-193.23265564963404,47.73370658012687,56.56414601302615,14.69687080383301,15.0,180.0
-192.8288315416212,47.45035751511553,56.67388033460566,14.7965202331543,15.0,180.0
-192.1749369584386,47.06820512696939,56.582266119156905,14.89626598358154,15.0,180.0
-191.571241309268,46.80270567709104,56.4292363153164,14.99651336669922,15.0,180.0
-191.11931839549487,46.77921176073996,56.19573529716226,15.09685802459717,15.0,180.0
-190.75265950686293,46.76042015039276,55.85457888757522,15.19653224945068,15.0,180.0
-190.34200692341776,46.6520859054345,55.5714219143382,15.19653224945068,15.0,180.0
-189.7128767336248,46.57500272374767,55.44136261937339,15.29635429382324,15.0,180.0
-188.93352791783624,46.42902418651996,55.39667756711552,15.39638996124268,15.0,180.0
-188.1894347489449,46.18852849780575,55.454628588017655,15.49675369262695,15.0,180.0
-187.55753878737352,45.96094755065465,55.69373979492247,15.59696483612061,15.0,180.0
-187.02419281826187,45.68185146188453,55.9816161594892,15.69671726226807,15.0,180.0
-186.4226723345048,45.36308764213712,56.11437497982635,15.79644012451172,15.0,180.0
-185.83396678370147,45.12453177516633,56.050723245398615,15.79644012451172,15.0,180.0
-185.59494620428632,44.90061255786709,55.958721013214486,15.8965015411377,15.0,180.0
-185.6499055450656,44.54573967049998,55.9526282753156,15.99664211273193,15.0,180.0
-185.7486563511939,44.07425912088136,55.90071768102115,16.09682655334473,15.0,180.0
-185.8694581523928,43.76375419063872,55.66662768333589,16.19657135009766,15.0,180.0
-186.04367396468697,43.74506190967477,55.29932126681891,16.2965259552002,15.0,180.0
-186.04318441043856,43.78120107398295,54.987095990660514,16.39678764343262,15.0,180.0
-185.69350466667515,43.84441682940124,54.77100798692025,16.49675178527832,15.0,180.0
-185.20249506933385,44.00134231052727,54.44715759851792,16.49675178527832,15.0,180.0
-184.70260540211584,44.1447109164639,53.826228735397066,16.5968132019043,15.0,180.0
-184.20311787677204,44.27791760591775,52.99449877626577,16.69679641723633,15.0,180.0
-183.71330837215905,44.39313603742489,52.24614769348904,16.79655647277832,15.0,180.0
-183.13134216306693,44.39923137046786,51.73096798896351,16.89657020568848,15.0,180.0
-182.5497539551884,44.28572304941446,51.46946904916351,16.99679183959961,15.0,180.0
-182.11199723194272,44.09117171887158,51.380408890729214,17.0967845916748,15.0,180.0
-181.8130153659557,43.76447146466256,51.11982084125263,17.19668197631836,15.0,180.0
-181.62095700099047,43.3532198083304,50.4537472220097,17.19668197631836,15.0,180.0
-181.37211013876296,43.11037152670475,49.74392000423646,17.29667854309082,15.0,180.0
-181.08032819955432,43.17344058518782,49.37311007882306,17.39661598205566,15.0,180.0
-180.9282415508436,43.45614112115185,49.12167082785771,17.49662208557129,15.0,180.0
-180.7662160280632,43.69061403218566,48.83290686020126,17.59654998779297,15.0,180.0
-180.453754795812,43.67542420948416,48.600982448795385,17.69651794433594,15.0,180.0
-180.1203381307227,43.54044100430888,48.52578082673625,17.79656028747559,15.0,180.0
-179.80161862425072,43.44418516242993,48.72297586403987,17.79656028747559,15.0,180.0
-179.3717182534591,43.46758797614784,49.15745092547535,17.89658355712891,15.0,180.0
-178.7342442714325,43.67307907413825,49.61429429954285,17.99657440185547,15.0,180.0
-178.04683452945767,44.029398006087376,49.93176442790131,18.09673690795898,15.0,180.0
-177.4416754345136,44.39825664760042,50.188689338077474,18.19672584533691,15.0,180.0
-176.94716213450783,44.52039497613927,50.43231579892942,18.2965202331543,15.0,180.0
-176.63335787471598,44.43759765783858,50.63214618633515,18.39652633666992,15.0,180.0
-176.48664829536918,44.40523846538751,50.5495453613991,18.49648094177246,15.0,180.0
-176.5305938724233,44.4087591776114,50.197485990224266,18.49648094177246,15.0,180.0
-176.65515335357065,44.31498306315215,49.96917451462489,18.59660911560059,15.0,180.0
-176.57503156870175,44.07258016090829,49.81193830640123,18.69671821594238,15.0,180.0
-176.1574019899711,43.79856036544865,49.70572242463905,18.79647445678711,15.0,180.0
-175.51036762468354,43.647476046071525,49.76292172930108,18.89653778076172,15.0,180.0
-174.88182185006974,43.50107250320357,49.83229695454104,18.99659729003906,15.0,180.0
-174.36869633325418,43.2415559394225,49.73836037616038,19.09664154052734,15.0,180.0
-173.8758080447372,43.09620590824872,49.49285283587975,19.09664154052734,15.0,180.0
-173.30997029465527,43.13065054995031,49.2704640672782,19.1967658996582,15.0,180.0
-172.56041104949685,43.1740007374731,49.01903024074173,19.29665374755859,15.0,180.0
-171.79316637334492,43.20903581511832,48.70890986645938,19.39656066894531,15.0,180.0
-171.33541210570024,43.248242010950136,48.431849282623325,19.49647521972656,15.0,180.0
-171.12788501424058,43.28414431722919,48.10467100109503,19.59663009643555,15.0,180.0
-171.02447004294643,43.19688388334938,47.66459524953831,19.69673347473145,15.0,180.0
-170.950619307331,42.85417189019672,47.164764015929656,19.79664611816406,15.0,180.0
-170.68194115213976,42.4849966816707,46.728672529214485,19.79664611816406,15.0,180.0
-170.21880561869088,42.30548190521183,46.46076760218504,19.89648628234863,15.0,180.0
-169.8373089717797,42.17400374887226,46.55883381567748,19.99659729003906,15.0,180.0
-169.52635879231863,41.89265880795055,47.10476482414303,20.09686660766602,15.0,180.0
-169.10878073245254,41.52342790589776,47.6144766750142,20.19675445556641,15.0,180.0
-168.62068514926048,41.26201535552633,47.72753920463038,20.29678153991699,15.0,180.0
-168.13177063402716,41.11127809294364,47.57824949063243,20.39650917053223,15.0,180.0
-167.63012696790852,41.1055932623274,47.32536563708919,20.39650917053223,15.0,180.0
-167.13307401316047,41.42891071485745,47.04079714931948,20.49642372131348,15.0,180.0
-166.80094799124603,41.99278158185089,46.71685591535936,20.59665679931641,15.0,180.0
-166.7190040671117,42.43253226117935,46.44372606669461,20.69639015197754,15.0,180.0
-166.75323160796802,42.564486121566006,46.21484909598957,20.79566383361816,15.0,180.0
-166.75073539987395,42.39035977198824,45.875335460423614,20.89614868164062,15.0,180.0
-166.63635833651583,42.003220900513966,45.46283654200742,20.99687767028809,15.0,180.0
-166.46621560941227,41.54594555228613,45.18587769719241,21.09722137451172,15.0,180.0
-166.16853189250867,41.24854219513547,45.19024906065295,21.09722137451172,15.0,180.0
-165.65862914828335,41.245089549745465,45.36999762234491,21.19692039489746,15.0,180.0
-165.09520944402692,41.3682696203256,45.5095250070696,21.29623603820801,15.0,180.0
-164.58060932762527,41.50426453187836,45.54194710256167,21.39626312255859,15.0,180.0
-164.1100063906259,41.56345529537896,45.49142269088307,21.49680137634277,15.0,180.0
-163.7135291452833,41.46883878202084,45.39919874589609,21.59669303894043,15.0,180.0
-163.39818254480534,41.30104461886195,45.37869668612519,21.69583511352539,15.0,180.0
-162.93466040772026,41.11294225941205,45.525094832383424,21.7965259552002,15.0,180.0
-162.23145539557288,40.96552834804304,45.69575345917029,21.7965259552002,15.0,180.0
-161.5191552417311,40.92389186927129,45.54675898088813,21.89704704284668,15.0,180.0
-160.87460796414587,40.88043963704246,45.05844435957175,21.99726867675781,15.0,180.0
-160.28978350820464,40.70701412979542,44.66072390315624,22.09680557250977,15.0,180.0
-159.76263307123534,40.466050318621264,44.63985400931504,22.19625854492188,15.0,180.0
-159.25614094535428,40.40668584494076,44.60709901511331,22.29646110534668,15.0,180.0
-158.9186716547146,40.5824654386545,44.24890422456413,22.39679336547852,15.0,180.0
-158.8544799598165,40.74470033702373,43.83001400082925,22.39679336547852,15.0,180.0
-158.91014391694807,40.6636965700744,43.37986916013516,22.49682998657227,15.0,180.0
-158.90354505929298,40.36022970606449,42.84835714896498,22.59634399414062,15.0,180.0
-158.76847153112655,40.14838147081649,42.38085841607023,22.69632911682129,15.0,180.0
-158.56831254694964,40.107011310347744,42.154660816900105,22.79674339294434,15.0,180.0
-158.2885561955755,39.88399956772325,42.21859135066413,22.89696884155273,15.0,180.0
-157.89643877323704,39.49849343991196,42.42154891647519,22.99674224853516,15.0,180.0
-157.51079345829106,39.27917878882569,42.855612494773126,23.09676170349121,15.0,180.0
-157.26125138793108,39.16916473529016,43.45790861239977,23.09676170349121,15.0,180.0
-157.0161209541955,39.07164449170747,43.9024171617036,23.19677734375,15.0,180.0
-156.54226118266527,39.03620349420408,43.97451453025486,23.2966251373291,15.0,180.0
-156.00357652281073,39.03719352160748,43.49840500194427,23.39676284790039,15.0,180.0
-155.61850771712068,38.86929220178981,42.77773888148749,23.49661254882812,15.0,180.0
-155.23899200398904,38.42217699859456,42.269740843759706,23.59661865234375,15.0,180.0
-154.71748706178036,37.96732480475372,41.84194310998398,23.69666862487793,15.0,180.0
-154.0677924882278,37.66338288815741,41.36995408319993,23.69666862487793,15.0,180.0
-153.46644140033277,37.36336473460523,40.954087721517496,23.79663276672363,15.0,180.0
-153.0846170425394,37.137110288793245,40.49659796659223,23.89662933349609,15.0,180.0
-152.96027165081176,37.18920576035349,39.895531314954304,23.99665260314941,15.0,180.0
-153.04524149635267,37.41108316758958,39.23815514671912,24.09657859802246,15.0,180.0
-153.04506258433778,37.6552650066594,38.86068453613549,24.19658470153809,15.0,180.0
-152.81197398528332,37.82998682436869,38.949303561298215,24.2966136932373,15.0,180.0
-152.3402039506042,37.84920246990255,39.151521902402976,24.39651870727539,15.0,180.0
-151.5769575435816,37.784328189690726,39.024439725587314,24.39651870727539,15.0,180.0
-150.6768216832554,37.73139415110893,38.652141203229526,24.49658393859863,15.0,180.0
-149.8823960062499,37.7366977662393,38.450464498923175,24.59650611877441,15.0,180.0
-149.36287128464616,37.68433961905717,38.623270275049904,24.69662284851074,15.0,180.0
-149.15215272005534,37.38129844906853,39.10660709462815,24.79680252075195,15.0,180.0
-149.21339144504927,36.98103424444955,39.63865362237983,24.89657592773438,15.0,180.0
-149.32068288243275,36.79270734981716,39.96249018752765,24.99656677246094,15.0,180.0
-149.20180111019036,36.69358759338345,40.00390101527765,25.09658432006836,15.0,180.0
-148.94362996843185,36.54701335409896,39.78749995816632,25.09658432006836,15.0,180.0
-148.7208246247706,36.52218426613607,39.41374882378283,25.19658088684082,15.0,180.0
-148.5154990009435,36.53319921141579,38.96723309554738,25.29668998718262,15.0,180.0
-148.27075010125722,36.44428859263355,38.52519111341456,25.39675521850586,15.0,180.0
-148.03770175058216,36.33622345274912,38.08891171278808,25.49660682678223,15.0,180.0
-147.76676565896557,36.19361893866959,37.63479144103836,25.59653663635254,15.0,180.0
-147.37393930352883,35.97977373262438,37.39205394254237,25.69647979736328,15.0,180.0
-146.98697142354888,35.70426735502232,37.43298285156593,25.69647979736328,15.0,180.0
-146.6323097919379,35.31443279544298,37.52742905807312,25.79649353027344,15.0,180.0
-146.20721185848018,34.88102275893571,37.527021028398295,25.89670372009277,15.0,180.0
-145.6730934897665,34.51622153205999,37.60483962792589,25.99659156799316,15.0,180.0
-144.98034048330194,34.20416570596456,37.96730766731957,26.09659767150879,15.0,180.0
-144.10404762536473,33.93175527886553,38.51851428193583,26.19675827026367,15.0,180.0
-143.25540158968607,33.77136260161106,39.02878878237003,26.296630859375,15.0,180.0
-142.62796935161245,33.8372028886442,39.23885978368734,26.39654541015625,15.0,180.0
-142.14220993199942,34.10332787170454,39.16473817485056,26.39654541015625,15.0,180.0
-141.67171899932882,34.35772124342781,38.94655006811941,26.49659156799316,15.0,180.0
-141.15270829918103,34.44828767095058,38.65895769904327,26.59655380249023,15.0,180.0
-140.7201697627113,34.3922878704477,38.44600583267547,26.69672203063965,15.0,180.0
-140.52796424916008,34.202380396146104,38.30647427787687,26.79663848876953,15.0,180.0
-140.4893294608091,34.022855003051724,38.32292706166922,26.89669799804688,15.0,180.0
-140.492210851571,33.988854201439395,38.49179270814966,26.9968090057373,15.0,180.0
-140.45926074208978,33.931891018198904,38.59568624342524,26.9968090057373,15.0,180.0
-140.3705953369208,33.75245247038801,38.56344296869376,27.09659767150879,15.0,180.0
-140.22104805507053,33.58311759193425,38.2846976073891,27.19645309448242,15.0,180.0
-139.82612543112762,33.404694204107486,37.7006100419206,27.29647064208984,15.0,180.0
-139.15989397589283,33.21743603226165,36.9761773157045,27.39642906188965,15.0,180.0
-138.36255073045328,33.19384977321548,36.2876989230773,27.49682426452637,15.0,180.0
-137.52029518090524,33.288672501261544,35.81509038921981,27.59683036804199,15.0,180.0
-136.79624644316976,33.5093142242874,35.479925729569665,27.69672012329102,15.0,180.0
-136.27373912023626,33.91660503984746,35.14123815432008,27.69672012329102,15.0,180.0
-135.9036138654155,34.36610765717725,34.988723087462624,27.79656028747559,15.0,180.0
-135.68259831091686,34.6641590547124,35.02713095299207,27.89657974243164,15.0,180.0
-135.5714937625422,34.76478293490181,35.153136936474894,27.99663352966309,15.0,180.0
-135.39955383502348,34.8821861140403,35.37409448622368,28.09636116027832,15.0,180.0
-135.11208861208576,35.079477068707,35.579604601374605,28.19614791870117,15.0,180.0
-134.87698981264762,35.221555877730154,35.73409239578462,28.29650497436523,15.0,180.0
-134.74517002194509,35.287425251854394,36.00053775563252,28.3968677520752,15.0,180.0
-134.61495474994078,35.28658982511623,36.24763774104557,28.3968677520752,15.0,180.0
-134.51720767417183,35.18617016594401,36.34212960432599,28.496826171875,15.0,180.0
-134.46566134041169,35.09092514097385,36.31359833300746,28.5965518951416,15.0,180.0
-134.3666330311145,35.09084832050766,36.026433347189155,28.69637107849121,15.0,180.0
-134.10124724566992,34.99523581877576,35.67542582036616,28.79648971557617,15.0,180.0
-133.5134490428674,34.720874041589546,35.576238152894206,28.89676475524902,15.0,180.0
-132.67946049440678,34.2709171712466,35.713425651281135,28.99650192260742,15.0,180.0
-131.96639375033698,33.52640398617496,35.942587788340546,28.99650192260742,15.0,180.0
-131.46832828508806,32.677328819004984,36.001271270214865,29.0959644317627,15.0,180.0
-131.02598290982743,32.096657252738915,35.635287221844315,29.19626617431641,15.0,180.0
-130.69955555379516,31.91704324667248,35.08235177137796,29.29697036743164,15.0,180.0
-130.39793248941368,31.985639084564355,34.68863882410542,29.39702796936035,15.0,180.0
-129.92042820685245,32.08294805744907,34.510805533628776,29.49683952331543,15.0,180.0
-129.3745230395376,32.0942148874802,34.49995037563425,29.59640884399414,15.0,180.0
-128.86076721431928,32.018225337166086,34.4457551146699,29.69650268554688,15.0,180.0
-128.4625490051318,31.946812911788665,34.26084047079514,29.69650268554688,15.0,180.0
-128.32580123429494,31.89078108541604,34.099273203022285,29.79687690734863,15.0,180.0
-128.4088951929182,31.89303239684235,34.06653843550564,29.89682579040527,15.0,180.0
-128.498813948121,32.0125236365619,34.15378545809539,29.99622535705566,15.0,180.0
-128.2813418524376,32.116316677313364,34.236935282850894,30.09634017944336,15.0,180.0
-127.686241805983,32.05969692607485,34.11509639718997,30.19686508178711,15.0,180.0
-127.12462333032188,31.86510431284114,33.66855307511781,30.29703903198242,15.0,180.0
-126.9090853228906,31.70402515269554,33.02493901322694,30.29703903198242,15.0,180.0
-126.77596531174471,31.75131696534404,32.521180103953654,30.39685249328613,15.0,180.0
-126.4087665664606,31.96857521353338,32.253660270392004,30.49677085876465,15.0,180.0
-126.06829742392384,32.30396939498539,32.037013216924585,30.59666633605957,15.0,180.0
-125.96710223973663,32.83979815252172,31.79284845489571,30.6967830657959,15.0,180.0
-125.88347598718306,33.43156587523729,31.541846937370348,30.79662322998047,15.0,180.0
-125.74004921875697,33.78508136646016,31.329455743683,30.8964729309082,15.0,180.0
-125.4839469015599,33.88259119868159,31.28139789628324,30.9964542388916,15.0,180.0
-124.98978799410756,33.868949754963815,31.48903169481055,30.9964542388916,15.0,180.0
-124.41371830060646,33.84469235434933,31.636609148808308,31.09652709960938,15.0,180.0
-123.82210908032908,33.75140111792598,31.555099996419425,31.19680595397949,15.0,180.0
-123.15750795126512,33.37090718587687,31.66349199700189,31.29668617248535,15.0,180.0
-122.5282233381618,32.69543094401148,31.91610549107628,31.39652061462402,15.0,180.0
-122.04609350784526,31.91151952755666,31.950768751672232,31.49660873413086,15.0,180.0
-121.74609495697383,31.192231471791622,31.892596634241965,31.59647560119629,15.0,180.0
-121.56949849327182,30.72731886795755,31.90826207522701,31.59647560119629,15.0,180.0
-121.34776198782612,30.6710629885608,31.917239516358045,31.69664192199707,15.0,180.0
-120.88738994841351,31.00504975283937,31.73646663098028,31.79662132263184,15.0,180.0
-120.25598554281602,31.4242732559244,31.392911878780527,31.89657592773438,15.0,180.0
-119.60572968249674,31.693427052696805,31.17722103315772,31.99669647216797,15.0,180.0
-118.98501759669884,31.88799833935493,31.06189846909543,32.09659576416016,15.0,180.0
-118.59797460810394,32.04538953303893,30.851316164238387,32.19664001464844,15.0,180.0
-118.5602178876154,31.97262014270401,30.69672282078022,32.29674911499023,15.0,180.0
-118.66606438436428,31.52479155389177,30.52583273950632,32.29674911499023,15.0,180.0
-118.7548373166006,30.9418736592907,30.061000581645537,32.39651107788086,15.0,180.0
-118.63355189994418,30.48076305315224,29.325960377372606,32.4964599609375,15.0,180.0
-118.22042277978508,30.14326326574232,28.495437401115275,32.59661102294922,15.0,180.0
-117.8116239125432,29.923263395460737,27.861839446412816,32.69671630859375,15.0,180.0
-117.45928558277144,29.765380291555047,27.355470200771595,32.79672241210938,15.0,180.0
-117.02767815383152,29.589930397385828,26.79213738406865,32.89653778076172,15.0,180.0
-116.56657231558236,29.417305564730786,26.363851507415248,32.99652099609375,15.0,180.0
-116.16347632970312,29.308916713473707,26.17437930168214,32.99652099609375,15.0,180.0
-115.83023479738168,29.281717316397945,26.24970703240899,33.09663009643555,15.0,180.0
-115.52459395759048,29.29972748261174,26.56612441790291,33.19670486450195,15.0,180.0
-115.20705373451813,29.20929339583845,26.99690666348955,33.29668807983398,15.0,180.0
-114.71465971730484,28.917116948049205,27.426854088414064,33.39675521850586,15.0,180.0
-113.91772420504252,28.635483878442543,27.86799384612416,33.49666976928711,15.0,180.0
-113.09379572207376,28.50643771204471,28.28254754919658,33.59661483764648,15.0,180.0
-112.56859921634305,28.56517549059041,28.57912181448373,33.59661483764648,15.0,180.0
-112.22942350265002,28.70285514416283,28.679883323824168,33.69672012329102,15.0,180.0
-112.01284231607336,28.67599136215167,28.43631979123207,33.79656219482422,15.0,180.0
-112.04091488793588,28.53006286478267,28.148999894311206,33.8965950012207,15.0,180.0
-112.14459310999318,28.33927704840685,28.215927259027943,33.99665069580078,15.0,180.0
-111.96890089432694,28.18349635758509,28.25598417044493,34.09654235839844,15.0,180.0
-111.38529940142794,28.30907261479988,27.88533629854327,34.19667816162109,15.0,180.0
-110.67224916454384,28.78701222873263,27.3407820659492,34.29673004150391,15.0,180.0
-110.05438790333226,29.357169149726406,26.99435859522478,34.29673004150391,15.0,180.0
-109.53165865185537,29.677019790959527,26.98343864047804,34.39653015136719,15.0,180.0
-109.13393990126109,29.663985768232383,26.944483205594345,34.49662780761719,15.0,180.0
-108.83238963505822,29.49729254582468,26.612973809974484,34.59653854370117,15.0,180.0
-108.57727889328854,29.330478569920555,26.255084377124305,34.69645690917969,15.0,180.0
-108.40501720429506,29.194837473081687,26.10885849992004,34.79671096801758,15.0,180.0
-108.28904252695914,29.09424243900096,26.00079523203769,34.89670181274414,15.0,180.0
-108.13714293970666,29.04627850201753,25.58299007454572,34.89670181274414,15.0,180.0
-107.955310876825,28.951605161016005,24.78186231596192,34.99664688110352,15.0,180.0
-107.75667854487386,28.68579379147685,23.94351714472684,35.09656143188477,15.0,180.0
-107.63414014508533,28.382158490326454,23.4103006813898,35.19646453857422,15.0,180.0
-107.63730823062758,28.16000670879616,23.14790312468144,35.29661560058594,15.0,180.0
-107.5839932111441,27.983888129469204,23.04746217105535,35.39659118652344,15.0,180.0
-107.36776619577776,27.894284999766,23.067367506497245,35.4965705871582,15.0,180.0
-106.9574127936766,27.828356434765755,23.10174723598632,35.59650802612305,15.0,180.0
-106.31230226591651,27.735827097588192,23.122573838261246,35.59650802612305,15.0,180.0
-105.46995953577913,27.73688462401863,23.380546616228163,35.69649887084961,15.0,180.0
-104.53966370839692,27.808364902062618,23.844708506144418,35.7966194152832,15.0,180.0
-103.74656996995893,27.85271434785757,24.04654305209061,35.8966064453125,15.0,180.0
-103.25070451982862,27.718709464889944,24.07673843029752,35.99647903442383,15.0,180.0
-102.84989889293476,27.400102388005504,24.263305393251983,36.09648132324219,15.0,180.0
-102.31844102611048,27.11647435427528,24.491671828018976,36.19653701782227,15.0,180.0
-101.8401138844077,26.795549273177823,24.753328559551512,36.29668426513672,15.0,180.0
-101.68551527458536,26.38165422222866,25.068580560267737,36.29668426513672,15.0,180.0
-101.83701895069376,26.043999822608093,25.233958583641623,36.39670944213867,15.0,180.0
-102.13468605322018,25.81688163406548,25.030874639491405,36.49631118774414,15.0,180.0
-102.2524987366314,25.66425097152773,24.509143744111604,36.59628677368164,15.0,180.0
-101.95831752603188,25.41496745734752,23.941079869179664,36.69681167602539,15.0,180.0
-101.5080763512292,25.020548893309112,23.44153739139436,36.79695892333984,15.0,180.0
-101.06046369082766,24.764176686983504,23.10681031862791,36.89670944213867,15.0,180.0
-100.3568047042714,24.81053507082301,22.947951399987502,36.89670944213867,15.0,180.0
-99.3774019036497,25.0492646275254,22.86642312979736,36.99666595458984,15.0,180.0
-98.56617495704754,25.2875428896144,22.771479729970064,37.09648513793945,15.0,180.0
-97.98674439974386,25.271382950450903,22.469162626227945,37.19670104980469,15.0,180.0
-97.5096383163262,25.047069217949808,21.92284217186074,37.29674911499023,15.0,180.0
-97.2906842858592,25.118605894919284,21.27498778660524,37.39623641967773,15.0,180.0
-97.2876361778657,25.49018026466376,20.86153384533328,37.49641418457031,15.0,180.0
-97.24572893577933,25.65639946381616,20.9401905463043,37.59670257568359,15.0,180.0
-97.120148503198,25.39672026810068,21.18169491262905,37.59670257568359,15.0,180.0
-97.07151305756136,24.865250533572056,21.19680850165252,37.69686889648438,15.0,180.0
-97.04409534690215,24.36183826094562,21.031803938713512,37.79691314697266,15.0,180.0
-96.87224322612454,24.128041708144128,20.86756788755196,37.89667892456055,15.0,180.0
-96.43682860524817,24.15759277088005,20.80866844654556,37.99664306640625,15.0,180.0
-95.77546049115628,24.16520871688192,20.817508482637788,38.09666442871094,15.0,180.0
-95.08627736169254,24.17913718337955,20.88877959096222,38.19671249389648,15.0,180.0
-94.4423635369401,24.44215020317205,21.048926825328984,38.19671249389648,15.0,180.0
-93.8907875953924,24.79434181725661,21.07871593561816,38.29664993286133,15.0,180.0
-93.3758652130714,24.952381510196147,20.87308067330348,38.3965950012207,15.0,180.0
-92.7437298640833,24.82724938703903,20.6087735531986,38.49668884277344,15.0,180.0
-92.04256629155542,24.53563076666896,20.35477138660094,38.59660720825195,15.0,180.0
-91.34413159903916,24.19778803847324,20.053766977630964,38.69668197631836,15.0,180.0
-90.66950754491076,23.77653496809964,19.745562835478253,38.79665374755859,15.0,180.0
-90.03196819277439,23.31793745019677,19.571084693816143,38.89662933349609,15.0,180.0
-89.49943113374985,22.986514907652825,19.63381024516218,38.89662933349609,15.0,180.0
-89.1809351868247,22.766081241123405,19.806494662533304,38.99675750732422,15.0,180.0
-88.9829996155843,22.62107967248267,20.07483001080061,39.09649658203125,15.0,180.0
-88.72242333036961,22.7068914846262,20.586929623667583,39.19641494750977,15.0,180.0
-88.46430207650175,23.049384598531,21.26084571562194,39.29652404785156,15.0,180.0
-88.4471089259898,23.44566762335785,21.92908757350474,39.39651489257812,15.0,180.0
-88.55672734092836,23.68808173607541,22.372659786336712,39.49652099609375,15.0,180.0
-88.56958009000243,23.75715554096456,22.579079212979792,39.49652099609375,15.0,180.0
-88.54768764921268,23.62611847617436,22.84297043747668,39.59649658203125,15.0,180.0
-88.52917366116596,23.278572273902306,23.00640310543231,39.69662475585938,15.0,180.0
-88.38951308817327,22.941102363591902,22.72306642331781,39.79672241210938,15.0,180.0
-88.01231359487397,22.89223144396956,22.085402140143213,39.89664077758789,15.0,180.0
-87.46091701386278,23.14419951138478,21.25197228833789,39.99665069580078,15.0,180.0
-86.98478644668839,23.444198079022573,20.51437492282813,40.09667587280273,15.0,180.0
-86.67798529501184,23.676666468626536,20.12293872345319,40.19669342041016,15.0,180.0
-86.31550986657597,23.80071215221996,20.006401928226527,40.19669342041016,15.0,180.0
-85.81950205036755,23.825616480824507,19.9429718408785,40.29665756225586,15.0,180.0
-85.35325296209692,23.83214138637208,19.71620564449556,40.39666366577148,15.0,180.0
-85.11358891097613,23.715851758387867,19.3223577969748,40.49664688110352,15.0,180.0
-85.20812227753306,23.49233314593843,18.94453883789637,40.59664535522461,15.0,180.0
-85.47257939780957,23.166352759576373,18.767470657960367,40.69662475585938,15.0,180.0
-85.59683219071356,22.63048593262094,18.6650863782294,40.79658126831055,15.0,180.0
-85.5010438288149,22.112628467606257,18.51884502647241,40.89654159545898,15.0,180.0
-85.31743301736896,21.78137380221312,18.511341488228688,40.89654159545898,15.0,180.0
-85.0573015561954,21.41670848512492,18.66091041503125,40.99656677246094,15.0,180.0
-84.63254484945416,20.907284330543565,18.72162068910969,41.09651184082031,15.0,180.0
-84.03010576550282,20.534568283477928,18.56589435478747,41.19660186767578,15.0,180.0
-83.48381043931539,20.461396216861367,18.298960282720632,41.29664611816406,15.0,180.0
-83.12108515076778,20.45301495873576,18.065756264949577,41.3965950012207,15.0,180.0
-82.7109841954156,20.362682688254896,17.98915300934,41.49665069580078,15.0,180.0
-82.11961798827318,20.279839252013712,18.13141658786573,41.49665069580078,15.0,180.0
-81.44943399422867,20.28448902732842,18.32224197718326,41.59673309326172,15.0,180.0
-80.91713647801363,20.40434095222485,18.39621622943884,41.69678497314453,15.0,180.0
-80.55978950958468,20.658344241879604,18.40531134490064,41.79673385620117,15.0,180.0
-80.23855441468575,21.10952622782897,18.39495263672353,41.89662933349609,15.0,180.0
-79.87932594778356,21.57597013963496,18.17942698405969,41.99667739868164,15.0,180.0
-79.47544548043169,21.683769613741777,17.55232880974513,42.09665298461914,15.0,180.0
-79.14814225203578,21.6034187499248,16.87687320351234,42.19664001464844,15.0,180.0
-79.02634691217634,21.720699079547465,16.43500401145763,42.19664001464844,15.0,180.0
-78.99487102729272,22.023711981204087,16.04840634268142,42.29673767089844,15.0,180.0
-78.86612993591191,22.40724174225741,15.824433681924084,42.3966064453125,15.0,180.0
-78.69734702349803,22.77418589039407,15.88683355739931,42.49654006958008,15.0,180.0
-78.52131722503425,22.9544658690003,16.108126243010386,42.59656143188477,15.0,180.0
-78.25804504691958,23.023996420051464,16.47870405698381,42.69648742675781,15.0,180.0
-77.93075779483489,23.12900259377747,16.92761751452285,42.79658889770508,15.0,180.0
-77.50528087367387,23.01186357446944,17.239030400113244,42.79658889770508,15.0,180.0
-76.9171481998357,22.535148913898183,17.412409636897248,42.89662170410156,15.0,180.0
-76.18732709170706,21.89184035263437,17.305981433469086,42.99656677246094,15.0,180.0
-75.26136576867461,21.197003020049653,16.800680643747338,43.0966682434082,15.0,180.0
-74.23816782145823,20.57068606999652,16.24648930253175,43.19656753540039,15.0,180.0
-73.41052157145374,20.150027883906105,15.81021034325773,43.29653930664062,15.0,180.0
-72.80572272300674,19.8891904171348,15.39043284026518,43.39664840698242,15.0,180.0
-72.29018119832972,19.66677699720733,15.040187199328424,43.49658584594727,15.0,180.0
-71.74947403461286,19.45692921327568,14.895901808894838,43.49658584594727,15.0,180.0
-71.13792037423673,19.347090426049352,14.98745115417941,43.59664916992188,15.0,180.0
-70.50453170968738,19.434783356685625,15.21570464223386,43.69669723510742,15.0,180.0
-69.9266560552924,19.5216954077565,15.444385144448376,43.79655838012695,15.0,180.0
-69.49740655305466,19.47054288480982,15.664572592548703,43.89651870727539,15.0,180.0
-69.1720837152393,19.354194988466,15.866486610128948,43.99644470214844,15.0,180.0
-68.9368206051424,19.11671692178652,15.885718825104204,44.0965576171875,15.0,180.0
-68.7868138036902,18.84273638333549,15.615827034839816,44.1966552734375,15.0,180.0
-68.57305768361148,18.613195532041587,15.07399293575044,44.1966552734375,15.0,180.0
-68.31325336040736,18.24869161273924,14.504608981581796,44.29656982421875,15.0,180.0
-68.061183039892,17.72936058695476,14.17474941302178,44.39653015136719,15.0,180.0
-67.7287954291921,17.376211982132688,14.09553766880022,44.49659729003906,15.0,180.0
-67.3930755488798,17.323299066450218,14.099658808328211,44.59663772583008,15.0,180.0
-67.21213865593371,17.409010904546236,14.0536606674903,44.69659423828125,15.0,180.0
-66.99301482535255,17.506081099619777,14.048205936770245,44.79656219482422,15.0,180.0
-66.5694228209004,17.51894043124845,14.07618759843544,44.79656219482422,15.0,180.0
-66.23316224663144,17.435192786848134,14.108403018452254,44.89657974243164,15.0,180.0
-66.04037147916749,17.405848643372824,14.167000042315616,44.99662780761719,15.0,180.0
-65.66440696763414,17.546658053707336,14.225855948963376,45.09668350219727,15.0,180.0
-65.0351448601146,17.684961026495106,14.41165196350783,45.1966438293457,15.0,180.0
-64.32172480703588,17.810807249816897,14.736547703820444,45.29662704467773,15.0,180.0
-63.626217757769325,18.05558186873776,14.844771505352028,45.39664840698242,15.0,180.0
-62.99391835561853,18.24690921860929,14.435090801153612,45.49655151367188,15.0,180.0
-62.5554156449528,18.369986621333386,13.790636239857106,45.49655151367188,15.0,180.0
-62.366608740537295,18.55590629554653,13.1708616378505,45.5966911315918,15.0,180.0
-62.3761481061881,18.71801298728888,12.37936157421124,45.6966438293457,15.0,180.0
-62.40752604119637,18.685762142673592,11.431583690463436,45.79655075073242,15.0,180.0
-62.14382507190262,18.35049005807133,10.709167975695362,45.89663314819336,15.0,180.0
-61.64068237476252,17.685013188733183,10.489157803210135,45.99658966064453,15.0,180.0
-61.24532380967631,16.95478122368405,10.4881275962215,46.09667587280273,15.0,180.0
-61.05864579975592,16.490007857292817,10.317411858778314,46.09667587280273,15.0,180.0
-60.958120999992055,16.270808831025118,10.131430981517427,46.19669723510742,15.0,180.0
-60.87063544972546,16.16964734444076,10.057599919365448,46.29654312133789,15.0,180.0
-60.744745372535306,16.11162637171486,9.852685966137862,46.39658737182617,15.0,180.0
-60.52511906243302,16.18916167701016,9.463944845023477,46.49655914306641,15.0,180.0
-60.0731132413376,16.38610845539408,9.303901651373687,46.59661102294922,15.0,180.0
-59.28775010653944,16.494649935611942,9.62989457580671,46.69664764404297,15.0,180.0
-58.53860162790424,16.583242951994837,10.060751903356383,46.79645538330078,15.0,180.0
-58.2192472506136,16.636845236710112,10.27680050951752,46.79645538330078,15.0,180.0
-58.22421528026409,16.545213197250984,10.34412187867451,46.89651870727539,15.0,180.0
-58.22608621441774,16.45846106041417,10.211943844445567,46.99664306640625,15.0,180.0
-57.98878234228578,16.394780333515378,9.860302454022005,47.09668731689453,15.0,180.0
-57.506729970509056,16.354313868574042,9.501737542066312,47.19670486450195,15.0,180.0
-57.02466832444031,16.451580862380098,9.34808831462009,47.29665756225586,15.0,180.0
-56.81787738512556,16.611275981110325,9.377218287639458,47.3966178894043,15.0,180.0
-56.710664111242096,16.75419915842477,9.330783217543155,47.3966178894043,15.0,180.0
-56.32346783273043,16.870752935393508,9.171989118034803,47.49654769897461,15.0,180.0
-55.747567731777096,16.958862099628497,9.056418617037512,47.59664535522461,15.0,180.0
-55.29965124886368,16.99320811630539,8.991228981266918,47.69659042358398,15.0,180.0
-55.1055881801483,16.97360328468464,8.886800986813162,47.79650115966797,15.0,180.0
-55.0927518776701,17.06756781156434,8.878728727003272,47.89656829833984,15.0,180.0
-55.12529207779753,17.260546084193443,9.061392819868768,47.99666213989258,15.0,180.0
-55.18395974468666,17.283140942548876,9.140987155915932,48.09685134887695,15.0,180.0
-55.33360981869505,17.001551855893407,9.118873273995636,48.09685134887695,15.0,180.0
-55.5769593413628,16.54667929385334,9.240790484408713,48.19664001464844,15.0,180.0
-55.76319252459286,16.133800850561578,9.51236327247858,48.29648971557617,15.0,180.0
-55.644051346215306,15.778715767796486,9.648741260516609,48.39660263061523,15.0,180.0
-55.27659069958271,15.44193414803,9.325975861749642,48.49662399291992,15.0,180.0
-54.79466662078679,15.238589136563542,8.683090272842403,48.59677124023438,15.0,180.0
-54.08631444717796,15.164854315785238,8.15785279869581,48.69673919677734,15.0,180.0
-53.27135970540222,14.914220198533618,7.868866011822231,48.79666519165039,15.0,180.0
-52.62183190593883,14.345673724528066,7.6020624749318895,48.79666519165039,15.0,180.0
-52.18197738382895,13.82596944633281,7.349318161413806,48.89666366577148,15.0,180.0
-51.88476071611181,13.614743504066292,7.333096918606341,48.99666976928711,15.0,180.0
-51.73862854378335,13.717541590629992,7.57053811973786,49.09659957885742,15.0,180.0
-51.787619638365335,14.059530495642363,7.7733306062466685,49.19662094116211,15.0,180.0
-51.94265324457941,14.457581495030444,7.751521824242495,49.29656982421875,15.0,180.0
-51.90124870180847,14.825884119538207,7.54714555045344,49.39643478393555,15.0,180.0
-51.36147539487983,14.953399434573411,7.056506733299104,49.39643478393555,15.0,180.0
-50.42948137271147,14.716844935310828,6.2488977232268015,49.49665832519531,15.0,180.0
-49.47741537118218,14.414568048876973,5.519992046513879,49.5968017578125,15.0,180.0
-48.64112451791845,14.328099991768651,5.120616170920084,49.69670104980469,15.0,180.0
-47.803296284707095,14.373682862304776,5.029260068619682,49.7967529296875,15.0,180.0
-46.90756335206518,14.205863746227704,5.153616961117503,49.89664840698242,15.0,180.0
-46.054674376121376,13.72248908124184,5.270348542164699,49.99657440185547,15.0,180.0
-45.38024251829575,13.247927310284185,5.282664172320988,50.09661865234375,15.0,180.0
-44.77304262166095,12.954650593836718,5.185097496772812,50.09661865234375,15.0,180.0
-44.00639212237138,12.758400823971416,5.062955248225692,50.19659042358398,15.0,180.0
-43.40790309783076,12.574514782658992,5.126382656892751,50.29655838012695,15.0,180.0
-43.44435798645169,12.339943555055775,5.451453945801986,50.39661407470703,15.0,180.0
-44.035426340182696,12.159676544938227,5.9114524578013805,50.49660873413086,15.0,180.0
-44.85112765725518,12.19510287696801,6.291411100801303,50.59654235839844,15.0,180.0
-45.512822876319696,12.415463781321597,6.546535559476967,50.69649887084961,15.0,180.0
-45.87078281386339,12.543823911384436,6.695833120454348,50.69649887084961,15.0,180.0
-45.9687193574034,12.355080545676142,6.671247748793565,50.79651260375977,15.0,180.0
-45.75281556883661,11.969013870685089,6.590896996282344,50.89662551879883,15.0,180.0
-45.39223282110778,11.709583496502082,6.643664398424209,50.99660873413086,15.0,180.0
-44.99060518135174,11.801475508561214,6.624437475162372,51.09661865234375,15.0,180.0
-44.37240988925736,12.087195636225877,6.295379017085418,51.19657897949219,15.0,180.0
-43.60509655860309,12.255638765592412,5.896680065149627,51.29648971557617,15.0,180.0
-42.82255081753936,12.30980494962327,5.636044365421854,51.39664459228516,15.0,180.0
-42.02470070286122,12.516174726500566,5.480459896158703,51.39664459228516,15.0,180.0
-41.26084732787298,12.830639060359818,5.458433078356787,51.49666976928711,15.0,180.0
-40.695748884586855,12.92460788952509,5.408227499456945,51.59656143188477,15.0,180.0
-40.40215460954103,12.915784212676586,4.910628256522896,51.69661712646484,15.0,180.0
-40.22554450913404,13.033727926973135,4.03604165000785,51.79663848876953,15.0,180.0
-40.17596574545466,13.164288082201017,3.3006675073081704,51.89662551879883,15.0,180.0
-40.18459547509151,13.32699316460453,2.954642666805558,51.99668884277344,15.0,180.0
-39.984761463479046,13.564980476380274,2.956336296387782,52.0965576171875,15.0,180.0
-39.747105373916106,13.65396835089748,3.070006473280298,52.0965576171875,15.0,180.0
-39.59770325534591,13.527799777459723,3.2239829964523565,52.19650650024414,15.0,180.0
-39.35577175651655,13.343069512405242,3.630758435450133,52.29668807983398,15.0,180.0
-39.14693568027285,13.04675528949134,4.044507360137314,52.39676666259766,15.0,180.0
-39.03903440590945,12.615321724604744,3.990934425734145,52.49681854248047,15.0,180.0
-38.76377043515287,12.266241239102309,3.559747117966279,52.5966796875,15.0,180.0
-38.24985453706892,12.153989031636833,3.0317477291412898,52.69651412963867,15.0,180.0
-37.78896974171656,12.171725493368042,2.5761214144288136,52.69651412963867,15.0,180.0
-37.54572612469917,12.042377471905628,2.3948137931925286,52.79650497436523,15.0,180.0
-37.30943804413211,11.637004487565402,2.5391854490290378,52.89661026000977,15.0,180.0
-36.91085339882147,11.094207771811847,2.71148228078566,52.99655151367188,15.0,180.0
-36.52083564061297,10.68132463761386,2.6676924937306064,53.09667587280273,15.0,180.0
-36.12776495963678,10.44452440601998,2.6258226310410864,53.19657897949219,15.0,180.0
-35.515995853933624,10.356059953338535,2.7786085792670203,53.2965087890625,15.0,180.0
-34.92908296158393,10.41332421198466,2.8800691529336406,53.39663314819336,15.0,180.0
-34.676737187670845,10.445064157328614,2.7299742685789763,53.39663314819336,15.0,180.0
-34.61858839836688,10.35893383858976,2.484681383796275,53.49662780761719,15.0,180.0
-34.48615057772924,10.23403705858343,2.341875221706873,53.59661865234375,15.0,180.0
-34.27335194222964,10.216864020899408,2.3567925747410383,53.69663619995117,15.0,180.0
-34.18499558664862,10.311983100659882,2.422328510178178,53.79652404785156,15.0,180.0
-34.13795374778668,10.31120349166189,2.334627275169612,53.8965950012207,15.0,180.0
-33.783342016293226,10.179999655137795,2.0271624354591937,53.99673461914062,15.0,180.0
-33.26580344356534,10.155884266533128,1.6149559225104024,53.99673461914062,15.0,180.0
-32.7670174571664,10.303827839723327,1.1515404937891045,54.09652328491211,15.0,180.0
-32.08095327087196,10.471882818717823,0.7107484741411341,54.19664001464844,15.0,180.0
-31.372280453187688,10.56105409000694,0.546938114098503,54.29656219482422,15.0,180.0
-30.80338071269965,10.556058591378903,0.7386880462248095,54.39658355712891,15.0,180.0
-30.32409586244833,10.472857092229322,0.9930121342527664,54.49673461914062,15.0,180.0
-30.015521267771177,10.27878014818346,1.1505515167978917,54.59665298461914,15.0,180.0
-29.853732830754296,9.950346509275196,1.3986779211412763,54.69664764404297,15.0,180.0
-29.80922899997104,9.633862329905725,1.5519434320713064,54.69664764404297,15.0,180.0
-29.782843479295813,9.56850501243794,1.3134802916735868,54.79662704467773,15.0,180.0
-29.605931342066647,9.76413588975892,1.008973710642664,54.89657592773438,15.0,180.0
-29.23725792196283,9.920811165133593,0.8810584283084095,54.99667739868164,15.0,180.0
-28.656986712900352,9.805954521780809,0.833685298782683,55.09663009643555,15.0,180.0
-27.91560641594136,9.465170373028348,0.6261448955323541,55.19659805297852,15.0,180.0
-27.169578347800293,8.982392062461958,0.0270408594045177,55.29665756225586,15.0,180.0
-26.5850735156794,8.508716136842072,-0.6743076176756464,55.29665756225586,15.0,180.0
-26.26305961783141,8.318379842487449,-1.0970367664064211,55.39667892456055,15.0,180.0
-26.23929673149389,8.439181923233289,-1.2396055352922284,55.49666213989258,15.0,180.0
-26.36571807300183,8.675656583441079,-1.19954079013616,55.59662246704102,15.0,180.0
-26.356612424845675,8.884741321754857,-1.1832712939985317,55.69656372070312,15.0,180.0
-26.279271610742093,8.920609601523847,-1.348697727700194,55.79648971557617,15.0,180.0
-26.28576920794232,8.72182082843694,-1.46462441657863,55.89667510986328,15.0,180.0
-26.2106921446091,8.468091912639174,-1.396718382326032,55.9966926574707,15.0,180.0
-26.09428919727311,8.394710295699689,-1.323136149783214,55.9966926574707,15.0,180.0
-26.08467515980625,8.429212660459624,-1.319607243964402,56.09671401977539,15.0,180.0
-25.974050695880205,8.40815763171722,-1.2652160215916348,56.1967887878418,15.0,180.0
-25.49349742496988,8.457877071704045,-1.0339178576968502,56.29655838012695,15.0,180.0
-24.82568960356421,8.548870308360097,-0.838319607776735,56.39665603637695,15.0,180.0
-24.30756570329933,8.492829454318526,-1.0219454921232582,56.49662780761719,15.0,180.0
-23.965217376525423,8.28014158336187,-1.380895995224499,56.59649276733398,15.0,180.0
-23.72022909535651,7.987250572835749,-1.7034864376900032,56.69662094116211,15.0,180.0
-23.36140043513652,7.753809005823776,-2.079928338130549,56.69662094116211,15.0,180.0
-22.77808569993229,7.58286594966868,-2.376690679395632,56.79659652709961,15.0,180.0
-22.234229191949893,7.30043274784572,-2.681379671084361,56.8965950012207,15.0,180.0
-21.957006442630814,6.843501981087334,-2.929618756789744,56.99661254882812,15.0,180.0
-21.83379761563505,6.459949195282615,-2.796702904266459,57.09648895263672,15.0,180.0
-21.696209124426424,6.252265750719927,-2.55608231612937,57.19655227661133,15.0,180.0
-21.48643160374356,6.040204801655927,-2.444882621468324,57.29657363891602,15.0,180.0
-21.169927366049222,5.958824819558033,-2.2294709296343256,57.29657363891602,15.0,180.0
-20.854173034744548,6.148720744948939,-1.894877782211721,57.39649963378906,15.0,180.0
-20.63653004654249,6.482462372148851,-1.668751351524163,57.49670791625977,15.0,180.0
-20.461280628927224,6.786009885513376,-1.5605042961652291,57.59665298461914,15.0,180.0
-20.28716191036904,6.800793799545442,-1.4386536526403964,57.69656372070312,15.0,180.0
-20.154503272122405,6.598162119946361,-1.32312579621241,57.79660797119141,15.0,180.0
-19.98558437804888,6.594213710833172,-1.3872657263516812,57.89652252197266,15.0,180.0
-19.65828179574758,6.741271887552413,-1.542435410886089,57.99654388427734,15.0,180.0
-19.207648868224744,6.731878289253638,-1.58185748748065,57.99654388427734,15.0,180.0
-18.78870864615012,6.683317011080936,-1.669036512220882,58.09673690795898,15.0,180.0
-18.47819157091,6.647808433576753,-1.76858357598456,58.19667053222656,15.0,180.0
-18.231345466113936,6.403880807503368,-1.693575025885651,58.29659652709961,15.0,180.0
-17.989462800234868,6.024793291781906,-1.697829947299117,58.39670944213867,15.0,180.0
-17.643404751155895,5.621101864400831,-1.94130515026003,58.4964714050293,15.0,180.0
-17.2772321023003,5.168469485670727,-2.3025156565476497,58.59656143188477,15.0,180.0
-17.064641787571333,4.851516794321078,-2.6973112802929053,58.59656143188477,15.0,180.0
-16.980918651026048,4.817617085886504,-3.0958549162110574,58.69667053222656,15.0,180.0
-16.943039383560897,5.059346040618548,-3.4432231281306613,58.79658126831055,15.0,180.0
-16.882784412071093,5.546143688404384,-3.730258621470377,58.89668273925781,15.0,180.0
-16.77041534970851,6.109193144661184,-3.839865351191961,58.9967155456543,15.0,180.0
-16.560749227076833,6.536437739782437,-3.560664768745652,59.09657669067383,15.0,180.0
-16.07656282367199,6.714165238213086,-3.2022709915527816,59.19672393798828,15.0,180.0
-15.326841772666311,6.6257271087829,-3.1172390190003654,59.29658508300781,15.0,180.0
-14.609541032401218,6.329488884545111,-3.1509521469920934,59.29658508300781,15.0,180.0
-13.961059578715858,5.974900839890065,-3.237157133100805,59.39646148681641,15.0,180.0
-13.39417570997525,5.634229997127417,-3.416747186885491,59.49665451049805,15.0,180.0
-13.001189989563184,5.19780746243043,-3.6381767866557873,59.59657669067383,15.0,180.0
-12.678040399816524,4.719460189814519,-3.955972680857173,59.69667053222656,15.0,180.0
-12.419372336591907,4.320084382686346,-4.357986966669705,59.79665756225586,15.0,180.0
-12.093919323209452,3.97575661095988,-4.687781369701317,59.89654541015625,15.0,180.0
-11.634975546713164,3.6782884863708873,-4.985342879492641,59.99656677246094,15.0,180.0
-11.339232607838644,3.4038447949984896,-5.287407126734868,59.99656677246094,15.0,180.0
-11.244828745849649,3.265867969996578,-5.452917494407,60.0965690612793,15.0,180.0
-11.16575082935192,3.310076635982025,-5.5562189174434975,60.19667816162109,15.0,180.0
-11.11105140263249,3.3510160504086057,-5.588991455976148,60.29669952392578,15.0,180.0
-11.020940350105835,3.4473512798488284,-5.484874909959988,60.39669418334961,15.0,180.0
-10.905898404561942,3.533468095181579,-5.49473104670388,60.49657821655273,15.0,180.0
-10.875743913700925,3.3797541623408844,-5.498958958715335,60.59661102294922,15.0,180.0
-10.738196401257486,3.213674705597076,-5.097289524886441,60.59661102294922,15.0,180.0
-10.391998063088458,3.261447227105513,-4.459649759866929,60.69667816162109,15.0,180.0
-9.982216805270276,3.450010926751604,-3.935880155033497,60.79669952392578,15.0,180.0
-9.61695029351057,3.628831840135643,-3.632666314412825,60.89670562744141,15.0,180.0
-9.22544453052555,3.618382793532342,-3.4752237612384187,60.99662017822266,15.0,180.0
-8.693555554653031,3.5994580978176103,-3.454392932946908,61.09647369384766,15.0,180.0
-8.190905477006769,3.864036233682248,-3.931278502486292,61.19661712646484,15.0,180.0
-7.778022753579542,4.3303570165864445,-4.80789950133547,61.29658508300781,15.0,180.0
-7.328415843412099,4.794405774277439,-5.542772966349715,61.29658508300781,15.0,180.0
-7.030182850020644,5.13596742901876,-6.038466068490884,61.39649200439453,15.0,180.0
-7.035756496139751,5.415997986195564,-6.351672089300028,61.49638748168945,15.0,180.0
-7.136062710199358,5.7401748717925845,-6.495218316909599,61.59651947021484,15.0,180.0
-7.274173899679152,5.9843607128471685,-6.5412136842651,61.69663619995117,15.0,180.0
-7.646515699940064,6.097834302416215,-6.4755383210672,61.79664993286133,15.0,180.0
-8.093723052916786,6.210215840670461,-6.323737645204555,61.89667892456055,15.0,180.0
-8.194064073031278,6.237119851015503,-6.280916089012971,61.89667892456055,15.0,180.0
-7.860050736807572,6.054983958766494,-6.425847406512826,61.99674606323242,15.0,180.0
-7.352534312771805,5.773801623308003,-6.652527031673058,62.09663772583008,15.0,180.0
-6.81301478597036,5.554690101204516,-6.761337477714227,62.19654083251953,15.0,180.0
-6.285548056807354,5.3715008721174655,-6.846337233877183,62.29660797119141,15.0,180.0
-5.899433418074423,5.089666470207721,-7.228354304961312,62.39653778076172,15.0,180.0
-5.574142210091001,4.707267295552304,-7.697965772148855,62.49662017822266,15.0,180.0
-5.100320403796228,4.293725549709389,-7.927261503194026,62.5968132019043,15.0,180.0
-4.508271362803612,3.945878299481876,-7.895123883218449,62.5968132019043,15.0,180.0
-3.989528137016709,3.89195726297641,-7.706853373663052,62.69665908813477,15.0,180.0
-3.569862048331266,4.0129700086098845,-7.7066406706897155,62.79663467407227,15.0,180.0
-3.2341065960825404,4.042049151374327,-7.977537817061349,62.89657974243164,15.0,180.0
-2.883886549066609,4.059546284073034,-8.171587654234923,62.99639892578125,15.0,180.0
-2.4397381917873595,4.091170610768259,-8.391426497269215,63.09664916992188,15.0,180.0
-2.0368053594118507,4.123313088653399,-8.89507043157041,63.19658279418945,15.0,180.0
-1.6208640359989808,4.114405953394674,-9.25617054847411,63.19658279418945,15.0,180.0
-1.09563627468059,4.059482917451506,-9.161320294661223,63.29640197753906,15.0,180.0
-0.7103139592064807,4.010049260495185,-8.989579121178526,63.39651107788086,15.0,180.0
-0.5041164673479024,3.834825021827383,-9.035860221887408,63.4966926574707,15.0,180.0
-0.2491328370998182,3.4713286990727483,-9.260568527394256,63.59670257568359,15.0,180.0
0.0124607307108099,2.9705041838573187,-9.489316751218482,63.69672393798828,15.0,180.0
0.3104526087924171,2.4534769376557946,-9.497195471109276,63.79660797119141,15.0,180.0
0.6375596341906657,2.080479599868481,-9.39351174030109,63.89657592773438,15.0,180.0
0.8060966340095099,1.8811249212730727,-9.276320922201908,63.89657592773438,15.0,180.0
0.9688790582415868,1.780309044128169,-9.11499615836762,63.99654006958008,15.0,180.0
1.400367046235054,1.6619365408071325,-8.925385183031075,64.09648132324219,15.0,180.0
1.9743271003097576,1.6143961696210178,-8.56769976924911,64.19670867919922,15.0,180.0
2.4464808046198527,1.7841456945450198,-8.216228269098448,64.29645538330078,15.0,180.0
2.8372902972414664,2.100195075540909,-8.122274152198582,64.39661407470703,15.0,180.0
3.332167135932373,2.5063058076328195,-8.155688121872444,64.4968032836914,15.0,180.0
3.852009088331247,2.8356412987191177,-8.224625416191103,64.59667205810547,15.0,180.0
4.085965534997996,2.933993630447539,-8.419066170122068,64.59667205810547,15.0,180.0
4.152702236557694,2.8581280989365667,-8.714325571787036,64.69661712646484,15.0,180.0
4.276247644549439,2.677798473156015,-8.943101173775382,64.7965316772461,15.0,180.0
4.431721671033603,2.594820281295404,-9.05870235961156,64.8963851928711,15.0,180.0
4.709502351573757,2.645126044843658,-9.104878714822668,64.99662017822266,15.0,180.0
5.07988867659323,2.5827097235577776,-9.01652285582534,65.09667205810547,15.0,180.0
5.308622218071076,2.348814265512527,-8.71495967750283,65.19644165039062,15.0,180.0
5.5036498751172775,2.11184135048399,-8.227331121382782,65.19644165039062,15.0,180.0
5.830631078118627,1.882007597436926,-7.842114518501847,65.29656219482422,15.0,180.0
6.193522665388787,1.6422390286846236,-7.858111710241233,65.39678955078125,15.0,180.0
6.652682418042808,1.5527044333943163,-8.10530704705843,65.4967269897461,15.0,180.0
7.176319349583638,1.6333930690229177,-8.284214062018293,65.59671783447266,15.0,180.0
7.596546262787758,1.7330276343285735,-8.368557754631778,65.69656372070312,15.0,180.0
7.989682631365479,1.7633533810091069,-8.551697988167632,65.7962417602539,15.0,180.0
8.43949978422018,1.7538979487039406,-8.986027398207304,65.89656066894531,15.0,180.0
8.852144642341532,1.7301772372625006,-9.543701962974328,65.89656066894531,15.0,180.0
9.25223890674593,1.7391854930344084,-10.0583856092255,65.9967041015625,15.0,180.0
9.683507364378771,1.81084585485698,-10.486722763425444,66.09654235839844,15.0,180.0
9.897438423073591,1.8235243249718625,-10.776648643714909,66.19654083251953,15.0,180.0
9.786569918086723,1.6700099290488697,-10.938529974143403,66.29666137695312,15.0,180.0
9.546805522881105,1.4529591514604725,-11.07167380149263,66.39682006835938,15.0,180.0
9.40179106578772,1.3399194346712302,-11.247023107983814,66.49677276611328,15.0,180.0
9.523611384358889,1.3688760438165757,-11.463383090458777,66.49677276611328,15.0,180.0
9.927917200476337,1.3349498627890188,-11.672764212181322,66.59656524658203,15.0,180.0
10.526430359053371,1.044745210911171,-11.69915245584396,66.69664764404297,15.0,180.0
11.087486005423576,0.6507926716597376,-11.526323963090253,66.79666137695312,15.0,180.0
11.436752200445216,0.2951612571915669,-11.49991769654857,66.89669799804688,15.0,180.0
11.643359789313823,0.0703103804008771,-11.776625436186354,66.99671173095703,15.0,180.0
11.884277038224509,0.0487838485920257,-12.161746621392028,67.0965576171875,15.0,180.0
12.299187118688398,-0.0455943665482445,-12.57336374696901,67.19657897949219,15.0,180.0
12.943460272880696,-0.2264323527493008,-13.135936494228377,67.19657897949219,15.0,180.0
13.750448832782045,-0.1035463812524097,-13.759970643092888,67.29669952392578,15.0,180.0
14.46620049315673,0.35428034448669,-14.13299387630805,67.39665222167969,15.0,180.0
15.168771562481004,0.830084441458188,-14.146392126437611,67.49658203125,15.0,180.0
15.952710127762469,1.0570959542222391,-13.909921072031072,67.59654235839844,15.0,180.0
16.548996863589167,1.00064007245471,-13.711846083500529,67.69656372070312,15.0,180.0
16.825014521110422,0.8470016043911435,-13.793373480379538,67.79660034179688,15.0,180.0
16.83228803486117,0.72173865719351,-14.11833663028336,67.89669036865234,15.0,180.0
16.760752767818676,0.6284988303468655,-14.471403396893049,67.89669036865234,15.0,180.0
16.78220778301263,0.7091154937568893,-14.64007185810824,67.9965591430664,15.0,180.0
16.97342381451184,0.9701710511918108,-14.7242692636344,68.0965347290039,15.0,180.0
17.255132708918822,1.1156010676247434,-14.8154015994978,68.19659423828125,15.0,180.0
17.44260067611535,1.0413904692272502,-14.801861806560565,68.29658508300781,15.0,180.0
17.494368302063474,0.9931448406299396,-14.714266002091122,68.39675903320312,15.0,180.0
17.33746404693191,1.0637598565381283,-14.728540626308456,68.49664306640625,15.0,180.0
17.094311097129,1.088202250496312,-14.878098941205732,68.49664306640625,15.0,180.0
17.01104202398233,1.0139151553656682,-14.980819498115714,68.5965805053711,15.0,180.0
17.049436616452798,0.7605616453302195,-15.002635675160466,68.69658660888672,15.0,180.0
17.257382531610567,0.2679439282221172,-15.054100580166429,68.79646301269531,15.0,180.0
17.72277683906315,-0.3114507001453419,-15.22328953734877,68.89659118652344,15.0,180.0
18.33029960157312,-0.8542559264600826,-15.508290335424563,68.99644470214844,15.0,180.0
18.99932861099833,-1.3174456964144348,-15.740619649924326,69.09649658203125,15.0,180.0
19.607058133744843,-1.5175552207664451,-15.848333439801594,69.19688415527344,15.0,180.0
20.14672169654735,-1.3973734015049797,-15.874236061804808,69.19688415527344,15.0,180.0
20.81857850497269,-1.3053659793438928,-16.00565994719889,69.2967529296875,15.0,180.0
21.48990762118405,-1.389130691238054,-16.41511004754038,69.396728515625,15.0,180.0
21.854777317394667,-1.4065715681205653,-16.895704556810852,69.49671936035156,15.0,180.0
21.86154092413064,-1.345715824932285,-17.14587698003066,69.59662628173828,15.0,180.0
21.6567018555097,-1.525360885328587,-17.06999432849416,69.69664001464844,15.0,180.0
21.53857354581856,-1.8862300167601465,-16.743250434178957,69.79669189453125,15.0,180.0
21.732723884407783,-2.137776617559421,-16.241003046850633,69.79669189453125,15.0,180.0
22.119342693355783,-2.245797704465813,-15.569981815296163,69.8965835571289,15.0,180.0
22.53690905347728,-2.2762035899422104,-14.872675575633115,69.99653625488281,15.0,180.0
23.010354719560805,-2.185223479446291,-14.390773083489291,70.09679412841797,15.0,180.0
23.549869396977428,-1.8659190289243768,-14.183970739612825,70.19671630859375,15.0,180.0
24.121371801845417,-1.473520519051565,-14.212382853250997,70.29666900634766,15.0,180.0
24.714370979033685,-1.0845893919917673,-14.332519864106814,70.39665222167969,15.0,180.0
25.269610308587207,-0.7989535613863197,-14.333746866329664,70.49645233154297,15.0,180.0
25.815688286727585,-0.8490814855741506,-14.298998029783554,70.49645233154297,15.0,180.0
26.451571224991103,-1.1906422050176837,-14.35850344720159,70.59671783447266,15.0,180.0
27.071380255176564,-1.6457239885414832,-14.397357877767403,70.69673919677734,15.0,180.0
27.537052712221094,-1.999480787912996,-14.42588798112175,70.79655456542969,15.0,180.0
27.817202015175724,-2.2000014382298985,-14.555230012072755,70.89640045166016,15.0,180.0
27.851542137450625,-2.4651148830779417,-14.652046095606932,70.99646759033203,15.0,180.0
27.71796095571373,-2.83582492671158,-14.57971494343911,71.09675598144531,15.0,180.0
27.691301127058605,-3.068405019883388,-14.54104579136834,71.1967544555664,15.0,180.0
27.93495442176804,-3.0783520055831297,-14.793165591875836,71.1967544555664,15.0,180.0
28.364555724741507,-3.0846467134331195,-15.291492547471204,71.29661560058594,15.0,180.0
28.76170125879098,-3.193861197018484,-15.86348570027898,71.39649963378906,15.0,180.0
29.08804513021905,-3.4643783134627486,-16.369491835438737,71.49667358398438,15.0,180.0
29.4610618028542,-3.930103169125665,-16.815981419852967,71.59661865234375,15.0,180.0
29.90107026670928,-4.25248452837612,-17.254346624308333,71.69659423828125,15.0,180.0
30.28235564071565,-4.282224855384365,-17.53144755421154,71.79637145996094,15.0,180.0
30.473274174796696,-4.199553771837058,-17.52880617245032,71.79637145996094,15.0,180.0
30.54705844013064,-4.152994070946511,-17.354368208147747,71.8963851928711,15.0,180.0
30.53456587793455,-4.172483581846118,-17.276997029320906,71.99666595458984,15.0,180.0
30.32553596550393,-4.284433651243287,-17.320703493480178,72.09668731689453,15.0,180.0
29.881551661056864,-4.524577727280664,-17.267067076143796,72.19670104980469,15.0,180.0
29.323834578670365,-4.564713594430837,-17.218873841022802,72.29673767089844,15.0,180.0
28.97602463905899,-4.412960298982349,-17.253990753390433,72.39668273925781,15.0,180.0
29.0505095001541,-4.648841685667887,-17.305899458655986,72.49661254882812,15.0,180.0
29.50687365824565,-5.208543447202892,-17.51347898896184,72.49661254882812,15.0,180.0
30.21079004259201,-5.653485006028693,-17.8530558722454,72.59671020507812,15.0,180.0
30.85936259934147,-5.930744480188255,-18.059626271586247,72.69647979736328,15.0,180.0
31.144107071277336,-6.031603086061116,-18.007551691343647,72.7964859008789,15.0,180.0
31.188374899507703,-6.092520210841602,-17.901598886714236,72.89664459228516,15.0,180.0
31.274599142941675,-6.205184537857334,-17.96656086254714,72.99639892578125,15.0,180.0
31.36350183950988,-6.099825626094112,-18.164360784077218,73.09658813476562,15.0,180.0
31.39569630934942,-5.698581334923095,-18.26660324292582,73.09658813476562,15.0,180.0
31.44866580770297,-5.12801756440988,-17.984325640615687,73.19672393798828,15.0,180.0
31.52049701472124,-4.507811050596831,-17.473595964089476,73.29666137695312,15.0,180.0
31.611170528062605,-4.16907192596991,-17.147541220248318,73.39671325683594,15.0,180.0
31.77348603423529,-4.247211196551159,-17.055951883120432,73.4965591430664,15.0,180.0
32.02671742214456,-4.466422693419662,-17.170401848224216,73.59671783447266,15.0,180.0
32.48078135403391,-4.66697832710484,-17.636017870232365,73.69667053222656,15.0,180.0
33.13088015863524,-4.638886941940319,-18.35323249251945,73.79646301269531,15.0,180.0
33.622753076362926,-4.322253118904555,-18.993207725053605,73.79646301269531,15.0,180.0
33.72113333864908,-4.096615139626786,-19.397557579812208,73.89656829833984,15.0,180.0
33.64506155189276,-4.10623535547504,-19.435059363380525,73.99652099609375,15.0,180.0
33.66982344096799,-4.223719637180388,-19.1921304597578,74.0965576171875,15.0,180.0
33.82368155824986,-4.403847174134343,-18.95607855139429,74.19646453857422,15.0,180.0
34.04096018193461,-4.6280835069956,-18.73480058070844,74.29672241210938,15.0,180.0
34.31329708910245,-4.780486429409847,-18.486751246615444,74.39674377441406,15.0,180.0
34.72444930704569,-4.880465324730619,-18.29499889610878,74.39674377441406,15.0,180.0
35.26776179603719,-4.962513101159412,-18.14642953728936,74.49674224853516,15.0,180.0
35.80220821713569,-4.988015358718632,-17.930424552833244,74.59660339355469,15.0,180.0
36.168034778029735,-4.922840160705892,-17.78419665086648,74.69654846191406,15.0,180.0
36.282691217508265,-4.744081799457771,-17.82652631202741,74.79653930664062,15.0,180.0
36.30311278526648,-4.712757728954983,-18.067884636039125,74.89655303955078,15.0,180.0
36.39709430840296,-4.81955855887993,-18.666124902943857,74.99652862548828,15.0,180.0
36.52594472479004,-4.794094789451461,-19.4076644438938,75.09674835205078,15.0,180.0
36.65447970092805,-4.821168682687686,-19.864193122606267,75.09674835205078,15.0,180.0
36.81877182936982,-5.07050800379505,-19.93514713617622,75.19668579101562,15.0,180.0
37.00756278661707,-5.316648591405696,-19.735714364798284,75.29661560058594,15.0,180.0
37.1916843581255,-5.537511040246994,-19.430204188243568,75.3966064453125,15.0,180.0
37.39241524937013,-5.912174285687878,-19.17222477628796,75.49650573730469,15.0,180.0
37.571586933210114,-6.339846747947058,-18.992854215126027,75.59671783447266,15.0,180.0
37.668476633532016,-6.60285532330674,-18.90562859007804,75.6966781616211,15.0,180.0
37.68535322702796,-6.680815606850761,-18.780589062682875,75.7965316772461,15.0,180.0
37.73863314432321,-6.687463811072132,-18.483959071737736,75.7965316772461,15.0,180.0
37.91783765272953,-6.627489484241695,-18.37392660991976,75.89667510986328,15.0,180.0
38.1214673266262,-6.376637515856814,-18.623781754477392,75.99662017822266,15.0,180.0
38.372701151385954,-6.025669043971452,-18.90836376394241,76.09667205810547,15.0,180.0
38.83191912883451,-5.695990165405855,-19.160644545490506,76.1966552734375,15.0,180.0
39.57860908613756,-5.225960143102083,-19.46311558540285,76.29652404785156,15.0,180.0
40.4462293320476,-4.806460089391424,-19.648688657005497,76.39656066894531,15.0,180.0
41.188753141431306,-4.765875504483441,-19.538483313028195,76.39656066894531,15.0,180.0
41.89383415153423,-5.012453886591057,-19.22935249780168,76.49671173095703,15.0,180.0
42.584227465399096,-5.422284716563453,-18.97633077225855,76.59659576416016,15.0,180.0
43.06730252115829,-5.796248724377277,-18.96371479686322,76.69670104980469,15.0,180.0
43.32303639012447,-5.941794100625994,-19.145401739516533,76.7966079711914,15.0,180.0
43.3492132258212,-6.040566957450791,-19.26570412248804,76.8966064453125,15.0,180.0
43.18157162498181,-6.208383067154749,-19.21552140064865,76.99667358398438,15.0,180.0
42.99926257567536,-6.435607991020895,-18.99587532234238,77.09651947021484,15.0,180.0
42.77623854505826,-6.647298133685244,-18.641622250029727,77.09651947021484,15.0,180.0
42.533262780767416,-6.583604107811908,-18.32682221166965,77.19681549072266,15.0,180.0
42.66593674150992,-6.445807375196216,-18.076727269564948,77.29676818847656,15.0,180.0
43.39383531093757,-6.5601262397389775,-17.84671858367254,77.39656829833984,15.0,180.0
44.426157338206266,-6.748556854782845,-17.7724431125043,77.49638366699219,15.0,180.0
45.21759485089313,-6.942420978808481,-17.877928610079493,77.59663391113281,15.0,180.0
45.54484386298808,-7.165255402123454,-18.02707931140518,77.69673156738281,15.0,180.0
45.66742528339529,-7.066655461366988,-18.190052139219382,77.69673156738281,15.0,180.0
45.793654737443696,-6.630478638746933,-18.44024747167859,77.7967300415039,15.0,180.0
45.93868094962321,-6.285256594904259,-18.834392483846656,77.89671325683594,15.0,180.0
46.17046351756451,-6.071458895616798,-19.31640681561933,77.99652099609375,15.0,180.0
46.61662550783136,-5.920580392715096,-19.68628409616106,78.09669494628906,15.0,180.0
47.29398440555819,-5.902869365696599,-19.834560125188887,78.19647216796875,15.0,180.0
47.97783719457245,-5.939033522646862,-19.88405651268673,78.29620361328125,15.0,180.0
48.26078593317754,-6.016324094504067,-20.100410933636173,78.39620208740234,15.0,180.0
48.05148579676459,-6.044654308752663,-20.51144523549779,78.39620208740234,15.0,180.0
47.76914293325167,-5.8577009966240885,-20.90997076922474,78.49613189697266,15.0,180.0
47.68299010056591,-5.674848741184265,-21.26577738226407,78.5964584350586,15.0,180.0
47.72554051942073,-5.838119314655916,-21.51887852534611,78.69689178466797,15.0,180.0
47.65893523507385,-6.286460514825032,-21.573462483284352,78.7969741821289,15.0,180.0
47.30559458575552,-6.682000570323091,-21.568330542890383,78.89674377441406,15.0,180.0
47.02939819693685,-6.885250551694225,-21.661720699960373,78.99638366699219,15.0,180.0
47.11032358204932,-6.961409913892633,-21.818091260969528,79.09637451171875,15.0,180.0
47.36526027475334,-7.064715610915909,-21.93185487607473,79.09637451171875,15.0,180.0
47.577704947066735,-7.311398384321982,-22.045903870032515,79.19673156738281,15.0,180.0
47.65926819105,-7.577508725099214,-22.152226630589148,79.29664611816406,15.0,180.0
47.75280153560666,-7.7716105137694305,-22.1656361642712,79.39631652832031,15.0,180.0
47.97179511701442,-7.988527957689113,-22.093425341911257,79.49650573730469,15.0,180.0
48.320152447679455,-8.172602445549547,-21.857857253030524,79.59701538085938,15.0,180.0
48.66202767941305,-8.244490795954054,-21.5938895827258,79.69707489013672,15.0,180.0
48.952577946426494,-8.28668788148272,-21.56092869185278,79.69707489013672,15.0,180.0
49.33529588860972,-8.31758002024079,-21.685178757260125,79.79679107666016,15.0,180.0
49.73887590597754,-8.293298929669989,-21.857763533996653,79.89662170410156,15.0,180.0
50.20614320192382,-8.276450604196008,-22.02560219722212,79.99658203125,15.0,180.0
50.81688848031534,-8.360944695616915,-21.98234836681604,80.09674835205078,15.0,180.0
51.316506198679136,-8.437013494907616,-21.602219080420404,80.1966781616211,15.0,180.0
51.55121220958704,-8.404223044780501,-21.081947345253905,80.29651641845703,15.0,180.0
51.66133827404024,-8.283571121178689,-20.83330172985933,80.39641571044922,15.0,180.0
51.83575375885235,-8.087193950076962,-21.06626242099024,80.39641571044922,15.0,180.0
52.10173789029167,-7.982556848509089,-21.47916796305968,80.49656677246094,15.0,180.0
52.4041211001036,-8.105631874768564,-21.661178232962165,80.59672546386719,15.0,180.0
52.8288941511416,-8.218118428631964,-21.53465560222571,80.69671630859375,15.0,180.0
53.33941861523646,-8.121387892068302,-21.270945665439548,80.79670715332031,15.0,180.0
53.70907343656947,-8.033686837307187,-20.92570112535413,80.89668273925781,15.0,180.0
54.02804603106043,-8.15379939479989,-20.36810282098802,80.99668884277344,15.0,180.0
54.47561491433173,-8.36534315337173,-19.67508597441879,80.99668884277344,15.0,180.0
54.84168730277266,-8.591709286170861,-19.13909801231397,81.0965805053711,15.0,180.0
55.06072041237356,-8.869821162268373,-18.91563376722311,81.19654083251953,15.0,180.0
55.2891422208772,-9.109407116476984,-18.962524048087005,81.29652404785156,15.0,180.0
55.45004855790592,-9.206123083303616,-19.18846505010692,81.39647674560547,15.0,180.0
55.4800842279996,-9.224554269786443,-19.52020254131393,81.49671173095703,15.0,180.0
55.46565062585967,-9.36398579372976,-19.996999585862696,81.59663391113281,15.0,180.0
55.49883648204184,-9.662749073434988,-20.570886924521844,81.69659423828125,15.0,180.0
55.53392209630344,-9.91041803667818,-20.949044487250205,81.69659423828125,15.0,180.0
55.443881807789744,-10.013637268749786,-21.073546512026542,81.79653930664062,15.0,180.0
55.35388008358547,-10.02745027399938,-21.11552056723224,81.89643859863281,15.0,180.0
55.3687003478371,-9.916399401176491,-21.18684010758211,81.99674987792969,15.0,180.0
55.410158431598965,-9.734288231533348,-21.50418654038049,82.09654998779297,15.0,180.0
55.57589440399403,-9.660163120593516,-22.02894444809836,82.19639587402344,15.0,180.0
55.8538405458284,-9.802473177037772,-22.38691704492922,82.2966537475586,15.0,180.0
56.05989189690794,-10.189634771829589,-22.64542865081434,82.2966537475586,15.0,180.0
56.257315616246544,-10.711784260969855,-22.93815958071962,82.39672088623047,15.0,180.0
56.48812381704375,-11.180997909763828,-23.17306271321069,82.49686431884766,15.0,180.0
56.59397203705423,-11.617905549469736,-23.45596268502232,82.59674835205078,15.0,180.0
56.66872243033508,-12.182472640560125,-23.82112724140221,82.6962661743164,15.0,180.0
56.93549764970143,-12.854010942669415,-24.209258942377765,82.7964859008789,15.0,180.0
57.290463987082944,-13.459648582520604,-24.512443022761893,82.8966064453125,15.0,180.0
57.57755336358151,-13.809679972868556,-24.614192970867304,82.9965591430664,15.0,180.0
57.93940173437848,-13.800662051214676,-24.68326753593607,82.9965591430664,15.0,180.0
58.50579782396507,-13.4660961966991,-24.85966085953156,83.09629821777344,15.0,180.0
59.09102183496908,-13.030733453751,-24.912228594090983,83.1964111328125,15.0,180.0
59.358456174834345,-12.597117982222567,-24.85196999246784,83.29672241210938,15.0,180.0
59.2449871499183,-12.094814522278629,-24.80581912739129,83.39679718017578,15.0,180.0
59.025938900885095,-11.670537979854435,-24.6220269989271,83.4964370727539,15.0,180.0
58.82337855467532,-11.397384517243784,-24.31320441364192,83.59620666503906,15.0,180.0
58.5674976409809,-11.149791653770697,-23.981202909324416,83.69656372070312,15.0,180.0
58.3868048206994,-10.97792368756448,-23.75099420416177,83.69656372070312,15.0,180.0
58.39700454050957,-11.122915450408506,-23.655953804220523,83.7968978881836,15.0,180.0
58.54969714444376,-11.53191546170869,-23.743080736955577,83.89616394042969,15.0,180.0
58.81083626984407,-11.8833129573382,-24.103200244485528,83.99573516845703,15.0,180.0
59.11655406361695,-11.96172567980663,-24.447241285724072,84.09632873535156,15.0,180.0
59.45838993276696,-11.839990535788518,-24.68821403073448,84.19701385498047,15.0,180.0
59.77039763086566,-11.805024573428485,-24.9833653938738,84.29737854003906,15.0,180.0
59.99379355715911,-11.857113665512369,-25.29169048143804,84.29737854003906,15.0,180.0
60.193254446874775,-11.883093640381986,-25.62443356253988,84.39653015136719,15.0,180.0
60.512511777249046,-11.879204353280029,-25.918903929599733,84.49620819091797,15.0,180.0
61.13791757913021,-11.787743662453464,-25.981227318128607,84.59658813476562,15.0,180.0
61.87926150612529,-11.705143110176136,-25.87421389790456,84.69709777832031,15.0,180.0
62.54782275980092,-11.800022653563474,-25.79637378778809,84.79653930664062,15.0,180.0
63.20216160284048,-11.932961558016178,-25.872761479296685,84.89558410644531,15.0,180.0
63.59382544427354,-11.86651947634872,-26.06573129892746,84.99613952636719,15.0,180.0
63.60064053871336,-11.67926782968094,-26.145677854956865,84.99613952636719,15.0,180.0
63.63199522644035,-11.52926218791064,-25.99891042578409,85.09718322753906,15.0,180.0
63.89602754361639,-11.56812538789203,-25.66711620454645,85.19759368896484,15.0,180.0
64.08449342479771,-11.864667433672548,-25.45341811143411,85.29678344726562,15.0,180.0
64.1157777976506,-12.136817280697342,-25.570986355149348,85.39585876464844,15.0,180.0
64.1775921134608,-12.24263732060654,-25.78257967991157,85.4963150024414,15.0,180.0
64.28755770667124,-12.34934891233038,-25.834967683812785,85.5971450805664,15.0,180.0
64.37646604099686,-12.502035055580038,-25.713495854065613,85.5971450805664,15.0,180.0
64.42389612230032,-12.618000830131791,-25.5132900167653,85.6971435546875,15.0,180.0
64.46634077634128,-12.559918337716972,-25.1942125476734,85.79566192626953,15.0,180.0
64.52958834701037,-12.32568794629306,-24.93330521099121,85.89591979980469,15.0,180.0
64.70262102973646,-12.150080882637964,-25.01532319039409,85.99681091308594,15.0,180.0
65.00399127020108,-12.141365885287414,-25.148468092694465,86.09762573242188,15.0,180.0
65.42443415302742,-12.241299264396895,-25.12248122216873,86.1971206665039,15.0,180.0
65.87500596156178,-12.310920827195906,-25.09300521427982,86.29588317871094,15.0,180.0
66.02533408960853,-12.26932338968491,-25.113470212360056,86.29588317871094,15.0,180.0
65.8712444849312,-12.197534291654735,-25.16594501886588,86.39610290527344,15.0,180.0
65.80563872943291,-12.09204998156196,-25.286646882226258,86.49691772460938,15.0,180.0
65.81272126135858,-11.884853616311824,-25.467739118659267,86.59732818603516,15.0,180.0
65.68030067670152,-11.630079837906468,-25.65654087799284,86.6960678100586,15.0,180.0
65.46729423793612,-11.49928800497873,-25.92846009205316,86.79605865478516,15.0,180.0
65.24484760698988,-11.56449638848256,-26.21449780113108,86.89656829833984,15.0,180.0
65.21554851644416,-11.68321893906,-26.370681368390187,86.99737548828125,15.0,180.0
65.53014595717733,-11.769289861187485,-26.494573530910543,86.99737548828125,15.0,180.0
65.9233435598032,-11.896214869319564,-26.655010690287703,87.09729766845703,15.0,180.0
66.13775388404736,-12.100874451384186,-26.695335341408985,87.19612121582031,15.0,180.0
66.24934224181246,-12.39742806991801,-26.701407528358963,87.296142578125,15.0,180.0
66.41535807835899,-12.676887572245722,-26.93387171998245,87.3968276977539,15.0,180.0
66.77560494342626,-12.838723421353578,-27.26877643287572,87.49735260009766,15.0,180.0
67.3366731667136,-12.841840412888818,-27.41424781542323,87.59674835205078,15.0,180.0
67.98278972441395,-12.629135839163617,-27.23754880023,87.59674835205078,15.0,180.0
68.61437932969527,-12.468046191260395,-26.98086682536919,87.69593811035156,15.0,180.0
69.14820913142823,-12.458056993565696,-26.9801717119534,87.7965316772461,15.0,180.0
69.56501571984111,-12.428694638849109,-27.113430704335908,87.89696502685547,15.0,180.0
69.87700629831396,-12.482535474682596,-27.272111316120764,87.99699401855469,15.0,180.0
70.16728483723854,-12.72035696853408,-27.42662825931409,88.09689331054688,15.0,180.0
70.38433768073827,-13.088332613986374,-27.368724473545097,88.19658660888672,15.0,180.0
70.34702457835056,-13.474458624730708,-27.19974317106269,88.296630859375,15.0,180.0
70.16683336129311,-13.69726006037996,-27.213528819774744,88.296630859375,15.0,180.0
70.01212504889418,-13.721756770463324,-27.467712361684427,88.39681243896484,15.0,180.0
69.84501109287326,-13.717048727380798,-27.84044950915422,88.49647521972656,15.0,180.0
69.75110577201352,-13.74743329887202,-28.11998893526291,88.59623718261719,15.0,180.0
69.8259339075079,-13.605736308454873,-28.136101900888768,88.69650268554688,15.0,180.0
69.98340080227544,-13.260951586565511,-27.997553082708933,88.79695129394531,15.0,180.0
70.12535596716815,-13.038452258479587,-27.92482272680884,88.89691925048828,15.0,180.0
70.19535511495643,-13.102786302692316,-27.89038497633417,88.89691925048828,15.0,180.0
70.19079312667337,-13.4029706206448,-27.717786641894627,88.99667358398438,15.0,180.0
70.13208506189645,-13.708091911524503,-27.47127191151173,89.09637451171875,15.0,180.0
70.14620812396618,-13.787731286819849,-27.25855180375856,89.19673156738281,15.0,180.0
70.37765099202157,-13.67392217073549,-27.03795657055929,89.29680633544922,15.0,180.0
70.74834744732127,-13.521784326925872,-27.0216511950768,89.39630126953125,15.0,180.0
71.20444032162366,-13.452012924795564,-27.289611706641114,89.496337890625,15.0,180.0
71.76177791971139,-13.420452736353283,-27.466663032464982,89.59667205810547,15.0,180.0
72.22231993276786,-13.407168963974376,-27.474019319345786,89.59667205810547,15.0,180.0
72.46991642146938,-13.50610600741226,-27.623193894316746,89.69694519042969,15.0,180.0
72.46878127464123,-13.720666236064805,-28.036284620673914,89.79686737060547,15.0,180.0
72.19877111736588,-13.882569604519809,-28.65828546624438,89.8964614868164,15.0,180.0
71.8570627597838,-13.920077279067003,-29.251539924707032,89.99654388427734,15.0,180.0
71.61321421710389,-14.013724755979611,-29.600949177613643,90.09671020507812,15.0,180.0
71.5651494204257,-14.278406790177335,-29.79784556277776,90.19674682617188,15.0,180.0
71.78977404922338,-14.7036646555518,-29.765393996287965,90.19674682617188,15.0,180.0
72.24887595266664,-15.091518908247158,-29.42908935082136,90.29623413085938,15.0,180.0
72.72415943647209,-15.260585677747873,-29.11666098778288,90.39564514160156,15.0,180.0
72.90727325706122,-15.27223722256533,-29.03092047285854,90.4963836669922,15.0,180.0
72.79650626272979,-15.22289627954666,-29.041039783473643,90.59711456298828,15.0,180.0
72.76791280942071,-15.18246073902706,-29.127703742156328,90.69725036621094,15.0,180.0
73.07340407604168,-15.17079544801549,-29.406625961911207,90.7964859008789,15.0,180.0
73.71336782531631,-15.190291558438467,-29.83465380543324,90.89613342285156,15.0,180.0
74.53856171785793,-15.226107639322272,-30.17995349175341,90.89613342285156,15.0,180.0
75.33691875165744,-15.315971156573106,-30.176878289725742,90.99649810791016,15.0,180.0
76.07698466474297,-15.513240955357125,-29.80474510518832,91.0971450805664,15.0,180.0
76.70103749205182,-15.790433326815208,-29.33667607027939,91.19649505615234,15.0,180.0
77.01741275361698,-16.036450667901534,-28.95972144509033,91.29557800292967,15.0,180.0
77.04785246652847,-16.167604154625323,-28.742793601373144,91.39620971679688,15.0,180.0
76.95839939304585,-16.27195644542509,-28.59268867678512,91.4969482421875,15.0,180.0
76.9029874790483,-16.445049054534152,-28.397469957158897,91.59760284423828,15.0,180.0
76.98803649387466,-16.62638385449241,-28.37167091889553,91.59760284423828,15.0,180.0
77.13040132888449,-16.75628963605825,-28.49226535094288,91.69683837890624,15.0,180.0
77.30362385862011,-16.881944901443003,-28.52180911122516,91.79625701904295,15.0,180.0
77.62693389095746,-17.050095303458928,-28.49376913239976,91.89649200439452,15.0,180.0
78.10226494365361,-17.179356581448445,-28.588580151380192,91.99697875976562,15.0,180.0
78.56352198046595,-17.13349165819018,-28.846275782269707,92.09654998779295,15.0,180.0
78.87372729012621,-16.860454726566303,-29.145061665527223,92.19561767578124,15.0,180.0
79.08436066610153,-16.40751413686936,-29.443670129848897,92.19561767578124,15.0,180.0
79.31832508683678,-15.987131294328805,-29.675344643296995,92.29621124267578,15.0,180.0
79.57863086737677,-15.82523179396761,-29.81749913371535,92.396728515625,15.0,180.0
79.72832828344832,-15.878423614652457,-29.91490406073478,92.49735260009766,15.0,180.0
79.68040691186083,-15.992588639786993,-30.033273614627475,92.59691619873048,15.0,180.0
79.4705054240763,-16.080865464792932,-30.316819056953086,92.69599151611328,15.0,180.0
79.20957803931631,-16.08433450465015,-30.69722720132843,92.7963638305664,15.0,180.0
79.00341366388008,-16.017004024780967,-30.861308482116023,92.89679718017578,15.0,180.0
78.88181963386366,-15.87555378569732,-30.6777610402922,92.89679718017578,15.0,180.0
78.90348165000209,-15.700112842517312,-30.46403030364765,92.99687957763672,15.0,180.0
79.12113960097163,-15.527378804796635,-30.381728975247043,93.09576416015624,15.0,180.0
79.45449494801181,-15.363761957277688,-30.274688119023068,93.19647216796876,15.0,180.0
79.8247098620482,-15.257329682256929,-29.958772930662565,93.2968521118164,15.0,180.0
80.20757018694661,-15.160057314905073,-29.45795146067087,93.3974380493164,15.0,180.0
80.48844772849766,-15.014654517871708,-29.210420070997728,93.49657440185548,15.0,180.0
80.6442649018791,-14.758973925903623,-29.22156356406741,93.49657440185548,15.0,180.0
80.80228023221595,-14.543824062676034,-29.16635250832382,93.5958023071289,15.0,180.0
80.98809913177428,-14.72780516184751,-29.27325787165084,93.69654846191406,15.0,180.0
81.15881204152944,-15.21067367414113,-29.659772187728844,93.79683685302734,15.0,180.0
81.36163451214276,-15.626942854616496,-29.98776673966485,93.89716339111328,15.0,180.0
81.6877409436803,-16.00163836451213,-30.218767380873835,93.995849609375,15.0,180.0
82.15923285588167,-16.426887866761362,-30.482757087845783,94.09640502929688,15.0,180.0
82.66770845576202,-16.836945652688478,-30.658401853598072,94.1971206665039,15.0,180.0
83.09828887712972,-17.235828008120432,-30.58998819411712,94.1971206665039,15.0,180.0
83.44280587283784,-17.738459803937257,-30.27543048680589,94.29755401611328,15.0,180.0
83.85754428700372,-18.398924994452432,-29.764206394367484,94.3971176147461,15.0,180.0
84.49566305540634,-18.87980082339839,-29.18780954430696,94.49635314941406,15.0,180.0
85.0821189032187,-18.9783326030937,-28.82393582254944,94.59661102294922,15.0,180.0
85.31626687518863,-18.819883055663425,-28.92077610042217,94.69701385498048,15.0,180.0
85.29225021954304,-18.43259964715913,-29.3910159364472,94.79698944091795,15.0,180.0
85.21056935723601,-18.04563029384981,-29.77756772139322,94.89642333984376,15.0,180.0
85.14366340142352,-17.99000419271681,-29.996851386518152,94.89642333984376,15.0,180.0
85.00247278111758,-18.22273943121373,-30.330366599519067,94.99645233154295,15.0,180.0
84.8559391241823,-18.54658840902801,-30.89287881784428,95.09689331054688,15.0,180.0
84.90485430284018,-18.89571140627313,-31.64399145494921,95.19693756103516,15.0,180.0
85.09978264904781,-19.12532904030363,-32.33314524536527,95.29679870605467,15.0,180.0
85.38561916525369,-19.29250095121009,-32.754452484160325,95.39674377441406,15.0,180.0
85.71895023772197,-19.56002499871857,-32.85325425270005,95.49665069580078,15.0,180.0
86.03057335424893,-19.68321044776156,-32.822463130681804,95.49665069580078,15.0,180.0
86.36111506777404,-19.58614509734627,-32.89284314565411,95.59667205810548,15.0,180.0
86.54937914671628,-19.40496787050484,-32.92339788131969,95.6966323852539,15.0,180.0
86.54202617755372,-19.175662525816563,-32.82003397928059,95.79653930664062,15.0,180.0
86.59190367886241,-19.051580099973684,-32.62792762112571,95.89656066894533,15.0,180.0
86.78445567884224,-19.08463708053672,-32.40876198115464,95.99652862548828,15.0,180.0
87.12782179251076,-19.17962323437288,-32.32333775036376,96.0965576171875,15.0,180.0
87.63514135569908,-19.3596077666186,-32.41861519907051,96.19678497314452,15.0,180.0
88.17309679065987,-19.747894596549845,-32.50513152174216,96.19678497314452,15.0,180.0
88.60125198134853,-20.15266750306449,-32.51985013043553,96.29662322998048,15.0,180.0
88.76807684203771,-20.2208007410722,-32.51980440659619,96.39659881591795,15.0,180.0
88.60770755733563,-19.95226506245152,-32.407749293775915,96.49654388427734,15.0,180.0
88.21478866675838,-19.38437644441392,-32.10060070840533,96.59646606445312,15.0,180.0
87.71142047655331,-18.6872277366942,-31.64837573940846,96.69670867919922,15.0,180.0
87.21872929510589,-18.23176708042324,-31.23923614528919,96.79668426513672,15.0,180.0
86.9531109920338,-17.995705629848285,-31.065680118578136,96.79668426513672,15.0,180.0
87.1130942300924,-17.917760218191223,-31.191171298984127,96.896484375,15.0,180.0
87.6090742236727,-18.105368008813315,-31.403756667022336,96.99658203125,15.0,180.0
88.22233707821213,-18.417731798975726,-31.50025733437309,97.09658813476562,15.0,180.0
88.8503734014879,-18.645145993160103,-31.54588046917601,97.1967544555664,15.0,180.0
89.47362450844354,-18.711930528978428,-31.5752314899448,97.29676055908205,15.0,180.0
90.02109950332549,-18.68917056051733,-31.621267026970287,97.39653778076172,15.0,180.0
90.46507112319036,-18.740771660911527,-31.565836623110428,97.49658966064452,15.0,180.0
90.7673526043483,-18.88535133955641,-31.07684200241721,97.49658966064452,15.0,180.0
90.90600333620472,-18.987930876257337,-30.313193930202285,97.59660339355467,15.0,180.0
91.148123015115,-19.05188772705029,-29.73712734853145,97.69666290283205,15.0,180.0
91.6082545753935,-19.107256339117075,-29.32051262221252,97.79672241210938,15.0,180.0
92.03585449853075,-19.111902333604352,-28.94943643156348,97.89664459228516,15.0,180.0
92.28911544209862,-19.222280505345857,-28.718278427580803,97.99656677246094,15.0,180.0
92.29011085345287,-19.666614763115867,-28.60820154733552,98.09668731689452,15.0,180.0
92.05767898249611,-20.42160622015016,-28.587106949738256,98.09668731689452,15.0,180.0
91.92321642915977,-21.13878575890121,-28.68278811050199,98.1966552734375,15.0,180.0
92.10574990660758,-21.465866354346154,-28.985733352592824,98.29657745361328,15.0,180.0
92.34697528783003,-21.439008436702025,-29.50546867625681,98.39664459228516,15.0,180.0
92.40466863083314,-21.40498257273366,-29.993273215102107,98.49646759033205,15.0,180.0
92.28289745786329,-21.5570496773222,-30.40090749123505,98.5966339111328,15.0,180.0
92.05927858860773,-21.709997976904067,-30.82482196981583,98.6966781616211,15.0,180.0
91.92336086685442,-21.71944079729932,-31.15939241210961,98.79650115966795,15.0,180.0
91.9207315817839,-21.569111742572687,-31.2899778458484,98.79650115966795,15.0,180.0
91.93724238912549,-21.257184766999107,-31.234142219696466,98.89639282226562,15.0,180.0
92.02361845038952,-20.9794278114371,-31.09249826590263,98.99659729003906,15.0,180.0
92.27834809515775,-20.833194626176493,-30.90607125265809,99.0967254638672,15.0,180.0
92.60297803351524,-20.75594339728525,-30.787753623618933,99.1968002319336,15.0,180.0
92.87552358583694,-20.64115559786518,-30.83183414083468,99.29669952392578,15.0,180.0
93.0603935573859,-20.29703903948794,-30.894333263277986,99.39654541015624,15.0,180.0
93.26591394465284,-19.793864194350128,-30.93497513612085,99.49652862548828,15.0,180.0
93.48024423490656,-19.45067907136764,-31.11498069454212,99.49652862548828,15.0,180.0
93.4581437075404,-19.39895046206899,-31.43137059730364,99.5965805053711,15.0,180.0
93.2462559732546,-19.534707764405404,-31.76759190839616,99.69668579101562,15.0,180.0
93.13688509176768,-19.854363825284643,-32.136401257301046,99.79596710205078,15.0,180.0
93.21875461735291,-20.43398234100964,-32.57929676261944,99.88394165039062,15.0,180.0
93.4165102579333,-21.21286813442334,-32.966993772453,99.94441223144533,15.0,180.0
93.73775731562117,-22.018003162765964,-33.037315619779235,99.97472381591795,15.0,180.0
94.15160235856816,-22.6790108121321,-32.77617439099854,99.97472381591795,15.0,180.0
94.48368374162024,-23.13320110169181,-32.390686795541264,99.98704528808594,15.0,180.0
94.6735965215086,-23.45999095621412,-32.0244957458401,99.99374389648438,15.0,180.0
94.74843064696864,-23.60371999304454,-31.7213273870732,99.99691009521484,15.0,180.0
94.652350199882,-23.31711083861636,-31.42940026872134,99.99850463867188,15.0,180.0
94.38355923057463,-22.767831755438195,-31.17444910586549,99.99928283691406,15.0,180.0
94.13671669833168,-22.32113849139226,-31.01139263948743,99.99967193603516,15.0,180.0
94.13922703991202,-21.975764265191795,-31.004407800102047,99.99987030029295,15.0,180.0
94.31768029096884,-21.67954045037974,-31.207937387602403,99.99987030029295,15.0,180.0
94.52471474252324,-21.48710316307684,-31.57032546195972,99.99996948242188,15.0,180.0
94.82972071289036,-21.30058135176323,-31.95407219365379,100.0000305175781,15.0,180.0
95.33231423814588,-20.98195327475843,-31.943724113967285,100.0000534057617,15.0,180.0
96.009414802913,-20.52246699992472,-31.338717248808887,100.0000610351562,15.0,180.0
96.61870269387668,-20.03157256472444,-30.69335207559088,100.0000686645508,15.0,180.0
97.0434065898529,-19.666474935544365,-30.532388057739787,100.0000686645508,15.0,180.0
97.4053004047976,-19.48501885807207,-30.792831610176684,100.0000686645508,15.0,180.0
97.74850202942012,-19.614488529573165,-31.275928563991208,100.0000610351562,15.0,180.0
98.17887875604426,-20.20332963427677,-31.805367949409163,100.0000610351562,15.0,180.0
98.61499376098774,-21.110183936366305,-32.23496732001182,100.0000610351562,15.0,180.0
98.78753347308754,-21.91000628392481,-32.61217748026363,100.0000457763672,15.0,180.0
98.77998919780792,-22.3095497239813,-32.826377005140635,100.0000457763672,15.0,180.0
98.88684074835672,-22.504842369337204,-32.82688990946275,100.0000381469727,15.0,180.0
99.18999840210084,-22.75279469540793,-32.796120746272805,100.0000381469727,15.0,180.0
99.47030063038768,-23.10172733413513,-32.86238429680443,100.0000381469727,15.0,180.0
99.6488521341424,-23.43698508655756,-33.16377120661883,100.0000305175781,15.0,180.0
99.8732836705563,-23.662898855890568,-33.581972886893006,100.0000305175781,15.0,180.0
100.15323095804293,-23.89684745637511,-33.88313335715523,100.0000305175781,15.0,180.0
100.51408766449802,-24.05330529553641,-33.923440680953746,100.0000228881836,15.0,180.0
100.92826787492277,-24.100039593233927,-33.78740720614534,100.0000228881836,15.0,180.0
101.1494575367243,-24.187270763961187,-33.669073400979144,100.0000152587891,15.0,180.0
101.14612185711788,-24.235031691865373,-33.56054730066589,100.0000152587891,15.0,180.0
101.10851089942142,-24.179740040824736,-33.58223520860756,100.0000152587891,15.0,180.0
101.07061150476945,-24.06964127813726,-33.714883460517584,100.0000152587891,15.0,180.0
101.07654119523514,-23.886335742561325,-33.72124627749265,100.0000076293945,15.0,180.0
101.22573844291703,-23.54292336229848,-33.65689834344076,100.0000076293945,15.0,180.0
101.47928085537504,-23.22154581940049,-33.646666459720905,100.0000076293945,15.0,180.0
101.77818559074606,-23.13711696671256,-33.59165346118907,100.0000076293945,15.0,180.0
102.07820353904484,-23.121020060094057,-33.46482890593605,100.0000076293945,15.0,180.0
102.32498657669912,-23.082820664931443,-33.613866379785186,100.0000076293945,15.0,180.0
102.55046164805437,-22.980776943317867,-34.10868434802193,100.0000076293945,15.0,180.0
102.8454937340793,-22.75651809543335,-34.621178405496586,100.0000076293945,15.0,180.0
103.07367062057764,-22.593979788057823,-34.901408557713864,100.0,15.0,180.0
103.07144185821878,-22.632388289791287,-34.777860234431245,100.0,15.0,180.0
103.11034244406754,-22.776590658726207,-34.49663975407147,100.0,15.0,180.0
103.3641741543248,-22.870797814167545,-34.44072734386916,100.0000076293945,15.0,180.0
103.64133863123884,-22.95788226473752,-34.6593231487975,100.0,15.0,180.0
103.8034911607874,-23.16147593717499,-35.02558972719377,100.0,15.0,180.0
103.86363048373175,-23.43361528684516,-35.478498208827595,100.0,15.0,180.0
103.92629689325156,-23.70268633182791,-35.96574727574795,100.0,15.0,180.0
103.93329226804948,-23.95787232812737,-36.10746285149707,100.0,15.0,180.0
103.830964008127,-24.08509613951244,-35.667165245246245,100.0,15.0,180.0
103.71757646902316,-23.94718619074175,-35.0371954015913,100.0,15.0,180.0
103.6189544963604,-23.64505147602592,-34.48890552473337,100.0000076293945,15.0,180.0
103.55220005022244,-23.29359177188869,-33.99631216076632,100.0000076293945,15.0,180.0
103.55797297544947,-22.92124378750796,-33.51357562629073,100.0,15.0,180.0
103.61292204732504,-22.635815505941927,-33.046768657481515,100.0,15.0,180.0
103.7291846665754,-22.49276097136577,-32.70541601640009,100.0,15.0,180.0
104.12876300347811,-22.44984486416276,-32.407975544595146,100.0,15.0,180.0
104.81775043262994,-22.525850651580846,-32.10278819125272,100.0,15.0,180.0
105.47490612918844,-22.70062031727222,-31.915650542087672,100.0,15.0,180.0
105.99983238676802,-22.96394887619114,-31.933327302663763,100.0,15.0,180.0
106.32969866001493,-23.508078476353404,-31.90673729529969,100.0,15.0,180.0
106.42272055200938,-24.23781140139455,-31.6332547910565,100.0,15.0,180.0
106.43728417158162,-24.76091077357635,-31.394622283934105,100.0,15.0,180.0
106.41179763833104,-24.888377334257143,-31.34877043540301,100.0,15.0,180.0
106.44171621653985,-24.768173213032924,-31.469352183613843,100.0,15.0,180.0
106.49564429532498,-24.71680377130016,-31.695867515490058,100.0,15.0,180.0
106.44272592613434,-24.73177521983532,-31.825708690685765,100.0,15.0,180.0
106.32464210840588,-24.58301203607482,-31.901147619407777,100.0,15.0,180.0
106.19684679437816,-24.36004157865677,-32.086280406878856,100.0,15.0,180.0
106.26656913799997,-24.358796369287937,-32.22522947376049,100.0,15.0,180.0
106.49610665809908,-24.44940128757315,-32.2338429297779,100.0,15.0,180.0
106.60920896092742,-24.266786337842326,-32.2694541844781,100.0,15.0,180.0
106.61323544859567,-23.947967806605643,-32.415720040478234,100.0,15.0,180.0
106.76934108013154,-23.7384470302048,-32.614665408750625,100.0,15.0,180.0
107.09935275950323,-23.51787930704841,-32.76269170801068,100.0,15.0,180.0
107.34722847148365,-23.17498543235252,-32.801984855182944,100.0,15.0,180.0
107.52362351299382,-22.81022504889524,-32.6637584612319,100.0,15.0,180.0
107.70325626157836,-22.613515894022463,-32.465026403926394,100.0,15.0,180.0
107.930587985526,-22.649119170539667,-32.444011111885104,100.0,15.0,180.0
108.3261602942058,-22.678781580034745,-32.57674734831601,100.0,15.0,180.0
108.8542994625612,-22.524757609426715,-32.72744714556073,100.0,15.0,180.0
109.24567484749434,-22.337078764204183,-32.96583418732328,100.0,15.0,180.0
109.24769403504035,-22.23182099195729,-33.39592927177032,100.0,15.0,180.0
109.02172816957852,-22.150027684814024,-33.86097619988187,100.0,15.0,180.0
108.8589134769792,-22.014731747466687,-34.15680748126685,100.0,15.0,180.0
108.91158392471344,-21.92690330799249,-34.24042936476337,100.0,15.0,180.0
109.0558502562387,-21.98210781121012,-34.20022296190537,99.99999237060548,15.0,180.0
108.98350838757553,-22.127360841383343,-34.08661102862777,100.0,15.0,180.0
108.6853261193597,-22.349308636655,-33.81528800761033,100.0,15.0,180.0
108.27186722539037,-22.48954381446305,-33.51520921925611,100.0,15.0,180.0
107.79875602413318,-22.513824495470168,-33.49066685498159,100.0,15.0,180.0
107.34613066340928,-22.641032104633894,-33.538992983891475,100.0,15.0,180.0
106.84338615847408,-22.77448714356692,-33.312077352081566,100.0,15.0,180.0
106.16390942153026,-22.78757803222259,-32.99424609287523,100.0,15.0,180.0
105.43824622975718,-22.714702917096364,-32.7606495050403,100.0,15.0,180.0
104.97559597740032,-22.56121501307964,-32.46389677567313,100.0,15.0,180.0
104.90794333730275,-22.507670991557696,-31.84836620306691,100.0,15.0,180.0
105.04040004305988,-22.551176375929465,-30.957310674830097,100.0,15.0,180.0
105.18804358033536,-22.505093693777223,-30.26453704729156,100.0,15.0,180.0
105.24893955407715,-22.489494537835256,-30.009202130276154,100.0,15.0,180.0
105.17349234804884,-22.54603512829361,-29.990755824530137,100.0,15.0,180.0
105.1325964853591,-22.57085867232938,-30.057990393846616,100.0,15.0,180.0
105.19874944868228,-22.68098394258343,-30.22111146600553,100.0,15.0,180.0
105.24132217479968,-22.981654431619937,-30.3981313592082,100.0,15.0,180.0
105.26987721927964,-23.35287099548645,-30.5084561933378,100.0,15.0,180.0
105.34346411284967,-23.60025866052991,-30.56661354017821,100.0,15.0,180.0
105.41360668261431,-23.649360951861908,-30.658253694420825,100.0,15.0,180.0
105.59442157920228,-23.58905923835181,-30.948786113832067,100.0,15.0,180.0
105.80490327971005,-23.568495255788385,-31.369031831024536,100.0,15.0,180.0
105.68181886113727,-23.62877194241853,-31.71010208525684,100.0,15.0,180.0
105.23059821846864,-23.788581448122805,-31.93336159219053,100.0,15.0,180.0
104.7291200361291,-24.08683163864695,-32.013751272191364,100.0,15.0,180.0
104.44762226620318,-24.43378784967383,-32.09004282640991,100.0,15.0,180.0
104.37293488901858,-24.67332251757613,-32.326050172964415,100.0,15.0,180.0
104.23770828748732,-24.679211858328205,-32.51973025910551,100.0,15.0,180.0
104.05365396215738,-24.45444788899341,-32.54115452228278,99.99999237060548,15.0,180.0
103.89883146888228,-24.243579844216008,-32.574043364703016,100.0,15.0,180.0
103.7319963617557,-24.28236650279286,-32.85419209321431,100.0,15.0,180.0
103.73474598600052,-24.373389838232928,-33.36222062703795,100.0,15.0,180.0
104.03445324568382,-24.37542003539985,-33.87254640314188,100.0,15.0,180.0
104.49303066983153,-24.474366729126253,-34.1852736032133,100.0,15.0,180.0
104.99856931134724,-24.66219725337756,-34.106036745249504,100.0,15.0,180.0
105.51516698802564,-24.858351801311848,-33.630110554752186,100.0,15.0,180.0
106.0487517088844,-24.932176504109577,-33.09471495486129,100.0,15.0,180.0
106.4719806337585,-24.71011989787513,-32.703746933877845,100.0,15.0,180.0
106.53177031854966,-24.294352194074584,-32.31916825673425,100.0,15.0,180.0
106.34068774394048,-23.9508424084125,-31.98182166083064,100.0,15.0,180.0
106.29663200731753,-23.73894542599091,-31.81369499497021,100.0,15.0,180.0
106.43034691140748,-23.517387074214216,-31.801049660971167,100.0,15.0,180.0
106.49255078447597,-23.317065257535752,-31.84396248562748,100.0,15.0,180.0
106.36168113925504,-23.32379471211284,-31.77171365169882,100.0,15.0,180.0
106.09020325297352,-23.40814288331827,-31.529280922650887,100.0,15.0,180.0
105.94300312501568,-23.204047595005907,-31.248182272203657,100.0,15.0,180.0
105.99376265578177,-22.866369021502848,-31.10695598068677,100.0,15.0,180.0
106.00507145389676,-22.76057116344781,-31.09452769104556,100.0,15.0,180.0
105.93922283590352,-22.847705632491447,-31.08548449284439,100.0,15.0,180.0
105.990060712897,-23.016603523024862,-30.98021048806264,100.0,15.0,180.0
106.36316806243406,-23.164334656352864,-30.898550715896445,100.0,15.0,180.0
107.00631192091912,-23.32842469323139,-31.01365061356352,100.0,15.0,180.0
107.58635193334965,-23.62952638064236,-31.16199780220795,100.0,15.0,180.0
107.9496416583966,-23.906724519205667,-31.183424485549565,100.0,15.0,180.0
108.126906506658,-24.0578001984033,-31.134129222489943,100.0,15.0,180.0
108.15045772916412,-24.110407026398214,-31.16502577767011,100.0,15.0,180.0
108.05745044247242,-24.07207807541881,-31.46056964141016,100.0,15.0,180.0
107.88344468952836,-23.99209803279384,-32.104575953979165,100.0,15.0,180.0
107.6558056925865,-23.86461848690187,-32.91042582872898,100.0,15.0,180.0
107.42956588489176,-23.770664237975858,-33.55503011278383,100.0,15.0,180.0
107.36427210879629,-23.753892799079804,-33.80088656677624,100.0,15.0,180.0
107.45742774641631,-23.702771427744786,-33.62491285748773,100.0,15.0,180.0
107.48312841725134,-23.54303943059828,-33.3179733052914,100.0,15.0,180.0
107.42508108700618,-23.20984932115744,-33.13225432339163,100.0,15.0,180.0
107.47496117055653,-22.89586376408486,-33.077521283294594,100.0,15.0,180.0
107.59084925884792,-22.856788578243066,-33.07488468060463,100.0,15.0,180.0
107.5846730706942,-22.887143459683465,-33.10162684894328,100.0,15.0,180.0
107.50047509680267,-22.67640348744134,-33.137984103282506,100.0,15.0,180.0
107.46607214033956,-22.27677370161573,-33.08876316434386,100.0,15.0,180.0
107.43093701921,-21.874188324123352,-32.97745102186064,100.0,15.0,180.0
107.354626875735,-21.53205274817396,-32.9740468053011,100.0,15.0,180.0
107.243446890502,-21.309676775957087,-33.081177041741284,100.0,15.0,180.0
107.08997350261828,-21.34973857889623,-33.08343335375947,100.0,15.0,180.0
106.994531041566,-21.556552389826912,-32.80575126417663,100.0,15.0,180.0
107.04289728195774,-21.66790355545718,-32.35039348801538,100.0,15.0,180.0
107.23346934340718,-21.890661250473503,-32.05633440737829,100.0,15.0,180.0
107.50765834113524,-22.35125384391809,-31.998705269729484,100.0,15.0,180.0
107.80509416588832,-22.802854234706995,-31.996370040702644,100.0,15.0,180.0
107.87420033403392,-23.22180237173061,-31.950150784330848,100.0,15.0,180.0
107.5218330574827,-23.65243796556266,-31.88375430960672,100.0,15.0,180.0
106.9604812320742,-23.987491886575214,-31.869771913701346,100.0,15.0,180.0
106.435007233835,-24.11005112680935,-31.909681198865428,100.0,15.0,180.0
106.0614534117414,-24.08547850204307,-31.90853149540968,100.0,15.0,180.0
105.8260114394904,-24.13744712199989,-31.869078187340964,100.0,15.0,180.0
105.77969957471464,-24.344560498614864,-31.86659697582881,100.0,15.0,180.0
106.0002190155407,-24.678834720641355,-31.82730207626438,100.0,15.0,180.0
106.30695773926722,-24.890836952445333,-31.67368754698657,100.0,15.0,180.0
106.37773556508682,-24.66787178422542,-31.520420655326124,100.0,15.0,180.0
106.11100276719844,-24.244132913860483,-31.3294142446824,100.0,15.0,180.0
105.72764012113288,-23.93541727050457,-30.8295955771542,100.0,15.0,180.0
105.47748294068126,-23.74318013799457,-30.151625953231104,100.0,15.0,180.0
105.48117532358567,-23.57876141754077,-29.61190377277564,100.0,15.0,180.0
105.63029551111072,-23.397041740019944,-29.413441948991547,100.0,15.0,180.0
105.8005027385583,-23.405786958027925,-29.64087506019475,100.0,15.0,180.0
106.01215172711184,-23.81159144893736,-30.06528485249401,100.0,15.0,180.0
106.13696764020946,-24.24995494003316,-30.503071052176765,100.0,15.0,180.0
106.04807844243192,-24.339283307796016,-30.975683133708564,100.0,15.0,180.0
105.74981787197274,-24.20260944134989,-31.48261088624028,100.0,15.0,180.0
105.4825631002888,-23.929985931546604,-32.02679642008091,100.0,15.0,180.0
105.54071803893048,-23.61812174895769,-32.58946712954544,100.0,15.0,180.0
105.81859142082348,-23.492173578816693,-33.00092477443825,100.0,15.0,180.0
106.07983882372456,-23.44973415897124,-33.203533301467814,100.0,15.0,180.0
106.1602568648724,-23.294956486964107,-33.29683421663386,100.0,15.0,180.0
106.1014609446501,-23.12622297782413,-33.343875110052664,100.0,15.0,180.0
106.16526689930768,-22.98957576595076,-33.35210339491285,100.0,15.0,180.0
106.33044861457408,-22.9037302152176,-33.223190101408704,100.0,15.0,180.0
106.27022683876528,-22.92307467234119,-32.946823563175684,100.0,15.0,180.0
105.96100074753735,-22.949631524089867,-32.52327896528921,100.0,15.0,180.0
105.69015362474558,-22.8963300219643,-31.9889097353979,100.0,15.0,180.0
105.64705746836162,-22.851378886967453,-31.699912612777663,100.0,15.0,180.0
105.78938674207173,-23.07697532501828,-31.65526445348221,100.0,15.0,180.0
105.920333970073,-23.607955384029065,-31.522082709078703,100.0,15.0,180.0
105.96414227849586,-24.000670821947523,-31.187721764737653,100.0,15.0,180.0
106.0093936456266,-23.98086336627009,-30.74841447416697,100.0,15.0,180.0
106.03274894131938,-23.691016666104275,-30.54443935331151,100.0,15.0,180.0
105.97807797312176,-23.266750026501445,-30.557842983508195,100.0,15.0,180.0
105.99524995378636,-22.7893809329429,-30.537947614661125,100.0,15.0,180.0
106.17005339775396,-22.385793582606524,-30.587200093618613,100.0,15.0,180.0
106.38006507099269,-22.149564373691344,-30.916866256392776,100.0,15.0,180.0
106.50638497444596,-21.91613281131847,-31.384525791077102,100.0,15.0,180.0
106.6457265801355,-21.673996314097224,-31.581565647865887,100.0,15.0,180.0
106.96738735959136,-21.67559014418656,-31.504957908794808,100.0,15.0,180.0
107.33308793739506,-21.861801183005017,-31.480563701906,100.0,15.0,180.0
107.5682207756526,-22.0189741905477,-31.71218318857656,100.0,15.0,180.0
107.73962116547358,-22.07311636796373,-32.04746980884871,100.0,15.0,180.0
107.84655812652078,-22.15373433811618,-32.1917406788144,100.0,15.0,180.0
107.81047522669267,-22.33188620389204,-32.314851800160284,100.0,15.0,180.0
107.63003626918884,-22.331969148031,-32.66090810204627,100.0,15.0,180.0
107.41154685530245,-22.053942452278708,-32.98721528777414,100.0,15.0,180.0
107.29819020709196,-21.82806115877214,-33.04907938964752,100.0,15.0,180.0
107.34186893956992,-21.81668044070195,-32.982550402198314,100.0,15.0,180.0
107.44732605839718,-22.010255709733567,-32.93618712576976,100.0,15.0,180.0
107.42365238787453,-22.29767820502986,-32.90779193856996,100.0,15.0,180.0
107.22985758284756,-22.383773407871978,-32.87150707859594,100.0,15.0,180.0
106.87906805476608,-22.228067108120385,-32.77520731134632,100.0,15.0,180.0
106.4704068959848,-22.05088963830801,-32.66256181230114,100.0,15.0,180.0
106.2091743679274,-22.100956954251004,-32.626510379504765,100.0,15.0,180.0
106.09143007133775,-22.262847087597,-32.64038993531812,100.0,15.0,180.0
106.14804598743788,-22.350924559579664,-32.58070956593706,100.0,15.0,180.0
106.4478194506876,-22.51841001330102,-32.418407028954,100.0,15.0,180.0
106.83958908015802,-22.69226056509634,-32.11406401671203,100.0,15.0,180.0
107.13051566367032,-22.637102566147995,-31.588467922040955,100.0,15.0,180.0
107.3314584838842,-22.43058394147752,-31.172968911754666,100.0,15.0,180.0
107.51547421971526,-22.359164027397263,-31.26093780122013,100.0,15.0,180.0
107.62147490265836,-22.46828326931312,-31.583524091144657,100.0,15.0,180.0
107.65177671473428,-22.63824318245816,-31.844599593484865,100.0,15.0,180.0
107.61122093610798,-22.786030669963083,-32.25109718954898,100.0,15.0,180.0
107.39562238147444,-22.81620572698733,-32.61718798942644,100.0,15.0,180.0
107.03589973970332,-22.71313210541129,-32.67656982239687,100.0,15.0,180.0
106.66045156435882,-22.50884435439714,-32.641277031216774,100.0,15.0,180.0
106.32476556887076,-22.2251654405186,-32.561007813047816,100.0,15.0,180.0
106.08831176985524,-21.90646358246549,-32.480916930403666,100.0,15.0,180.0
105.93905573361188,-21.63431157364329,-32.59895030118855,100.0,15.0,180.0
105.80243058622004,-21.49497045076992,-32.878387513878664,100.0,15.0,180.0
105.70697047761874,-21.394564446634607,-32.99321198854801,100.0,15.0,180.0
105.70570439288288,-21.14128402668329,-32.77904526323371,100.0,15.0,180.0
105.60649670852516,-20.843647604435283,-32.4202806241314,100.0,15.0,180.0
105.33971971432888,-20.626066496015763,-32.03579551683776,100.0,15.0,180.0
105.21605396274364,-20.539535584372747,-31.58908422422716,100.0,15.0,180.0
105.31613343497568,-20.627887963620925,-31.08828553345853,100.0,15.0,180.0
105.48849078355812,-20.697949952139144,-30.6888578071528,100.0,15.0,180.0
105.6704034241449,-20.717665207778484,-30.65832744055841,100.0,15.0,180.0
105.93249607372448,-20.83323320184797,-30.99584753004937,100.0,15.0,180.0
106.31270977511454,-21.057917345511694,-31.228403900301835,100.0,15.0,180.0
106.60623356133866,-21.37523665416904,-31.12702633514353,100.0,15.0,180.0
106.721713346865,-21.65582041456338,-30.989263430094127,100.0,15.0,180.0
106.81463627135732,-21.93974059488071,-31.03259628438301,100.0,15.0,180.0
106.91596273857957,-22.471108674742144,-31.238122996628537,100.0,15.0,180.0
106.9454336808726,-23.040266534182607,-31.45050699301467,100.0,15.0,180.0
107.009040572999,-23.471917128662227,-31.744267374452225,100.0,15.0,180.0
107.30785866852771,-23.94356762003593,-32.17665718575021,100.0,15.0,180.0
107.81201759691152,-24.27007710762025,-32.51333708702354,100.0,15.0,180.0
108.23731848270032,-24.28221976450281,-32.71401734968182,100.0,15.0,180.0
108.39343781133732,-24.257779935951685,-32.724686615757015,100.0,15.0,180.0
108.43974284358538,-24.277323893603217,-32.59948353501378,100.0,15.0,180.0
108.5143148919362,-24.17121107943464,-32.65893721246925,100.0,15.0,180.0
108.5339785756626,-23.869164029542304,-32.83477097531492,100.0,15.0,180.0
108.4507360613843,-23.495036340910588,-32.91765348323994,100.0,15.0,180.0
108.29785439439402,-23.165407378562364,-33.01989887116434,100.0,15.0,180.0
108.2543325415458,-22.84855608687373,-33.153911061736565,100.0,15.0,180.0
108.39812943834605,-22.605712815623228,-33.20797090252477,100.0,15.0,180.0
108.54087260867044,-22.49537920460333,-33.138679635926806,100.0,15.0,180.0
108.61628096107052,-22.538485478111333,-32.839264953638484,100.0,15.0,180.0
108.71422308708637,-22.76124266630229,-32.38345047383788,100.0,15.0,180.0
108.9064413188774,-23.014447829591653,-32.13474395055443,100.0,15.0,180.0
109.22322947732124,-23.15196243965929,-32.197429122129826,100.0,15.0,180.0
109.58518946353648,-23.168758032532352,-32.32522682045385,100.0,15.0,180.0
109.87670859053844,-23.08836941277097,-32.3548059751246,100.0,15.0,180.0
109.97504352777013,-23.006009472587785,-32.342095706958006,100.0,15.0,180.0
109.88053954475262,-22.91483217580729,-32.31328914300177,100.0,15.0,180.0
109.75740701779604,-22.674685978516145,-32.267484575427964,100.0,15.0,180.0
109.55304769114896,-22.323915557030418,-32.202058119105494,100.0,15.0,180.0
109.2677576083076,-22.011930308474174,-32.010544854624406,100.0,15.0,180.0
109.0871675946871,-21.86148853698297,-31.72653929972792,100.0,15.0,180.0
109.01391490423856,-21.909777729479018,-31.42522863284447,100.0,15.0,180.0
108.9901343403175,-21.94919748675563,-31.23097418308156,100.0,15.0,180.0
108.77958377851218,-21.73050579161121,-31.355314919964258,100.0,15.0,180.0
108.26975668763382,-21.3145478296439,-31.736344211263944,100.0,15.0,180.0
107.75591515538136,-21.02746415732473,-32.18524894102953,100.0,15.0,180.0
107.43103470386936,-21.035232524321923,-32.59644280327268,100.0,15.0,180.0
107.36452118154664,-21.18725183707086,-32.88599236094383,100.0,15.0,180.0
107.51939473860112,-21.204865042200133,-33.00861717711001,100.0,15.0,180.0
107.65689215785716,-21.081049031343937,-33.00405108351142,100.0,15.0,180.0
107.68925226474438,-21.089891898324804,-33.10290295941307,100.0,15.0,180.0
107.66068115997696,-21.23366088311296,-33.39341990802675,100.0,15.0,180.0
107.60921367697324,-21.446739568235166,-33.6266769487698,100.0,15.0,180.0
107.69277374081992,-21.8029054948762,-33.59889402996421,100.0,15.0,180.0
107.828237589376,-22.18665022391632,-33.436450904220415,100.0,15.0,180.0
107.80527720768936,-22.383386368841915,-33.37945834434894,100.0,15.0,180.0
107.75405269696564,-22.465226978979945,-33.373088754041184,100.0,15.0,180.0
107.7101779488646,-22.696402639000503,-33.31668343084757,100.0,15.0,180.0
107.5470137424052,-23.009891676984097,-33.25731134024288,100.0,15.0,180.0
107.53328226116352,-23.19418520262625,-33.29266098624397,100.0,15.0,180.0
107.88144827343746,-23.33030407113481,-33.657281460227004,100.0,15.0,180.0
108.31079847718811,-23.514776469307886,-34.33881576825896,100.0,15.0,180.0
108.71174517460048,-23.655477183251783,-34.89850972344904,100.0,15.0,180.0
109.1653322935847,-23.716973935095723,-35.06355979342312,100.0,15.0,180.0
109.3988477289234,-23.72714000101879,-35.05609513073525,100.0,15.0,180.0
109.22940069705356,-23.708666762943167,-35.18269494316958,100.0,15.0,180.0
108.91724824795465,-23.73227891292364,-35.457884910907225,100.0,15.0,180.0
108.6776738721141,-23.76089903858263,-35.80931041962012,100.0,15.0,180.0
108.59829480865402,-23.666279814693983,-36.121367837245614,100.0,15.0,180.0
108.70137039907792,-23.49107890378184,-36.24901123043813,100.0,15.0,180.0
108.85437774128891,-23.42260403185744,-36.33415318431349,100.0,15.0,180.0
109.00109916052205,-23.40428283715621,-36.41255720432852,100.0,15.0,180.0
109.26799324318652,-23.23181276652036,-36.188271712147774,100.0,15.0,180.0
109.58735344773596,-23.02146105433348,-35.81862240392508,100.0,15.0,180.0
109.73376899504784,-22.98752357570857,-35.649976770887136,100.0,15.0,180.0
109.84631619707407,-22.96484716222125,-35.590616887055695,100.0,15.0,180.0
110.10137015120227,-22.65699772836438,-35.38159047702437,100.0,15.0,180.0
110.27713770476753,-22.319349710417512,-34.978016926025305,100.0,15.0,180.0
110.2049155750946,-22.336677665253017,-34.69734328265476,100.0,15.0,180.0
110.01180773618962,-22.610087214103007,-34.69115518559822,100.0,15.0,180.0
109.7108465172517,-22.995202015034984,-34.680362606032524,100.0,15.0,180.0
109.35254183319398,-23.40983081147381,-34.487256713557095,100.0,15.0,180.0
109.14456045221336,-23.744196234306592,-34.27222653096504,100.0,15.0,180.0
109.04487791463174,-23.92116341861264,-34.21890518815398,100.0,15.0,180.0
108.9714351078564,-23.94957468321153,-34.27258712201916,100.0,15.0,180.0
108.8626155968063,-23.864028516220788,-34.287493351605434,100.0,15.0,180.0
108.54116839361724,-23.606143118638755,-34.190317009400296,100.0,15.0,180.0
108.15977210191218,-23.191821856797297,-34.04922223774966,100.0,15.0,180.0
108.09929774465996,-22.68230063898753,-34.15710819015832,100.0,15.0,180.0
108.47502490349886,-22.241249823269943,-34.57733534989683,100.0,15.0,180.0
109.16099761265268,-22.161463299730435,-34.8954786585429,100.0,15.0,180.0
109.89954878021004,-22.43603784409561,-34.788665058171446,100.0,15.0,180.0
110.36444093665602,-22.655822766842583,-34.50228831453541,100.0,15.0,180.0
110.44626490707098,-22.609845615243785,-34.441872318511,100.0,15.0,180.0
110.35853997295624,-22.589972672578263,-34.57737239732496,100.0,15.0,180.0
110.33840281779392,-22.66661723049297,-34.74570868371114,100.0,15.0,180.0
110.34967795085666,-22.6245416378504,-34.88895782924073,100.0,15.0,180.0
110.31858758194808,-22.51153806035163,-34.81934016637996,100.0,15.0,180.0
110.31219639763869,-22.235830394688936,-34.429457269184425,100.0,15.0,180.0
110.2166938727359,-21.709601590976767,-33.98702544266186,100.0,15.0,180.0
109.9729149686104,-21.27811224090028,-33.70352639220179,100.0,15.0,180.0
109.700238536962,-21.17394522574568,-33.47543256221165,100.0,15.0,180.0
109.43107187358744,-21.082113755567523,-33.306648859774185,100.0,15.0,180.0
109.19814833313644,-20.80090922843873,-33.28344288663586,100.0,15.0,180.0
109.06838431747772,-20.751204503105,-33.35397152551235,100.0,15.0,180.0
108.98665991073987,-21.051276456554884,-33.47583483922864,100.0,15.0,180.0
108.91285696385596,-21.38613630897064,-33.71365499294084,100.0,15.0,180.0
109.00115157065322,-21.68874803812112,-34.06734731844492,100.0,15.0,180.0
109.2565238872068,-22.01104363911197,-34.44664814338949,100.0,15.0,180.0
109.49706491859344,-22.243967536650192,-34.814794499587485,100.0,15.0,180.0
109.68448480713208,-22.25926144009453,-35.082962780580985,100.0,15.0,180.0
109.8133048483176,-22.26320694929401,-35.20316650778336,100.0,15.0,180.0
109.82118249851683,-22.47112114022981,-35.13795402469089,100.0,15.0,180.0
109.72012839341087,-22.782763236011508,-34.88209564204517,100.0,15.0,180.0
109.63591278496028,-23.108346047198776,-34.66576490828102,100.0,15.0,180.0
109.6628733219615,-23.32892601086209,-34.51940366163914,100.0,15.0,180.0
109.83268578952668,-23.42700557105092,-34.45503666591113,100.0,15.0,180.0
110.15829981260208,-23.54588135084236,-34.645729162621066,100.0,15.0,180.0
110.36023798595956,-23.535563544509245,-34.857375555128954,100.0,15.0,180.0
110.15925600907282,-23.30432727846173,-34.98529218120641,100.0,15.0,180.0
109.83130115909458,-22.992801360900177,-35.27283375228898,100.0,15.0,180.0
109.81518823301458,-22.662214760113585,-35.52109739457608,100.0,15.0,180.0
110.1890093690783,-22.392239503202266,-35.45082001458353,100.0,15.0,180.0
110.58633952448427,-22.28902440276608,-35.36173551467468,100.0,15.0,180.0
110.73985777147568,-22.343117088296943,-35.55167240323344,100.0,15.0,180.0
110.83889213177352,-22.47943805879953,-35.93916786522836,100.0,15.0,180.0
110.91955997115404,-22.61082268388139,-36.36081637499972,100.0,15.0,180.0
110.7818336816845,-22.680159163807005,-36.6057199242542,100.0,15.0,180.0
110.45317898041522,-22.848152844288684,-36.49607653420516,100.0,15.0,180.0
110.17859263374632,-23.03081557649053,-36.174814598914935,100.0,15.0,180.0
110.13465093455784,-22.96229482452492,-35.83990564037631,100.0,15.0,180.0
110.21050342277404,-22.80974870533085,-35.331445893675564,100.0,15.0,180.0
110.21313578059508,-22.609631749904377,-34.85397628548092,100.0,15.0,180.0
110.23240737526432,-22.32229794125725,-34.92071650747474,100.0,15.0,180.0
110.37255918496736,-22.286347415833816,-35.33584502489088,100.0,15.0,180.0
110.53100630609951,-22.68238488029365,-35.709488639575525,100.0,15.0,180.0
110.7521229735976,-23.16418439158474,-35.978608547785726,100.0,15.0,180.0
111.17060437357172,-23.33304939741004,-36.04415377374887,100.0,15.0,180.0
111.671104766117,-23.247623654523235,-35.86292769520411,100.0,15.0,180.0
111.98355362260638,-23.134427018978048,-35.57055020700387,100.0,15.0,180.0
112.0658867538972,-23.11531890602407,-35.36781498771451,100.0,15.0,180.0
112.07688751826116,-23.27071302731045,-35.36269137650727,100.0,15.0,180.0
112.01533666854276,-23.49490438750262,-35.45389353130926,100.0,15.0,180.0
111.86248541666974,-23.577079458619103,-35.549839538601844,100.0,15.0,180.0
111.6310920814777,-23.54673441992061,-35.68673469194102,100.0,15.0,180.0
111.4609238188858,-23.50349705605416,-35.85397717829811,100.0,15.0,180.0
111.57937644750444,-23.49476204520921,-36.01855259394429,100.0,15.0,180.0
111.8915229626066,-23.55102624885739,-36.29994994123409,100.0,15.0,180.0
112.16915751345908,-23.50562610648329,-36.778501547328815,100.0,15.0,180.0
112.3970062421117,-23.334422303170577,-37.197920340249325,100.0,15.0,180.0
112.67697186987976,-23.285776298959966,-37.346874465314286,100.0,15.0,180.0
112.91247515598327,-23.47780560548441,-37.4450949273548,100.0,15.0,180.0
113.0940938098261,-23.95103576678267,-37.63079685848708,100.0,15.0,180.0
113.33935406151708,-24.49933436364104,-37.770907682741935,100.0,15.0,180.0
113.44623693229916,-24.73060918726952,-37.88052958041728,100.0,15.0,180.0
113.21911239956498,-24.618026799352386,-37.97168082657812,100.0,15.0,180.0
112.77494696209,-24.426008748197177,-38.02904404001832,100.0,15.0,180.0
112.54745881631968,-24.349847948932304,-38.13573951351331,100.0,15.0,180.0
112.757921082476,-24.3724340151818,-38.30346153321378,100.0,15.0,180.0
113.02496381579624,-24.323640546261007,-38.57551182425481,100.0,15.0,180.0
113.07474797281488,-24.16873348557387,-38.90384792587968,100.0,15.0,180.0
112.9094225915483,-24.00486876192741,-39.067848093774685,100.0,15.0,180.0
112.77678518718996,-23.846809499610323,-39.03401865642367,100.0,15.0,180.0
112.88715895556068,-23.699712688060124,-39.02900739428407,100.0,15.0,180.0
112.99153434888176,-23.569834650638825,-39.12957659153298,100.0,15.0,180.0
112.96249347631856,-23.546645365160725,-39.11756184136113,100.0,15.0,180.0
112.86539182300928,-23.699810384232,-38.96714510808813,100.0,15.0,180.0
112.69758079072264,-23.89269233710522,-38.91864211546249,100.0,15.0,180.0
112.55110752113148,-23.97228179310492,-38.96799932831564,100.0,15.0,180.0
112.56088383730392,-23.896364680808745,-38.96823952301426,100.0,15.0,180.0
112.67383966805257,-23.780192803550538,-38.89474078832502,100.0,15.0,180.0
112.74542607414124,-23.704396565802742,-38.74089950955518,100.0,15.0,180.0
112.74911922585008,-23.60089013201067,-38.39014665387996,100.0,15.0,180.0
112.65152073271528,-23.51082724331076,-37.782438707871904,100.0,15.0,180.0
112.41917538117164,-23.41559864046237,-37.21376621966627,100.0,15.0,180.0
112.22909175216824,-23.31643907574223,-36.78033766146368,100.0,15.0,180.0
112.29306759440264,-23.336406134008143,-36.36281707823102,100.0,15.0,180.0
112.4207019558254,-23.457782048140764,-36.0726353995318,100.0,15.0,180.0
112.4483551778213,-23.64251229244613,-35.9067365409674,100.0,15.0,180.0
112.51802588137195,-23.85892465245686,-35.925514331829575,100.0,15.0,180.0
112.6333249236593,-24.11927726130724,-36.13158443876192,100.0,15.0,180.0
112.76169376924432,-24.460623722016827,-36.18994880596807,100.0,15.0,180.0
112.84130688525376,-24.76521157586957,-36.10719647973907,100.0,15.0,180.0
112.75446673958945,-24.87083392419109,-36.28309513899298,100.0,15.0,180.0
112.65185504076489,-24.74799654841727,-36.6087490574623,100.0,15.0,180.0
112.7130908572802,-24.598798157601,-36.60840011410819,100.0,15.0,180.0
112.75742517046108,-24.59211680702968,-36.43546164712595,100.0,15.0,180.0
112.79589926198544,-24.61581741319826,-36.53149770031367,100.0,15.0,180.0
113.01208717994264,-24.50989503626148,-36.88137693741854,100.0,15.0,180.0
113.27133475997542,-24.294791249528195,-37.16452830378695,100.0,15.0,180.0
113.36181759317182,-24.20401165790169,-37.41013297246742,100.0,15.0,180.0
113.17689045880088,-24.30025406995174,-37.74543099444652,100.0,15.0,180.0
112.8469298545036,-24.440988869953514,-37.87381631648335,100.0,15.0,180.0
112.45710296977298,-24.569650049585768,-37.78337236193006,100.0,15.0,180.0
112.00502836525646,-24.648818824684195,-37.64381611103291,100.0,15.0,180.0
111.65517167178982,-24.69719223670138,-37.54351204928604,100.0,15.0,180.0
111.55172083538342,-24.7405412825968,-37.75301807023236,100.0,15.0,180.0
111.70071466220816,-24.824494922391573,-38.24309545391035,100.0,15.0,180.0
111.89935375696412,-24.988584727458235,-38.65629698594196,100.0,15.0,180.0
111.9600017278917,-25.06652239854024,-38.8565862083446,100.0,15.0,180.0
111.93571532426088,-24.913882523854383,-38.96654737137078,100.0,15.0,180.0
111.82003146502748,-24.53613558771957,-38.99779243817902,100.0,15.0,180.0
111.50557383041064,-24.109570478072666,-38.979449801658255,100.0,15.0,180.0
111.2111991715741,-23.98888505270705,-39.03749212550876,100.0,15.0,180.0
111.3003569905384,-24.10126978335016,-39.05094864441223,100.0,15.0,180.0
111.70661190088876,-24.122403841740347,-38.84341577683405,100.0,15.0,180.0
112.15102410708762,-24.136361716240952,-38.57268682496855,100.0,15.0,180.0
112.51125444715946,-24.328342461538632,-38.33924577664459,100.0,15.0,180.0
112.76848662587147,-24.667224878158297,-38.0181545574297,100.0,15.0,180.0
112.85274836452592,-24.96354196639444,-37.8066537000211,100.0,15.0,180.0
112.76826633611547,-25.15593901601658,-37.913024512829,100.0,15.0,180.0
112.80778634909956,-25.29480146593972,-38.06831949446922,100.0,15.0,180.0
113.04226432867064,-25.302885115933368,-38.05944188192109,100.0,15.0,180.0
113.19561049120472,-25.211977556650403,-38.08961182416253,100.0,15.0,180.0
113.18723410478616,-25.12536171814446,-38.26412283569242,100.0,15.0,180.0
113.1239171709014,-25.07544887763997,-38.52456822766464,100.0,15.0,180.0
113.04576051517073,-25.027046837639173,-38.693878834214985,100.0,15.0,180.0
113.04226704802464,-24.83306965458652,-38.43300479532075,100.0,15.0,180.0
113.05765812985608,-24.494712987292534,-37.868780685366616,100.0,15.0,180.0
112.9361763390358,-24.28379985951077,-37.50486051465981,100.0,15.0,180.0
112.8239824337939,-24.28128912524265,-37.58498680976591,100.0000076293945,15.0,180.0
112.76629074808116,-24.26321377047305,-38.06664107422097,100.0,15.0,180.0
112.68137207096731,-24.3197794813962,-38.693147180524456,100.0,15.0,180.0
112.82084232770968,-24.620010141160904,-39.120571025845926,100.0,15.0,180.0
113.3163188489809,-24.82785083347486,-39.29045731724532,100.0,15.0,180.0
113.8158309464812,-24.75070578825167,-39.322080894891954,100.0,15.0,180.0
114.09001124255936,-24.69687902278401,-39.29530148163218,100.0,15.0,180.0
114.20249068646604,-24.74275467396832,-39.41139768180665,100.0,15.0,180.0
114.30242062962188,-24.730313694687847,-39.80965411469717,100.0,15.0,180.0
114.44598915768466,-24.699359046988928,-40.19945240423665,100.0,15.0,180.0
114.5104178673144,-24.73874775594459,-40.111066190896565,100.0,15.0,180.0
114.55844248240558,-24.934238144445207,-39.73952173759587,100.0,15.0,180.0
114.681671859506,-25.234541162264723,-39.73509105769818,100.0,15.0,180.0
114.77556038414916,-25.35447979769096,-40.12300070046349,100.0,15.0,180.0
114.8344290714302,-25.174021511742502,-40.40782973599265,100.0,15.0,180.0
114.86940947428364,-25.011366873883222,-40.36385233138296,100.0,15.0,180.0
114.8586389606649,-25.115207270974768,-40.24144901489755,100.0,15.0,180.0
114.94876479374923,-25.262013449556807,-40.30854565028113,100.0,15.0,180.0
115.20490999386313,-25.364992768992508,-40.44474874192047,100.0,15.0,180.0
115.53575649142064,-25.628304389223693,-40.51115926468087,100.0,15.0,180.0
115.95934369136594,-26.058373953053007,-40.48914833416946,100.0,15.0,180.0
116.45210593513296,-26.49509772965297,-40.27477018248642,100.0,15.0,180.0
116.8650127418222,-26.789221773440488,-39.97384378054853,100.0,15.0,180.0
117.142806227148,-26.90951710325053,-39.81076874213112,100.0,15.0,180.0
117.4712105675402,-26.949816116302184,-39.71827175195102,100.0,15.0,180.0
117.85768577079408,-26.8838383161119,-39.58525890494459,100.0,15.0,180.0
117.92847123057904,-26.65420919957645,-39.60210371778494,100.0,15.0,180.0
117.61406335446722,-26.248158411269976,-39.77057181061902,100.0,15.0,180.0
117.22369065989857,-25.736973833529788,-39.8530717912012,100.0,15.0,180.0
116.85518339637512,-25.32393164291245,-39.90889654667757,100.0,15.0,180.0
116.47613625644873,-25.11015784364107,-40.07102979990546,100.0,15.0,180.0
116.23638922023105,-25.11501073302502,-40.35584678134328,100.0,15.0,180.0
116.09609029459013,-25.308589216310686,-40.71569251255917,100.0,15.0,180.0
115.8929751457186,-25.58834690246836,-41.0850036416619,100.0,15.0,180.0
115.73342255387487,-25.911347909279844,-41.39916091520325,100.0,15.0,180.0
115.758730753564,-26.33067911582481,-41.53704612584012,100.0,15.0,180.0
115.98621283248931,-26.725796450245006,-41.46161064697994,100.0,15.0,180.0
116.27020075483075,-26.85148242724344,-41.19067606655103,100.0,15.0,180.0
116.48088017925188,-26.812205838296443,-40.82419479971016,100.0,15.0,180.0
116.62361127753132,-26.82820541672008,-40.50340160541762,100.0,15.0,180.0
116.58483343826636,-26.738240493270496,-40.22134634983097,100.0,15.0,180.0
116.37525019903312,-26.41112048971992,-39.92404757047377,100.0,15.0,180.0
116.2429482570558,-26.12970822019693,-39.65783082335159,100.0,15.0,180.0
116.26043962097428,-26.1509123973698,-39.44668208082953,100.0,15.0,180.0
116.38290046046586,-26.35473193602961,-39.2692028258186,100.0,15.0,180.0
116.55569106048006,-26.56827493146353,-39.26016099297924,100.0,15.0,180.0
116.74958797031184,-26.833517256843887,-39.291199451944806,100.0,15.0,180.0
117.08006239504022,-27.065230508113927,-39.13613826801685,100.0,15.0,180.0
117.40132096340358,-27.1035005978068,-39.03383026381956,100.0,15.0,180.0
117.49531331079912,-27.003165807930223,-39.15204691908296,100.0,15.0,180.0
117.57938744309996,-26.92730661799405,-39.32429614956621,100.0,15.0,180.0
117.76800715825804,-27.021093765667,-39.36406067654833,100.0,15.0,180.0
117.9009561328009,-27.077575450491054,-39.275162871773006,100.0,15.0,180.0
117.95497066039098,-26.84528964050084,-39.12483230710523,100.0,15.0,180.0
117.99046670139413,-26.5478286176657,-38.974094079356405,100.0,15.0,180.0
118.0557775552798,-26.442947694526097,-38.9603129671333,100.0,15.0,180.0
118.13091491245709,-26.632115397702684,-39.05640876819225,100.0,15.0,180.0
118.17648048408395,-26.9918078874898,-39.29729785695693,100.0,15.0,180.0
118.29266016627366,-27.222166092104658,-39.85980463400355,100.0,15.0,180.0
118.36265071399625,-27.376958256740068,-40.6476106213936,100.0,15.0,180.0
118.23440513733156,-27.43102809249196,-41.35793286921873,100.0,15.0,180.0
118.18401636205073,-27.2777581298556,-41.85841013192459,100.0,15.0,180.0
118.32224561297144,-27.166477932365304,-42.32653762278733,100.0,15.0,180.0
118.44272404801993,-27.106293831585315,-42.783756538040855,100.0,15.0,180.0
118.56134234980408,-26.97904690363872,-43.046688791921326,100.0,15.0,180.0
118.8465550104593,-26.93481572497301,-43.03967261838967,100.0,15.0,180.0
119.38173049830758,-27.04037396464281,-42.81259680495274,100.0,15.0,180.0
120.04114697532157,-27.0822148623543,-42.39314973846296,100.0,15.0,180.0
120.54861313996014,-26.98299593368233,-41.967856402295695,100.0,15.0,180.0
120.8468503470159,-26.926150793167672,-41.95181367398537,100.0,15.0,180.0
120.969491698124,-26.86511404994348,-42.13932122353005,100.0,15.0,180.0
120.89169188555852,-26.620480243264367,-42.26880212581084,100.0,15.0,180.0
120.7109596369049,-26.299887157706934,-42.48023487326351,100.0,15.0,180.0
120.52457934243236,-26.196829703803765,-42.51443358722398,100.0,15.0,180.0
120.30701008778178,-26.36190992772264,-42.2216482691034,100.0,15.0,180.0
120.06009174873924,-26.52645600649709,-41.85202778832905,100.0,15.0,180.0
119.86415771433852,-26.513404428640293,-41.54610841475627,100.0,15.0,180.0
119.65187040847296,-26.34167109487093,-41.29805758943462,100.0,15.0,180.0
119.3745837242589,-26.187316969046524,-41.082403747452695,100.0,15.0,180.0
119.2622590594371,-26.197592454870684,-40.87693155616688,100.0,15.0,180.0
119.43923612792908,-26.271520398887425,-40.736832629859016,100.0,15.0,180.0
119.875658073878,-26.314535324847053,-40.80027076868878,100.0,15.0,180.0
120.57798399768626,-26.33080229929148,-41.12406858080836,100.0,15.0,180.0
121.3961169868883,-26.281040891848377,-41.40933780961651,100.0,15.0,180.0
121.9853518621795,-26.170233234126265,-41.30236762606643,100.0,15.0,180.0
122.11792158814563,-26.12960983378672,-40.94462068584086,100.0,15.0,180.0
121.98341785779782,-26.30765693875491,-40.757825233600485,100.0,15.0,180.0
121.91253088571102,-26.722122130749884,-40.798983234843135,100.0,15.0,180.0
121.9113082019756,-27.129393258744468,-40.86797244690357,100.0,15.0,180.0
121.78653597402972,-27.376794846036287,-40.99663875827866,100.0,15.0,180.0
121.5514981679259,-27.64182885007811,-41.12098086794148,100.0,15.0,180.0
121.18541211091362,-27.971357645482776,-41.2274781886097,100.0,15.0,180.0
120.76374353231904,-28.25577298607084,-41.377191054367984,100.0,15.0,180.0
120.58549495482796,-28.43183770530195,-41.43181834350874,100.0,15.0,180.0
120.57695150217484,-28.310795968246683,-41.4471691642635,100.0,15.0,180.0
120.60763536151724,-27.755409748272584,-41.42415456212003,100.0,15.0,180.0
120.68340413757286,-27.00733248775749,-41.25795223422299,100.0,15.0,180.0
120.8248163396974,-26.461933087492465,-41.211244778462,100.0,15.0,180.0
120.9749891376506,-26.13523230013419,-41.48236273770696,100.0,15.0,180.0
120.98622353507211,-25.8819586743854,-41.8433294627538,100.0,15.0,180.0
121.04817743275206,-25.80868837439534,-42.07521757829859,100.0,15.0,180.0
121.28429426358312,-25.91791628528653,-42.17524574290886,100.0,15.0,180.0
121.40266752549462,-26.057380454807703,-42.20371669863557,100.0,15.0,180.0
121.35412311562166,-26.14915919690942,-42.264634234471046,100.0,15.0,180.0
121.5055058936891,-26.100330473732985,-42.43979956983588,100.0,15.0,180.0
121.9382264825728,-25.89545647099841,-42.66974181172558,100.0,15.0,180.0
122.32915231710156,-25.6968812470554,-43.0023569569549,100.0,15.0,180.0
122.52405784840316,-25.5759085550702,-43.49588308290408,100.0,15.0,180.0
122.53480506457755,-25.540362588739384,-43.86828261477434,100.0,15.0,180.0
122.33428459071898,-25.64741667829307,-44.00353827906958,100.0,15.0,180.0
122.01919536612584,-25.74453715135296,-44.01634525162756,100.0,15.0,180.0
121.60335485781168,-25.667996750858286,-43.88172269250259,100.0,15.0,180.0
121.13877120291868,-25.58285537126908,-43.71259412965371,100.0,15.0,180.0
120.79473186027492,-25.62274283379594,-43.567465431095066,100.0,15.0,180.0
120.5081981952026,-25.638512167512303,-43.32900635884174,100.0,15.0,180.0
120.30338286856006,-25.610988551870417,-42.99778261390365,100.0,15.0,180.0
120.3451185129611,-25.82218813675152,-42.46314078170784,100.0,15.0,180.0
120.60917391245572,-26.26244366215908,-41.695759382622285,100.0,15.0,180.0
121.01222124302986,-26.527575324911982,-40.99932813789199,100.0,15.0,180.0
121.48491716805732,-26.572599110559544,-40.60828964844414,100.0,15.0,180.0
121.9649105755644,-26.584965661211967,-40.635088619051615,99.99999237060548,15.0,180.0
122.3676381355383,-26.636786195960585,-40.95419233293547,99.99772644042967,15.0,180.0
122.55997282497492,-26.814328914983605,-41.214896262085226,99.97772979736328,15.0,180.0
122.60652855067032,-26.89823765551816,-41.289768960982656,99.97772979736328,15.0,180.0
122.62848665051357,-26.66989339674929,-41.31272973428544,99.92919921875,15.0,180.0
122.6095601296932,-26.41391962943948,-41.33606220429151,99.85335540771484,15.0,180.0
122.580235456462,-26.422332512377405,-41.28475912168855,99.76300048828124,15.0,180.0
122.8041843625932,-26.664949692001144,-41.27998553362065,99.66790771484376,15.0,180.0
123.32358937542348,-27.1453832744803,-41.47305133236809,99.5705108642578,15.0,180.0
123.69857603143112,-27.756261620884995,-41.907886988103165,99.4719696044922,15.0,180.0
123.78278552854376,-28.12835287055871,-42.47454603539307,99.37261962890624,15.0,180.0
123.7188021284726,-28.19936672758676,-42.923582202765054,99.37261962890624,15.0,180.0
123.5756695849933,-28.233136964653376,-43.22285021851382,99.27295684814452,15.0,180.0
123.39404847199704,-28.375148698034103,-43.40148292501019,99.17317199707033,15.0,180.0
123.2183261151551,-28.404933411693804,-43.57829235441992,99.07320404052734,15.0,180.0
123.09345331415012,-28.039771950954705,-43.79550495529742,98.97330474853516,15.0,180.0
122.8224802945488,-27.46638544031157,-43.84477439506026,98.87330627441406,15.0,180.0
122.32865111669996,-27.00327317704564,-43.75544458740443,98.7733383178711,15.0,180.0
122.03725680909037,-26.63374227860133,-43.695654249653096,98.7733383178711,15.0,180.0
122.3608670064789,-26.421827188477693,-43.83650957336779,98.67330169677734,15.0,180.0
123.13744435726386,-26.62060090593389,-44.216556109518855,98.57334899902344,15.0,180.0
123.88137309650384,-27.17823649314257,-44.59288399374967,98.47342681884766,15.0,180.0
124.46529685275485,-27.763337399047195,-44.82405146409627,98.3733367919922,15.0,180.0
124.98250510944575,-28.18986561854188,-44.93221335719513,98.27342987060548,15.0,180.0
125.3514689903145,-28.39838260270502,-44.87618285166764,98.17337036132812,15.0,180.0
125.56734869652148,-28.34820143669036,-44.59820555801971,98.07339477539062,15.0,180.0
125.7651643295969,-28.278105324848,-44.27277166134679,98.07339477539062,15.0,180.0
125.98641378465528,-28.40449131555836,-44.14596551022373,97.9734878540039,15.0,180.0
126.24436967079292,-28.52558788448536,-44.22925289979532,97.87349700927734,15.0,180.0
126.46430500894168,-28.36523858266035,-44.42795511000374,97.77323150634766,15.0,180.0
126.44540186459734,-27.94483416459141,-44.5571656309958,97.67324829101562,15.0,180.0
126.1868066252616,-27.61093311557961,-44.45042312951219,97.573486328125,15.0,180.0
125.8799048602485,-27.667882155555453,-44.22302577033871,97.47361755371094,15.0,180.0
125.69335467187928,-28.06983927568944,-44.00355790633431,97.37371063232422,15.0,180.0
125.60930186264903,-28.62240623576342,-43.895928654461066,97.37371063232422,15.0,180.0
125.45213596145662,-29.12344703548513,-44.06624023402276,97.2734146118164,15.0,180.0
125.2476436331394,-29.38599368311821,-44.25026527191133,97.17317199707033,15.0,180.0
125.15176452716976,-29.397638363821827,-44.08329369960894,97.07341003417967,15.0,180.0
125.13274252940528,-29.344745817401183,-43.9036554695832,96.97364044189452,15.0,180.0
125.22001306561496,-29.394433993688835,-44.09931926203198,96.87351989746094,15.0,180.0
125.56064469895288,-29.43896499284283,-44.484960035320334,96.77312469482422,15.0,180.0
125.9656388643733,-29.40062972314165,-44.89439767784689,96.77312469482422,15.0,180.0
126.12513718760904,-29.46836247812521,-45.13837674514859,96.67320251464844,15.0,180.0
126.13482939656178,-29.689003905375383,-45.11280085267643,96.57328033447266,15.0,180.0
126.21022460440582,-29.859984394238342,-45.0428718973458,96.4732666015625,15.0,180.0
126.24749126451094,-29.96724244589401,-44.945599448107714,96.37332153320312,15.0,180.0
126.11855028542024,-30.234733899904864,-44.88615163515753,96.2735595703125,15.0,180.0
125.91279603452938,-30.55371300133068,-44.984426332626434,96.17340850830078,15.0,180.0
125.69147462531969,-30.68820744257789,-45.070650924341486,96.0735321044922,15.0,180.0
125.43274708007924,-30.70447586905001,-45.20299847344523,96.0735321044922,15.0,180.0
125.19500050082512,-30.603374440907256,-45.52067208051307,95.97348022460938,15.0,180.0
125.11000374882909,-30.37137030491292,-45.72320621131676,95.87329864501952,15.0,180.0
125.24086648045986,-30.08612405603876,-45.54944095856597,95.7733383178711,15.0,180.0
125.47890939889572,-29.860661686055856,-45.158605381323206,95.67330932617188,15.0,180.0
125.62182816691146,-29.89805958379825,-44.840810363310936,95.57347106933594,15.0,180.0
125.76580408969826,-30.17325605982484,-44.76620242669881,95.47364044189452,15.0,180.0
126.03001039903891,-30.48909048643624,-44.84933891553694,95.47364044189452,15.0,180.0
126.2757978313947,-30.71360483618778,-44.99520822674208,95.37338256835938,15.0,180.0
126.4441113194793,-30.77692318578937,-45.14057654263803,95.2734832763672,15.0,180.0
126.48078352887708,-30.704947512678395,-45.14575738826132,95.17337799072266,15.0,180.0
126.49403977784549,-30.58122776006592,-45.1624800546016,95.0734634399414,15.0,180.0
126.59989758657966,-30.28801900701509,-45.34362618047714,94.9735107421875,15.0,180.0
126.70723937549704,-29.76177633440038,-45.68040039220256,94.87313079833984,15.0,180.0
126.93132000739178,-29.236290431416577,-46.07783410459086,94.77325439453124,15.0,180.0
127.27436191082168,-28.802824732203497,-46.29428223479711,94.77325439453124,15.0,180.0
127.5111930409342,-28.467698787700527,-46.27354710251133,94.67333221435548,15.0,180.0
127.6325251983345,-28.33880968362708,-46.215602461625295,94.57341766357422,15.0,180.0
127.74216311144107,-28.5244720904364,-46.41851263195463,94.47344970703124,15.0,180.0
127.71862049329508,-29.011929509229745,-46.7737524747137,94.37325286865234,15.0,180.0
127.48042302088436,-29.60495536165802,-46.98443648284775,94.27335357666016,15.0,180.0
127.18924062164145,-30.04411622263722,-46.91733615643613,94.1733169555664,15.0,180.0
126.9046066098412,-30.25816492633832,-46.56398242436868,94.0734634399414,15.0,180.0
126.82163925219233,-30.36194903832555,-46.26898384869843,94.0734634399414,15.0,180.0
127.06663693734802,-30.40826288686972,-46.179112767489485,93.97331237792967,15.0,180.0
127.43735312748636,-30.34988292156517,-46.02893284287686,93.87332153320312,15.0,180.0
127.795112867507,-30.22069004875189,-45.699696276410144,93.7734146118164,15.0,180.0
128.0431904797606,-30.23075485370241,-45.30922433319123,93.67335510253906,15.0,180.0
128.20617874951867,-30.50232785637914,-44.969152075466525,93.57345581054688,15.0,180.0
128.3815415029466,-30.97012678680375,-44.82164863562615,93.4733657836914,15.0,180.0
128.48462006619664,-31.52753528693133,-44.90097133541977,93.4733657836914,15.0,180.0
128.52528877252806,-32.04386217692935,-45.18784716941516,93.3732452392578,15.0,180.0
128.68024860825523,-32.33079235137546,-45.63299298517823,93.27330780029295,15.0,180.0
128.95435463354346,-32.32201396735851,-46.02482813204948,93.1733627319336,15.0,180.0
129.22184721461508,-32.1607471086927,-46.350093436760645,93.07343292236328,15.0,180.0
129.3664525553416,-31.875519709729687,-46.436024107633806,92.9733657836914,15.0,180.0
129.43262515390296,-31.42887861112248,-46.21302840385032,92.87337493896484,15.0,180.0
129.57910314138934,-30.86384816403605,-46.0641604275711,92.77344512939452,15.0,180.0
129.74860986022128,-30.292990513686046,-45.99798354525074,92.77344512939452,15.0,180.0
129.76393268906358,-29.95559025645222,-45.9804603521649,92.67351531982422,15.0,180.0
129.67672940771504,-29.829272706013064,-46.16069272123176,92.57355499267578,15.0,180.0
129.6199556116641,-29.828910078326366,-46.1984398628612,92.47342681884766,15.0,180.0
129.3731122833376,-30.03484898441281,-45.68815478069152,92.37336730957033,15.0,180.0
128.67613118983454,-30.181555205065028,-44.856534985634354,92.27330017089844,15.0,180.0
127.72260813539074,-30.048441379580613,-44.12703711007904,92.17334747314452,15.0,180.0
126.88649307260886,-29.80429973145661,-43.57691373212384,92.17334747314452,15.0,180.0
126.23779393754978,-29.565977769761016,-43.14871182495193,92.07331085205078,15.0,180.0
125.76098369241647,-29.38978968504207,-42.89911541253049,91.9733428955078,15.0,180.0
125.4782063458056,-29.39941994075957,-42.82641633965053,91.87340545654295,15.0,180.0
125.1128444200836,-29.533573748104864,-42.92126924128589,91.7733383178711,15.0,180.0
124.57599077315956,-29.4684984653631,-43.21667637725083,91.67334747314452,15.0,180.0
124.09244077247904,-29.145536921902902,-43.434825333406295,91.57337951660156,15.0,180.0
123.73700518509662,-28.907808811038315,-43.26463890798312,91.47335052490234,15.0,180.0
123.58464977205723,-28.96442484048896,-42.83967938255452,91.47335052490234,15.0,180.0
123.78171340262604,-29.177307373459072,-42.52244401664261,91.37335205078124,15.0,180.0
124.09977334352988,-29.332459522482274,-42.380718569219255,91.27338409423828,15.0,180.0
124.14687732096702,-29.42394982638058,-42.29626677497984,91.17334747314452,15.0,180.0
124.0791967591604,-29.57183068481857,-42.43671604115234,91.07341766357422,15.0,180.0
124.18898611892072,-29.78979338834389,-42.788652110532986,90.97342681884766,15.0,180.0
124.43751240422873,-29.976363198144128,-43.079875694718446,90.8734130859375,15.0,180.0
124.68286804881642,-29.983604271350025,-43.31215406950069,90.8734130859375,15.0,180.0
124.88464848471304,-29.788086745655743,-43.37944560736593,90.77334594726562,15.0,180.0
125.11260971550634,-29.605656648407265,-43.05720712559196,90.67330169677734,15.0,180.0
125.33471530862558,-29.65347210264946,-42.5654144788186,90.57335662841795,15.0,180.0
125.43682319410674,-29.92490362010124,-42.15786292756725,90.47347259521484,15.0,180.0
125.4709046604597,-30.16085568143641,-41.89312270401766,90.37342071533205,15.0,180.0
125.53296693250326,-30.180131072550147,-41.79322641950959,90.27332305908205,15.0,180.0
125.45189292776556,-29.899355358839497,-41.76950004731601,90.17339324951172,15.0,180.0
125.11339871272644,-29.357672554168445,-41.76640303628694,90.17339324951172,15.0,180.0
124.71842370017885,-28.97023525183469,-41.857782237382494,90.07337188720705,15.0,180.0
124.42398500611796,-28.97421861719811,-42.1270003069172,89.9733657836914,15.0,180.0
124.25206319466916,-29.297407992311093,-42.34431501781473,89.87345123291016,15.0,180.0
124.30571275241898,-29.808099295142853,-42.30020340394776,89.77339172363281,15.0,180.0
124.5655595067109,-30.13630547425734,-42.14072470498531,89.67333221435547,15.0,180.0
124.79617817547704,-29.97511465541898,-41.97483093529975,89.57337951660156,15.0,180.0
124.90430704224111,-29.645590539114515,-41.859889410110114,89.47337341308594,15.0,180.0
124.8479605195756,-29.5103817290525,-41.85839450483204,89.47337341308594,15.0,180.0
124.70349355469416,-29.40934877327593,-41.78963350712952,89.37345123291016,15.0,180.0
124.68093988426104,-29.292737821230872,-41.54249109512114,89.27335357666016,15.0,180.0
124.64101185067732,-29.26199820503488,-41.318880891349785,89.17338562011719,15.0,180.0
124.35096936108516,-29.29227362803059,-41.29761524556706,89.0733871459961,15.0,180.0
123.8940325426042,-29.313925605653967,-41.42326348463647,88.97333526611328,15.0,180.0
123.440961998705,-29.21569696559361,-41.52788049086778,88.87349700927734,15.0,180.0
123.09921780438864,-28.94553306670316,-41.59417140857385,88.87349700927734,15.0,180.0
122.97472238774333,-28.688670675998235,-41.60096627145737,88.7734146118164,15.0,180.0
123.05267696801084,-28.641865885753084,-41.41923104312328,88.67333984375,15.0,180.0
123.16551308052404,-28.71748556155107,-41.104619483642246,88.57332611083984,15.0,180.0
123.08548933570316,-28.86060469607165,-40.82669426346414,88.47332763671875,15.0,180.0
122.64686969951664,-29.2166203824898,-40.52953469002521,88.37345123291016,15.0,180.0
122.01949643200489,-29.74868099823016,-40.1043430866396,88.27337646484375,15.0,180.0
121.44581675646393,-30.13975500097136,-39.65857367468702,88.17333221435547,15.0,180.0
120.9368498308769,-30.26229564854453,-39.3994498468834,88.17333221435547,15.0,180.0
120.57122180246186,-30.26214143910224,-39.323832978416185,88.0733871459961,15.0,180.0
120.5438358362612,-30.20145338168536,-39.31976030485476,87.97335052490234,15.0,180.0
120.96144561566754,-30.174476298330266,-39.40979102690631,87.87342071533203,15.0,180.0
121.64971115774452,-30.29921741318553,-39.54957246012032,87.77337646484375,15.0,180.0
122.22474182888392,-30.41359718517353,-39.725222048998106,87.67340850830078,15.0,180.0
122.51527764402658,-30.37485446605176,-40.002854645016654,87.573486328125,15.0,180.0
122.68292359931148,-30.197932743204763,-40.3315404977029,87.573486328125,15.0,180.0
122.89723298538578,-29.944947238704604,-40.53816973779811,87.47340393066406,15.0,180.0
123.15673455566996,-29.72126284632978,-40.61555982312824,87.37345123291016,15.0,180.0
123.39063841238128,-29.6250059758214,-40.874512680246816,87.27344512939453,15.0,180.0
123.47206877619756,-29.73658822177592,-41.46588260136716,87.17340850830078,15.0,180.0
123.4471744882058,-29.984218595569963,-41.96290666729164,87.0733871459961,15.0,180.0
123.44556713768522,-30.35055854342028,-42.00568889028522,86.97331237792969,15.0,180.0
123.433661868451,-30.80986099400268,-41.79964539771664,86.87337493896484,15.0,180.0
123.49139018951875,-31.068192000095344,-41.5505551555877,86.87337493896484,15.0,180.0
123.66493199021042,-30.95394106440804,-41.3579916555734,86.77346801757812,15.0,180.0
123.81604422947952,-30.629689071878232,-41.37814480167203,86.67338562011719,15.0,180.0
123.81182988813453,-30.338688112806,-41.6103980423523,86.57344818115234,15.0,180.0
123.76851949038246,-30.202763827219663,-41.89726619613047,86.47341918945312,15.0,180.0
123.89258514516683,-30.14547713005016,-42.16315127443831,86.37335205078125,15.0,180.0
123.97701034549732,-30.11868146462835,-42.35579242131666,86.27348327636719,15.0,180.0
123.81329639204944,-30.219893161578053,-42.33914188699743,86.17337036132812,15.0,180.0
123.48618693578818,-30.457674098707454,-42.057891762107865,86.17337036132812,15.0,180.0
123.2243389014426,-30.650640711036765,-41.65921493358479,86.07334899902344,15.0,180.0
123.18402135834783,-30.66381004458389,-41.3548237371438,85.97331237792969,15.0,180.0
123.2484324392268,-30.568141143419364,-41.06036424818871,85.8732681274414,15.0,180.0
123.18398134209554,-30.44398154090907,-40.61608277917757,85.77339172363281,15.0,180.0
122.82553573632416,-30.48083790350076,-40.22906167778806,85.67328643798828,15.0,180.0
122.4009827169777,-30.80296160744684,-40.18853748854622,85.5733871459961,15.0,180.0
122.20281033749151,-31.11265567430522,-40.38579444564117,85.5733871459961,15.0,180.0
122.15670976309153,-31.18225998238171,-40.58330154936681,85.47333526611328,15.0,180.0
122.1221917032644,-31.12148005785588,-40.74725135625377,85.37342834472656,15.0,180.0
122.09231435079096,-31.077793504780733,-40.78951526194845,85.27347564697266,15.0,180.0
122.0707582705002,-31.06543668251801,-40.73700211795683,85.1733169555664,15.0,180.0
122.05182667423504,-31.03049915723103,-40.785298691876925,85.07337188720703,15.0,180.0
122.01987099684504,-31.01864000103519,-40.96190143919832,84.97332000732422,15.0,180.0
122.01901099921736,-31.067652062895093,-41.20537978541092,84.8734359741211,15.0,180.0
122.02262660793592,-30.99483240227166,-41.58835395252237,84.8734359741211,15.0,180.0
121.92303463725924,-30.676483427103395,-41.99379102994869,84.77348327636719,15.0,180.0
121.84147169024648,-30.386837306568243,-42.12866756320242,84.67340850830078,15.0,180.0
121.95188850575909,-30.27060206509926,-42.08008492641378,84.57339477539062,15.0,180.0
122.3126060311184,-30.130927333551018,-41.96756203912179,84.47325134277344,15.0,180.0
122.85437162269672,-30.01304186438752,-41.70045120978023,84.37333679199219,15.0,180.0
123.34027329396348,-30.09677443834742,-41.29982425121244,84.27339935302734,15.0,180.0
123.57866204262012,-30.317454996465056,-40.92606087488732,84.27339935302734,15.0,180.0
123.56934023164138,-30.55291683805202,-40.61492120459652,84.17328643798828,15.0,180.0
123.41951180936655,-30.68247602179232,-40.20476098578728,84.0733413696289,15.0,180.0
123.32658217587849,-30.809027142692656,-39.75311318168555,83.97333526611328,15.0,180.0
123.3510667232247,-31.07334905245662,-39.415171486619215,83.87338256835938,15.0,180.0
123.45070279347918,-31.212502154167787,-39.12841278022064,83.7734603881836,15.0,180.0
123.57040338315728,-31.09860642550929,-38.8100013458728,83.67333221435547,15.0,180.0
123.70800048382972,-30.853264604527336,-38.52668130447119,83.57331085205078,15.0,180.0
123.8707383688602,-30.551714666014224,-38.34872532859577,83.57331085205078,15.0,180.0
123.82136829700728,-30.324631643766573,-38.17877557247728,83.47328186035156,15.0,180.0
123.61187799920516,-30.20833731581072,-38.12398033889934,83.37335205078125,15.0,180.0
123.5072503841933,-30.066979295703884,-38.3030897217252,83.27345275878906,15.0,180.0
123.36286174563593,-29.914951696974573,-38.501939635293866,83.17339324951172,15.0,180.0
123.12935570259964,-29.87760486709734,-38.61020107867133,83.07353973388672,15.0,180.0
123.0641068093136,-29.959434692189205,-38.66118232555607,82.97342681884766,15.0,180.0
123.15623237686756,-30.20750281147664,-38.50416105165648,82.97342681884766,15.0,180.0
123.1458660039915,-30.614327714091623,-38.12021284795459,82.87347412109375,15.0,180.0
123.05815281174662,-30.93379256047605,-37.798548049189975,82.7734603881836,15.0,180.0
123.17522863967817,-31.226712188592263,-37.732793302043945,82.67332458496094,15.0,180.0
123.63688090432731,-31.765110939336108,-38.11690649949801,82.57342529296875,15.0,180.0
124.38334587825064,-32.36449631994374,-38.73185359119812,82.4733657836914,15.0,180.0
125.20020950794176,-32.68100407128675,-38.92352242413036,82.3735122680664,15.0,180.0
125.7757240912083,-32.60960557558493,-38.60623596006875,82.27344512939453,15.0,180.0
125.93674084353614,-32.27606368616466,-38.15225878335941,82.27344512939453,15.0,180.0
125.78657827665891,-31.93502782854769,-37.76728118075681,82.17335510253906,15.0,180.0
125.46844351014217,-31.64431407748385,-37.58755053348029,82.073486328125,15.0,180.0
125.09074993919822,-31.392960215324067,-37.74453691840756,81.97338104248047,15.0,180.0
124.67439013052808,-31.26563366690624,-38.04716334792274,81.87340545654297,15.0,180.0
124.21340881546966,-31.14560603572488,-38.24263799140522,81.77340698242188,15.0,180.0
123.76607136538183,-31.039102118034872,-38.34745412921848,81.67333221435547,15.0,180.0
123.34106024134856,-31.2490799002891,-38.47080817423411,81.57332611083984,15.0,180.0
123.0765956052729,-31.700438055461085,-38.72375605556376,81.57332611083984,15.0,180.0
123.03538598069322,-32.077585494646726,-39.02670280791728,81.47341918945312,15.0,180.0
123.01488195407156,-32.398652003290216,-39.024985916080624,81.37340545654297,15.0,180.0
122.98774300518164,-32.58188914456686,-38.71516612434262,81.27348327636719,15.0,180.0
123.09908066049417,-32.417056304185394,-38.47014421629213,81.17333984375,15.0,180.0
123.30422978373385,-32.04076093208002,-38.261927805252256,81.07342529296875,15.0,180.0
123.55776794162132,-31.57846508314645,-38.0407624093318,80.97334289550781,15.0,180.0
123.79620344331704,-30.99162311904572,-37.85743242982435,80.97334289550781,15.0,180.0
123.76096722094894,-30.52450035976168,-37.61374626763244,80.87346649169922,15.0,180.0
123.4154064066013,-30.37231344026628,-37.56190678589229,80.77357482910156,15.0,180.0
122.92581034512403,-30.38516658242667,-37.76974336916466,80.67340087890625,15.0,180.0
122.43118163022524,-30.470539651910325,-37.84745213635765,80.57331848144531,15.0,180.0
122.05979876240322,-30.49229012435295,-37.72312477060301,80.47327423095703,15.0,180.0
121.96252195689873,-30.368965000509284,-37.63549770208925,80.373291015625,15.0,180.0
122.27707791878842,-30.44244845588021,-37.801534847699294,80.27332305908203,15.0,180.0
123.00953681161047,-30.901309641604485,-38.20913279844997,80.27332305908203,15.0,180.0
124.04510968510256,-31.43314138130568,-38.56497319718883,80.17333984375,15.0,180.0
125.18750081549148,-31.78381370799605,-38.62143621742037,80.07328033447266,15.0,180.0
126.22823668088748,-32.01704082596677,-38.40626772525528,79.973388671875,15.0,180.0
126.93582989816588,-32.113388406810614,-38.047131978545735,79.87329864501953,15.0,180.0
127.2947119804688,-31.947943032316875,-37.60623955804947,79.77336120605469,15.0,180.0
127.51384875524406,-31.66476296997146,-37.21393826026259,79.67342376708984,15.0,180.0
127.6505793778746,-31.436768444764176,-36.95453882358803,79.67342376708984,15.0,180.0
127.63676886623809,-31.29984020956848,-36.79842569114562,79.57342529296875,15.0,180.0
127.45272911695513,-31.26847732114188,-36.75185226190268,79.47350311279297,15.0,180.0
127.14815089595552,-31.398371746793863,-36.806644339038655,79.37336730957031,15.0,180.0
126.95660776376984,-31.710540578116923,-36.93937590546203,79.2734375,15.0,180.0
126.92442290904256,-32.091590941759875,-37.05807982678749,79.1734619140625,15.0,180.0
126.6938070607728,-32.39177943619401,-37.0693651299948,79.07335662841797,15.0,180.0
126.14411224356252,-32.51431347015932,-36.99631786040823,78.97335052490234,15.0,180.0
125.47897436258138,-32.47179649988962,-36.92990178928018,78.97335052490234,15.0,180.0
124.95401566014236,-32.37222071010589,-37.16544853090591,78.87326049804688,15.0,180.0
124.70655076510168,-32.386568225989684,-37.82501983581556,78.77342987060547,15.0,180.0
124.83818444544173,-32.544518851267,-38.64054333877162,78.67349243164062,15.0,180.0
125.34611980180703,-32.74762822470719,-39.33419877194602,78.57328033447266,15.0,180.0
125.8453232661211,-32.91218268719514,-39.794112635325966,78.47332763671875,15.0,180.0
126.07207413360152,-32.96075805380285,-40.088540950134224,78.37321472167969,15.0,180.0
126.1782134634402,-32.91626687996198,-40.31997022627768,78.27322387695312,15.0,180.0
126.23209057590464,-32.93482509950101,-40.50813363913912,78.27322387695312,15.0,180.0
125.97591193991188,-33.023570013417164,-40.61746431724907,78.17332458496094,15.0,180.0
125.44652158123648,-32.88859852923056,-40.5535089474675,78.07350158691406,15.0,180.0
125.14717585683591,-32.50372570304244,-40.30618508741868,77.97367095947266,15.0,180.0
125.19687841624146,-32.1180298724647,-40.05061882152009,77.87362670898438,15.0,180.0
125.36020438306748,-31.845541201166203,-39.88470417033242,77.77330780029297,15.0,180.0
125.54301841843356,-31.76840874791139,-39.73711990124881,77.67334747314453,15.0,180.0
125.66330385123764,-31.90698858782075,-39.48745583614904,77.67334747314453,15.0,180.0
125.67854157152595,-32.2218964147921,-39.208707188589926,77.57331085205078,15.0,180.0
125.57632991684753,-32.59985080317124,-39.02185358270124,77.47334289550781,15.0,180.0
125.41132951964389,-32.933919380433096,-38.82795867068839,77.37348175048828,15.0,180.0
125.24202333192386,-33.16366346698324,-38.65468406245173,77.27337646484375,15.0,180.0
124.91253429007052,-33.19774571801643,-38.50629716538082,77.17345428466797,15.0,180.0
124.40358311364233,-33.05750160068762,-38.033075078814,77.07345581054688,15.0,180.0
123.922213246374,-33.001315874617696,-37.18355717171768,76.9732894897461,15.0,180.0
123.647661398977,-33.18145476714283,-36.37760123663494,76.9732894897461,15.0,180.0
123.64757651942348,-33.241816990983736,-35.81027599536102,76.87335205078125,15.0,180.0
123.80335773763284,-33.002645725706714,-35.573385139309735,76.77333068847656,15.0,180.0
123.98153310045728,-32.62574074318524,-35.792042264530885,76.67337799072266,15.0,180.0
124.14252618232192,-32.12404827089695,-36.153478739219565,76.57342529296875,15.0,180.0
124.19406938511288,-31.6481585239976,-36.43570456703003,76.47329711914062,15.0,180.0
124.2059796360982,-31.34106992444461,-36.867077768812784,76.37336730957031,15.0,180.0
124.32552942649367,-31.10815801242192,-37.35995978244886,76.37336730957031,15.0,180.0
124.4561777074456,-30.98449504943889,-37.62919627860351,76.27333068847656,15.0,180.0
124.61451069845506,-31.02634682987037,-37.85088027776413,76.17338562011719,15.0,180.0
124.87080173255224,-31.07239591217995,-38.1453731984776,76.07347106933594,15.0,180.0
125.09127599257252,-30.92099849312619,-38.15656057376706,75.97344970703125,15.0,180.0
125.15888627849716,-30.676527312157063,-37.77985074869714,75.87337493896484,15.0,180.0
125.04299405711758,-30.63767085188226,-37.32987350197454,75.7732925415039,15.0,180.0
124.78609461228126,-30.74698186628313,-36.83376187852384,75.67341613769531,15.0,180.0
124.5182874695416,-30.90083306472783,-36.21213324593961,75.67341613769531,15.0,180.0
124.27687175170522,-31.142676522292486,-35.78035641833933,75.57344055175781,15.0,180.0
124.0814052679454,-31.38223306620917,-35.64376236292412,75.47337341308594,15.0,180.0
124.05790181601384,-31.53917044960032,-35.50455665989407,75.37339782714844,15.0,180.0
124.13578939186884,-31.657228225725863,-35.29384465640377,75.27332305908203,15.0,180.0
124.26487358621507,-31.81695927596426,-35.16468458400963,75.17347717285156,15.0,180.0
124.4510179824944,-31.970699946244974,-35.10010390564984,75.07344818115234,15.0,180.0
124.57339764665753,-32.049803614619044,-35.16602367094196,75.07344818115234,15.0,180.0
124.63713698737736,-32.02901674866305,-35.49244203739806,74.97337341308594,15.0,180.0
124.74327015160428,-31.82207818076191,-36.00644317451128,74.87345123291016,15.0,180.0
124.94614723946805,-31.51747136249604,-36.67948052186063,74.7733383178711,15.0,180.0
125.10613317299492,-31.35679026281824,-37.29532604010927,74.67338562011719,15.0,180.0
125.02830913035513,-31.45353743627448,-37.53012121141391,74.57334899902344,15.0,180.0
124.74838095238434,-31.77401268365542,-37.32713812727377,74.47328186035156,15.0,180.0
124.51590866382632,-32.032060612281725,-36.91652290456254,74.37345886230469,15.0,180.0
124.4527952087298,-32.07781898191545,-36.58386654214869,74.37345886230469,15.0,180.0
124.565578461117,-32.09650145533399,-36.39343940900165,74.27337646484375,15.0,180.0
124.85813020164564,-32.087245658804115,-36.34745339981768,74.17339324951172,15.0,180.0
125.09778162424674,-31.913953366805845,-36.28443072538716,74.07339477539062,15.0,180.0
125.09742523012002,-31.67861349637565,-36.19394793478542,73.9734115600586,15.0,180.0
124.95128371436172,-31.61954637217609,-36.342902758932496,73.87330627441406,15.0,180.0
124.65481814289323,-31.819686253551875,-36.51305571505827,73.77339172363281,15.0,180.0
124.10681666834223,-32.12327507318048,-36.31005057536781,73.67335510253906,15.0,180.0
123.59318233411548,-32.272938127800934,-35.93848417552117,73.67335510253906,15.0,180.0
123.3421394802832,-32.321705356531815,-35.815119599119825,73.57344055175781,15.0,180.0
123.21876653707788,-32.64854394869978,-35.9233936564237,73.47344207763672,15.0,180.0
123.09079865552178,-33.26322017630688,-36.01545536828232,73.37330627441406,15.0,180.0
122.78473466799925,-33.715615219774136,-36.02005489385944,73.27339172363281,15.0,180.0
122.38409062308932,-33.85498667369471,-35.98443196055264,73.17333984375,15.0,180.0
122.329489976564,-33.77148041032328,-36.10454280269578,73.07340240478516,15.0,180.0
122.68900086415049,-33.48183292879943,-36.439256329840816,73.07340240478516,15.0,180.0
123.0937016879299,-33.1907874277013,-36.66165434921346,72.97341918945312,15.0,180.0
123.41346125819835,-33.18442107281702,-36.560802070879696,72.87339782714844,15.0,180.0
123.69288990683133,-33.34462717845891,-36.40243226456963,72.77349853515625,15.0,180.0
123.91138733998534,-33.41730535197461,-36.59925014008709,72.67332458496094,15.0,180.0
124.05236336318428,-33.460361972223595,-37.03956802759502,72.57345581054688,15.0,180.0
123.98952525034416,-33.508337220146856,-37.3306791520866,72.47334289550781,15.0,180.0
123.72877884735144,-33.61408324915918,-37.39584868311548,72.37335205078125,15.0,180.0
123.54123467717729,-33.78534181567404,-37.39018546819384,72.37335205078125,15.0,180.0
123.54238625802752,-33.78181629994613,-37.43618294636583,72.27344512939453,15.0,180.0
123.6630140982851,-33.600213072463525,-37.45782563226549,72.17333984375,15.0,180.0
123.90702718271253,-33.43316766847685,-37.32570560307145,72.07341003417969,15.0,180.0
124.19907566211803,-33.250695574656035,-37.14953666086706,71.9734115600586,15.0,180.0
124.43806554597109,-33.123102549820985,-37.13643580090496,71.87332916259766,15.0,180.0
124.7517860841063,-33.10584872611537,-37.28078122583726,71.77336883544922,15.0,180.0
125.0412654538981,-33.08217403672995,-37.41457262716983,71.77336883544922,15.0,180.0
125.0115326806163,-33.10781486702186,-37.36873602998724,71.67339324951172,15.0,180.0
124.70207309028494,-33.13143216118111,-37.13432037836237,71.573486328125,15.0,180.0
124.40932634383496,-33.081103560277754,-36.912522122927925,71.47341918945312,15.0,180.0
124.31934594987156,-33.06077976686878,-36.80394625817126,71.37333679199219,15.0,180.0
124.23118239676823,-33.11631601380565,-36.76782362866876,71.27339935302734,15.0,180.0
123.9032960997324,-33.301208407443866,-36.74521790788034,71.17339324951172,15.0,180.0
123.57921521680208,-33.63106098964469,-36.67854639950074,71.07337951660156,15.0,180.0
123.57411817526857,-34.02404653235929,-36.68401876519189,71.07337951660156,15.0,180.0
123.77697211183948,-34.404695214945626,-36.88510990622319,70.97344970703125,15.0,180.0
124.1384230258243,-34.71665546498658,-37.19583826339589,70.8734130859375,15.0,180.0
124.69637545790134,-34.96793885773894,-37.464877346342575,70.7734375,15.0,180.0
125.19276815225447,-35.211357017088844,-37.51122395748146,70.67327117919922,15.0,180.0
125.4244134673522,-35.50910503801398,-37.25872829982215,70.5733642578125,15.0,180.0
125.4771447735884,-35.82444672152693,-36.95758763964909,70.473388671875,15.0,180.0
125.4187230045162,-35.939073167879776,-36.87854829271274,70.37332916259766,15.0,180.0
125.17325866441536,-35.7926724910039,-36.93278894498318,70.37332916259766,15.0,180.0
124.7376390501672,-35.573609882923336,-36.86667305543383,70.27332305908203,15.0,180.0
124.23214159349476,-35.4298120183057,-36.56720012462148,70.17330169677734,15.0,180.0
123.80052229523756,-35.25960369413136,-36.025147855195854,70.07334899902344,15.0,180.0
123.52265704271232,-34.84659792301758,-35.410533026509164,69.97345733642578,15.0,180.0
123.25962905090182,-34.37261186122791,-34.936973652495446,69.8735122680664,15.0,180.0
122.8434299930117,-34.115159230283815,-34.67952049536091,69.77338409423828,15.0,180.0
122.43688000944204,-33.96361541636199,-34.658615567293324,69.77338409423828,15.0,180.0
122.27503901803225,-33.828211776644665,-34.81668987102861,69.67338562011719,15.0,180.0
122.4240876709658,-33.69209652885868,-35.01235849751558,69.57337188720703,15.0,180.0
122.77781522121305,-33.50778126240512,-35.13348205621449,69.47335815429688,15.0,180.0
123.09783698476068,-33.446988260284,-35.26410418210512,69.37332916259766,15.0,180.0
123.30530529390072,-33.6531448176091,-35.38736307813496,69.27336120605469,15.0,180.0
123.44240260901888,-33.97065357583915,-35.307400521989706,69.17329406738281,15.0,180.0
123.53399887998133,-34.19402413805527,-35.08795699647382,69.07347869873047,15.0,180.0
123.66145725024688,-34.261046599363695,-34.88055390156185,69.07347869873047,15.0,180.0
123.86898390630388,-34.30763119683761,-34.68513637681264,68.97342681884766,15.0,180.0
123.9949332320068,-34.46761864126639,-34.477385687195245,68.8732681274414,15.0,180.0
123.97125669997553,-34.57052748366488,-34.25719426530819,68.7734603881836,15.0,180.0
124.01016439464858,-34.50122464226843,-34.07411849066416,68.67332458496094,15.0,180.0
124.16717867897648,-34.45313721564946,-33.930521417588935,68.57335662841797,15.0,180.0
124.34673272202852,-34.49959762810342,-33.83273824371132,68.47339630126953,15.0,180.0
124.51661352334754,-34.5401254624424,-33.81717872221489,68.47339630126953,15.0,180.0
124.66397198748362,-34.42015983616813,-33.826680659808,68.37338256835938,15.0,180.0
124.79402725621637,-34.14210021124018,-33.806600324650354,68.2735366821289,15.0,180.0
124.80836778729748,-33.92156823226953,-33.852083940247816,68.17329406738281,15.0,180.0
124.66818039626564,-33.84756703614742,-33.88663520826584,68.07337188720703,15.0,180.0
124.47182000086832,-33.99076377785304,-33.62893830239274,67.97355651855469,15.0,180.0
124.2406477261585,-34.31130736078132,-33.22654458002486,67.87351989746094,15.0,180.0
123.9721120262932,-34.55295576614437,-32.88879723446164,67.77334594726562,15.0,180.0
123.81264375720878,-34.655211539999364,-32.62784098882319,67.77334594726562,15.0,180.0
123.85852742878023,-34.787963253295935,-32.667263949735094,67.67334747314453,15.0,180.0
123.94153054747092,-34.84661276002848,-32.95537147883464,67.57342529296875,15.0,180.0
123.9582446556892,-34.607041346962646,-33.08358289076977,67.47328186035156,15.0,180.0
123.96151252259963,-34.28867312932136,-32.95821263194927,67.37337493896484,15.0,180.0
123.91112075346884,-34.15390519347112,-32.740096420429595,67.2734146118164,15.0,180.0
123.70030120221828,-34.08386096243294,-32.631636816646875,67.17327117919922,15.0,180.0
123.45052800949622,-33.95599610570801,-32.74443088431912,67.07342529296875,15.0,180.0
123.2080180647838,-33.82526508664854,-32.83042368438232,67.07342529296875,15.0,180.0
122.88727872472424,-33.72595388489313,-32.7152402084863,66.9735336303711,15.0,180.0
122.76157334705412,-33.71587893605691,-32.63709246352402,66.87349700927734,15.0,180.0
123.00157498595804,-33.739621005987566,-32.81245503731013,66.77337646484375,15.0,180.0
123.397198610259,-33.75534763429528,-33.10140307767217,66.67335510253906,15.0,180.0
123.71327822568124,-33.944489010536884,-33.17174808760886,66.57334899902344,15.0,180.0
123.8491917910317,-34.281873402659805,-32.974813443645914,66.47329711914062,15.0,180.0
123.81852959395924,-34.5739306613788,-32.94423470720251,66.47329711914062,15.0,180.0
123.70972286163698,-34.70399485681506,-33.27577765806805,66.3733139038086,15.0,180.0
123.664404348203,-34.702023754954105,-33.61605168413079,66.2734603881836,15.0,180.0
123.6981665933611,-34.62539439322245,-33.816246699496574,66.17344665527344,15.0,180.0
123.732690478373,-34.54431777417117,-33.91712795387847,66.07347869873047,15.0,180.0
123.77118571932996,-34.569289393910395,-33.79665647976405,65.97348022460938,15.0,180.0
124.02093965702088,-34.77056209387804,-33.539636994296224,65.87340545654297,15.0,180.0
124.58828510788256,-35.113931919481416,-33.31895125690737,65.7734375,15.0,180.0
125.0106070829622,-35.31469314142946,-33.209281896030426,65.7734375,15.0,180.0
124.83100654238162,-35.30801620465797,-33.29649729924695,65.67332458496094,15.0,180.0
124.3365074153308,-35.32389409281135,-33.35528363827846,65.57332611083984,15.0,180.0
124.08791236275482,-35.350134818071034,-33.23384273832182,65.47340393066406,15.0,180.0
124.13096020986735,-35.30428434757172,-33.09322138812288,65.37334442138672,15.0,180.0
124.15371947224632,-35.2392064465773,-32.9652060358401,65.27342987060547,15.0,180.0
124.1477442561477,-35.17526085441007,-32.90830941486734,65.17330169677734,15.0,180.0
124.30536832817714,-35.153283399277896,-33.01367064458323,65.17330169677734,15.0,180.0
124.61131085805016,-35.14703478834125,-33.18507300247462,65.07317352294922,15.0,180.0
124.86150641096688,-35.050369373348715,-33.282023426099734,64.97325134277344,15.0,180.0
124.88697845305992,-34.91098237121277,-33.334758160372445,64.87344360351562,15.0,180.0
124.83217816839812,-34.86392117982763,-33.29265584209256,64.77349853515625,15.0,180.0
124.75194743448483,-34.92112332955581,-33.095523855078085,64.67340850830078,15.0,180.0
124.4438964612689,-34.96243477395316,-32.87123746739081,64.57337188720703,15.0,180.0
123.90671122799564,-34.90683199735395,-32.744925461913084,64.47333526611328,15.0,180.0
123.38076278032727,-34.77555009010506,-32.85158741891242,64.47333526611328,15.0,180.0
122.96492775347014,-34.612740546488915,-33.120534127971865,64.3734359741211,15.0,180.0
122.6265586243597,-34.48992326627153,-33.242796117760214,64.27339172363281,15.0,180.0
122.47319842784086,-34.41134393586978,-33.07284972584726,64.17316436767578,15.0,180.0
122.45786195234528,-34.33477302712485,-32.9195062223321,64.0732650756836,15.0,180.0
122.47615236775216,-34.18761850679731,-32.9404611788883,63.97334289550781,15.0,180.0
122.56962850086308,-33.93090412114511,-32.87809626733817,63.87345504760742,15.0,180.0
122.7059159278038,-33.687749884412256,-32.84833692438157,63.87345504760742,15.0,180.0
122.76525708104504,-33.58263452124215,-32.99585156166039,63.77356719970703,15.0,180.0
122.70158788623858,-33.60116576814092,-33.12668546137601,63.67334747314453,15.0,180.0
122.46659492159851,-33.517331167431855,-33.147047838334295,63.57339477539062,15.0,180.0
122.09905902245576,-33.379979800464035,-32.926536649266666,63.47328567504883,15.0,180.0
121.95284520689395,-33.52793338243259,-32.48869822247398,63.37334823608398,15.0,180.0
122.23859104972284,-33.890800116576685,-32.19164659333824,63.27341079711914,15.0,180.0
122.7775786154288,-34.25688336419506,-32.12758433243679,63.17333602905273,15.0,180.0
123.12885592177426,-34.50647108064332,-32.10663619453722,63.17333602905273,15.0,180.0
123.05913806075814,-34.51828125414134,-32.17243830253981,63.07337951660156,15.0,180.0
122.8350323829312,-34.40168280254749,-32.42829314313775,62.97335815429688,15.0,180.0
122.5140243196885,-34.30401508307184,-32.71655949581859,62.87346649169922,15.0,180.0
122.06485999999896,-34.252292430405724,-32.88285608871015,62.77344512939453,15.0,180.0
121.72852397539666,-34.28833872233985,-32.81142180264272,62.67338943481445,15.0,180.0
121.5281745763876,-34.36096493724591,-32.36251583556457,62.57342529296875,15.0,180.0
121.50319765731189,-34.493959851601545,-31.84213499477901,62.47336578369141,15.0,180.0
121.7946615108527,-34.82923045392271,-31.72730579241728,62.47336578369141,15.0,180.0
122.23429967424322,-35.12165405977946,-31.89935069466093,62.37345886230469,15.0,180.0
122.61782862044872,-35.03010985077738,-32.039338597904326,62.2735481262207,15.0,180.0
122.92116016668544,-34.78587686581547,-32.130660744718085,62.17327499389648,15.0,180.0
123.0713466715278,-34.777981340823644,-32.279110951239254,62.07344055175781,15.0,180.0
123.0818213700757,-34.92018548388806,-32.392526740208105,61.97340393066406,15.0,180.0
123.05375286158186,-34.896927512628544,-32.222423345454466,61.87342071533203,15.0,180.0
122.91123974485131,-34.68151546339836,-31.975527315048605,61.87342071533203,15.0,180.0
122.65847834872744,-34.49269402507871,-32.02905872666779,61.77342224121094,15.0,180.0
122.43111304654,-34.49076774379396,-32.30671493138226,61.67325210571289,15.0,180.0
122.2450927149516,-34.60024205179516,-32.72932095880962,61.57331466674805,15.0,180.0
122.04920612540629,-34.604065146753335,-33.15591877804948,61.47322463989258,15.0,180.0
121.8319578836209,-34.600456952291054,-33.16584525569815,61.37331390380859,15.0,180.0
121.67388285693336,-34.768362716142654,-32.7802221248408,61.27337265014648,15.0,180.0
121.65126622650492,-34.855854443497726,-32.387695050682574,61.17334747314453,15.0,180.0
121.62484893351107,-34.59270142272027,-32.096105923326895,61.17334747314453,15.0,180.0
121.54917302517718,-34.19276409958444,-31.79429422387622,61.07336807250977,15.0,180.0
121.42725624113557,-33.886657929561856,-31.471914796553826,60.97343826293945,15.0,180.0
121.30580360855042,-33.557961030110064,-31.371176220677025,60.87359237670898,15.0,180.0
121.4276056473899,-33.32222987711076,-31.60384656498177,60.77349853515625,15.0,180.0
121.61943059615088,-33.406240821126424,-31.755106257729448,60.67329406738281,15.0,180.0
121.69215934054763,-33.78381058601348,-31.529236615164468,60.57326126098633,15.0,180.0
121.85714284146928,-34.17315608523688,-31.229072789036216,60.57326126098633,15.0,180.0
122.08800692174802,-34.26311676288708,-31.04809626242177,60.47336959838867,15.0,180.0
122.13581731371828,-34.14012327028318,-30.80984511928046,60.37345504760742,15.0,180.0
122.04380633017767,-34.021905996139154,-30.663100787595265,60.27339935302734,15.0,180.0
121.9964043405344,-33.92295968436511,-30.89318173043598,60.17337417602539,15.0,180.0
122.03736646986373,-33.686561313510005,-31.11041535333952,60.07333374023438,15.0,180.0
122.12765811499484,-33.42731143924109,-30.92382577470564,59.97331237792969,15.0,180.0
122.02693284359684,-33.44083558558572,-30.563763037912555,59.87343597412109,15.0,180.0
121.6105091765571,-33.5409842055962,-30.166686639578906,59.87343597412109,15.0,180.0
121.20564944133804,-33.43829422818763,-29.73799822087964,59.7733154296875,15.0,180.0
121.09746305989913,-33.220072796576986,-29.48361278592184,59.67338943481445,15.0,180.0
121.1069501099834,-32.97215450628443,-29.37237771361748,59.57341384887695,15.0,180.0
121.09750169250364,-32.57366248607001,-29.209322300348045,59.47339248657227,15.0,180.0
121.08589662606144,-32.01075370648117,-29.07434244185439,59.37345504760742,15.0,180.0
120.93588409015236,-31.528004672052216,-28.999230442017183,59.27346420288086,15.0,180.0
120.7340375906534,-31.25584143305937,-28.843562924757208,59.17336273193359,15.0,180.0
120.51838524088616,-31.14220764434049,-28.713422154601574,59.17336273193359,15.0,180.0
120.21094633218652,-31.161209602212928,-28.691993463783824,59.07339477539062,15.0,180.0
120.00455366955832,-31.25957816369093,-28.6442446044202,58.97340393066406,15.0,180.0
119.90867527955965,-31.514264272348115,-28.63619066403675,58.87350845336914,15.0,180.0
119.78856452041192,-31.96704590224072,-28.78876919974752,58.77336502075195,15.0,180.0
119.700524024324,-32.41484661698163,-29.11178983724561,58.67331314086914,15.0,180.0
119.70405978830637,-32.77630477127536,-29.4539962290937,58.57330703735352,15.0,180.0
119.69472912307134,-33.19560910483148,-29.589668494334376,58.57330703735352,15.0,180.0
119.5056490075786,-33.56559080760145,-29.526889360232456,58.47341537475586,15.0,180.0
119.22678778580958,-33.63150324064705,-29.25372341095952,58.3734130859375,15.0,180.0
119.01032849156474,-33.47969891461686,-28.76247718176367,58.27336883544922,15.0,180.0
118.80082211349816,-33.13382685261411,-28.329022769045224,58.17340850830078,15.0,180.0
118.58423223885852,-32.68708147469796,-28.08227090592923,58.07335662841797,15.0,180.0
118.27448003897456,-32.47711306880338,-27.864388208818216,57.97330093383789,15.0,180.0
117.86773152570947,-32.447836179058264,-27.647763022226187,57.87332916259766,15.0,180.0
117.59479247200272,-32.490078935462826,-27.532221282633586,57.87332916259766,15.0,180.0
117.41473924757084,-32.65465427611384,-27.52592025697198,57.77337646484375,15.0,180.0
117.27561355728896,-32.821364440663146,-27.62256182013502,57.67347717285156,15.0,180.0
117.2619647663092,-32.961887505586134,-27.826220964931533,57.57343673706055,15.0,180.0
117.29781250332368,-33.16747781890063,-27.948048091092083,57.47328186035156,15.0,180.0
117.2612104157524,-33.260935759367506,-27.89278938410319,57.37346649169922,15.0,180.0
117.14510212829738,-32.931521389912966,-27.85289055276924,57.27340316772461,15.0,180.0
117.04642430105572,-32.365674205942966,-27.86955758445902,57.27340316772461,15.0,180.0
117.09439772879853,-32.00099148490099,-27.76052099746624,57.17333984375,15.0,180.0
117.23947776289356,-31.826816747135325,-27.610928350413623,57.07332992553711,15.0,180.0
117.21780223041682,-31.658171902199268,-27.65461216703545,56.97332763671875,15.0,180.0
117.1051546044814,-31.60600582866551,-27.81386033714329,56.87349700927734,15.0,180.0
117.11071154121647,-31.83374609728537,-27.997142964806507,56.77347946166992,15.0,180.0
117.1805324133701,-32.15617542964111,-28.08988300976216,56.67335510253906,15.0,180.0
117.22638513558138,-32.33650376131541,-28.095684426796574,56.57342147827148,15.0,180.0
117.17796193484376,-32.46990885765186,-28.289476981063235,56.57342147827148,15.0,180.0
116.9757899305344,-32.78942483116124,-28.6595763135624,56.47332763671875,15.0,180.0
116.6365322674279,-33.322764399498695,-28.931969285230537,56.37335968017578,15.0,180.0
116.3157809524024,-33.762702606731835,-28.899174086092053,56.27346038818359,15.0,180.0
116.0691101625152,-33.945369451356584,-28.5775639729359,56.17335891723633,15.0,180.0
115.86786551771765,-34.037434704031945,-28.20901825729964,56.07350921630859,15.0,180.0
115.66757281439804,-33.98252979238153,-27.877894858237138,55.97339248657227,15.0,180.0
115.34234099300362,-33.62797449310331,-27.59592725447856,55.97339248657227,15.0,180.0
114.98791640504052,-33.13716962685975,-27.50711628508949,55.87333297729492,15.0,180.0
114.6970725039819,-32.741252334339926,-27.57122394113709,55.7734375,15.0,180.0
114.5791500753781,-32.60962122673204,-27.73796104304036,55.67334365844727,15.0,180.0
114.76089714146292,-32.734607032586936,-28.01830708819135,55.57338333129883,15.0,180.0
114.93071974786152,-32.7881032997566,-28.180054438449464,55.47335052490234,15.0,180.0
114.8674612836027,-32.58756813475179,-27.92810242662541,55.37326431274414,15.0,180.0
114.76440694281357,-32.230399212520204,-27.383972618373463,55.27342224121094,15.0,180.0
114.80061455979028,-31.79819194073287,-26.8943537879646,55.27342224121094,15.0,180.0
114.88396315007846,-31.58904657757745,-26.60771573048606,55.17341232299805,15.0,180.0
114.77427456091546,-31.719838932617183,-26.54020732349329,55.07336044311523,15.0,180.0
114.45632708424895,-31.924111452705382,-26.47543066240662,54.97343063354492,15.0,180.0
114.09757890330113,-32.0854038351848,-26.324574423657708,54.87336730957031,15.0,180.0
113.8206033375054,-32.266251544032514,-26.29570369823617,54.77333450317383,15.0,180.0
113.53211075623946,-32.510782880907215,-26.35454144274848,54.67335510253906,15.0,180.0
113.09687961557928,-32.604718268115086,-26.348330063082805,54.57331085205078,15.0,180.0
112.73153878115691,-32.51210785073975,-26.219600409465485,54.57331085205078,15.0,180.0
112.70047744192004,-32.5652296627816,-26.000376938409225,54.47336196899414,15.0,180.0
112.88416028717856,-32.825856220164155,-25.71355260488091,54.37331390380859,15.0,180.0
113.11337889331246,-32.9285164049871,-25.324270158337708,54.27338027954102,15.0,180.0
113.26422944974196,-32.69551098272285,-24.94011600629228,54.17337799072266,15.0,180.0
113.204877277078,-32.414371912571326,-24.592796515333387,54.07334899902344,15.0,180.0
113.28134941207124,-32.24554419998387,-24.36865305082952,53.97332382202148,15.0,180.0
113.59870412443112,-32.07559739963684,-24.366441057392525,53.97332382202148,15.0,180.0
113.76680317538984,-31.974317764988538,-24.22348012742876,53.87331390380859,15.0,180.0
113.75729033876868,-32.048963674917744,-23.8175271314929,53.77348709106445,15.0,180.0
113.74795065090888,-32.14951806624406,-23.585476449623503,53.6734619140625,15.0,180.0
113.7943325824168,-32.28134963260836,-23.72711593834346,53.57341384887695,15.0,180.0
113.76405120616734,-32.56501242857949,-24.021563798263543,53.47343444824219,15.0,180.0
113.51696244919393,-32.75950117253416,-24.186949755454,53.37328720092773,15.0,180.0
113.10492583734606,-32.706479410572406,-24.157555778103955,53.27342987060547,15.0,180.0
112.6446231776932,-32.66061837461991,-24.10265300079997,53.27342987060547,15.0,180.0
112.23765528428184,-32.77544874691825,-24.290788565994188,53.17339324951172,15.0,180.0
111.96041604489317,-32.86420604218577,-24.65851998500344,53.07333755493164,15.0,180.0
111.82086847349196,-32.84952812648454,-24.90587222743204,52.97340393066406,15.0,180.0
111.76953315170576,-32.877879617873646,-24.87350713765164,52.87332153320312,15.0,180.0
111.68431363135294,-32.947274182132844,-24.50119310824582,52.77358245849609,15.0,180.0
111.50078099280375,-32.99874309848349,-24.12729457510573,52.67345809936523,15.0,180.0
111.2769752504945,-33.042799774298004,-24.039082837355373,52.67345809936523,15.0,180.0
110.97517835930694,-33.05864554812946,-24.14521282140928,52.57345199584961,15.0,180.0
110.63126330941296,-33.12448304754649,-24.424856735467376,52.47346496582031,15.0,180.0
110.51363921235593,-33.313361941393964,-24.82374960271176,52.37343597412109,15.0,180.0
110.62831288472388,-33.425538219171784,-25.07047242904956,52.27353668212891,15.0,180.0
110.71440185426768,-33.40630662711053,-25.107428174742573,52.17328262329102,15.0,180.0
110.78311984904806,-33.34048449453648,-25.186888248487943,52.07332229614258,15.0,180.0
110.9483015606711,-33.16558675577638,-25.28530426110243,51.97339630126953,15.0,180.0
111.12977179174818,-33.01182994550947,-25.25371496694135,51.97339630126953,15.0,180.0
111.16748618493622,-32.84858703562274,-25.1846794875748,51.87348937988281,15.0,180.0
111.04984357776664,-32.51185551854131,-25.090583969894123,51.77341461181641,15.0,180.0
110.88195991479412,-32.207177322098126,-24.85396340138444,51.67338943481445,15.0,180.0
110.54996293742688,-32.13313275451095,-24.59761077130577,51.57340621948242,15.0,180.0
110.03799013200762,-32.07357618623609,-24.518713818196307,51.47334671020508,15.0,180.0
109.73215221059762,-31.83418557163961,-24.55224828558632,51.37332153320312,15.0,180.0
109.6369928896899,-31.62009994930856,-24.542666302340017,51.27345275878906,15.0,180.0
109.4192352026736,-31.557518445437893,-24.43192045657072,51.27345275878906,15.0,180.0
109.17627845047268,-31.59438575954021,-24.304537795999327,51.17334365844727,15.0,180.0
109.0615194578734,-31.658110107513355,-24.294288757618467,51.07336044311523,15.0,180.0
108.9305984298647,-31.678799785752464,-24.393967213555943,50.97339630126953,15.0,180.0
108.60948827704584,-31.57203027135529,-24.53105457054293,50.87332534790039,15.0,180.0
108.24616862374246,-31.45441080367246,-24.76411599456896,50.77341842651367,15.0,180.0
108.07855059700456,-31.533117427698635,-25.05953357436952,50.67341995239258,15.0,180.0
108.04595654776686,-31.67862451187981,-25.211725717521425,50.67341995239258,15.0,180.0
107.99434938406633,-31.707021597758065,-25.07705320764459,50.57332229614258,15.0,180.0
107.76520106484728,-31.57536296381361,-24.68665332554959,50.47332000732422,15.0,180.0
107.49270955715023,-31.285668370043183,-24.35143386947182,50.37328720092773,15.0,180.0
107.55621802610796,-30.874941322497737,-24.209615419192588,50.27339553833008,15.0,180.0
107.77307493889532,-30.53094007654697,-24.036960159997182,50.17335510253906,15.0,180.0
107.75962381625708,-30.448143274792283,-23.6570418818054,50.0733528137207,15.0,180.0
107.5825804190408,-30.39920119348587,-23.203555579656367,49.97335052490234,15.0,180.0
107.31250836396548,-30.12961379689779,-23.05740782153949,49.97335052490234,15.0,180.0
107.00801715892162,-29.892267119484654,-23.24853584088097,49.87337112426758,15.0,180.0
106.80570188881326,-29.790509068119952,-23.50985340821908,49.7734260559082,15.0,180.0
106.57488033142532,-29.69690159409143,-23.861445183181445,49.67335891723633,15.0,180.0
106.1514124661393,-29.74964210087141,-24.17971112219329,49.57336807250977,15.0,180.0
105.7438449625962,-30.010008431818104,-24.13397616638606,49.47348785400391,15.0,180.0
105.64378427576584,-30.224087441167608,-23.76427265039109,49.37332153320312,15.0,180.0
105.84533704601624,-30.22495989653499,-23.17981405521977,49.37332153320312,15.0,180.0
106.25077081522096,-30.272359326046,-22.46815323348857,49.27334594726562,15.0,180.0
106.65811287147432,-30.45755078673115,-21.78040157405777,49.17333984375,15.0,180.0
106.75351623248255,-30.519010311156084,-21.193684898336898,49.07347869873047,15.0,180.0
106.60416272448391,-30.518848988370166,-21.024483409670903,48.97336578369141,15.0,180.0
106.2805372126742,-30.66573812730205,-21.4021994677368,48.87332534790039,15.0,180.0
105.62927003279331,-30.99983123925577,-21.900252183699457,48.77338409423828,15.0,180.0
104.86625160345385,-31.478296270141968,-22.23150711813971,48.67343902587891,15.0,180.0
104.32848779481893,-32.001552879371204,-22.244786836647748,48.67343902587891,15.0,180.0
103.91478049431306,-32.46434381753689,-21.960554158464515,48.57342147827148,15.0,180.0
103.45493077839738,-32.7451212925727,-21.82761122933186,48.47332382202148,15.0,180.0
103.04906721493744,-32.80583043316804,-21.800738299311163,48.37328338623047,15.0,180.0
102.77217945994695,-32.71862828326024,-21.387061217888068,48.27329254150391,15.0,180.0
102.59001099877044,-32.60186165980599,-20.92045880406441,48.17342758178711,15.0,180.0
102.48801557729536,-32.51996082716406,-20.93317636348401,48.07350921630859,15.0,180.0
102.49026135076898,-32.43900913684078,-21.0381698294598,48.07350921630859,15.0,180.0
102.51926178734615,-32.37610453764119,-20.95954865523194,47.97335433959961,15.0,180.0
102.5511292639654,-32.390898220214694,-21.06495526799518,47.87340927124023,15.0,180.0
102.65390809311644,-32.49994063360234,-21.409556568997,47.77326202392578,15.0,180.0
102.84165425151627,-32.5561251777529,-21.79253374765869,47.67340469360352,15.0,180.0
103.01474009805897,-32.30515284514757,-22.19517716021514,47.57346725463867,15.0,180.0
103.01092105579464,-31.869161700758674,-22.47343678984815,47.47335815429688,15.0,180.0
102.91490954570268,-31.545148592419523,-22.470714881644405,47.37346267700195,15.0,180.0
102.81228114315827,-31.30527429947289,-22.20578409049611,47.37346267700195,15.0,180.0
102.6656929434165,-31.03850677802878,-21.64550824521038,47.27346420288086,15.0,180.0
102.66760817813672,-30.77369029721729,-20.95613689568447,47.17337799072266,15.0,180.0
102.88284219429406,-30.5398579788438,-20.418214756888243,47.07358169555664,15.0,180.0
103.05138945521936,-30.37934481727497,-20.02198956616549,46.97334671020508,15.0,180.0
103.05110671008842,-30.423354546595824,-19.771991736845223,46.873291015625,15.0,180.0
102.99743648958416,-30.6505537381777,-19.78934557012796,46.77332305908203,15.0,180.0
102.86800131930198,-30.956218660666565,-20.01841988065144,46.67328643798828,15.0,180.0
102.6836850504818,-31.243529809985123,-20.297609200597964,46.67328643798828,15.0,180.0
102.67370556060818,-31.37306742486376,-20.54674699275852,46.5733757019043,15.0,180.0
102.62648941015684,-31.321905469278512,-20.631704208523832,46.47346878051758,15.0,180.0
102.35723866743858,-31.11000187311168,-20.427255185926587,46.37342834472656,15.0,180.0
102.16801219310342,-30.802210981436545,-19.982695644709462,46.2735595703125,15.0,180.0
102.02260743472362,-30.514823126121065,-19.55227699185681,46.17348098754883,15.0,180.0
101.70587689673074,-30.3559927095422,-19.3662078704191,46.07327270507812,15.0,180.0
101.41315976393194,-30.35516047626372,-19.399231378621508,46.07327270507812,15.0,180.0
101.19959476247332,-30.39472417463637,-19.67364124063037,45.97341537475586,15.0,180.0
100.73104435806766,-30.473186849366208,-20.03235760480528,45.87335586547852,15.0,180.0
100.10852482286528,-30.64389331241452,-20.199478715898444,45.77332305908203,15.0,180.0
99.7434352841765,-30.704660784425016,-20.287195601490343,45.67350769042969,15.0,180.0
99.59948467697052,-30.51351113280716,-20.29783323072532,45.57346343994141,15.0,180.0
99.56080063193905,-30.228990374654245,-20.07315778180792,45.47349548339844,15.0,180.0
99.6061297297256,-30.030778094862555,-19.71130204375188,45.3734245300293,15.0,180.0
99.64118122069836,-29.964653018802785,-19.296561284222044,45.3734245300293,15.0,180.0
99.7233841791304,-29.90636739415364,-18.88242959063123,45.27347564697266,15.0,180.0
99.89452599659492,-29.691714628588475,-18.522457566917574,45.1732177734375,15.0,180.0
99.86921764244394,-29.36479286938761,-18.22472500996432,45.07320404052734,15.0,180.0
99.47464646890266,-29.10096821337732,-18.15636430252023,44.97322845458984,15.0,180.0
98.91834285840402,-28.9495510524752,-18.25299593409848,44.87334442138672,15.0,180.0
98.4449773318112,-28.85913915914609,-18.110382587963144,44.77338790893555,15.0,180.0
98.25917748527436,-28.75391807034017,-17.70757547335238,44.77338790893555,15.0,180.0
98.32462842790731,-28.6584270205438,-17.430265585988767,44.67329788208008,15.0,180.0
98.47499713463785,-28.83244393526034,-17.524012366294816,44.57340621948242,15.0,180.0
98.6365180048686,-29.338835567794444,-17.81344161471662,44.47329711914062,15.0,180.0
98.72379317228824,-29.90730054745735,-17.9137339569434,44.3734016418457,15.0,180.0
98.7253966823684,-30.192305721893465,-17.930265541444747,44.2734375,15.0,180.0
98.60341441174909,-30.13547628940409,-18.087279909172302,44.17335891723633,15.0,180.0
98.37874354364708,-30.051378429324743,-18.08844644667392,44.07332992553711,15.0,180.0
98.0822725977209,-30.007370788616857,-17.876350931829684,44.07332992553711,15.0,180.0
97.66887359212348,-29.932250831587595,-17.575779086508145,43.97336196899414,15.0,180.0
97.2853119185085,-29.894267237844183,-17.0988820959289,43.87338638305664,15.0,180.0
96.95401892773008,-30.0163328404525,-16.671053577524628,43.77349090576172,15.0,180.0
96.61354922772227,-30.315266121940954,-16.47170342896572,43.67359161376953,15.0,180.0
96.37720614701456,-30.59144733565423,-16.39771281000297,43.57338714599609,15.0,180.0
96.12941040005278,-30.846663443902585,-16.511380630130873,43.47343826293945,15.0,180.0
95.67191998737084,-31.100950508709648,-16.893923972629487,43.37345123291016,15.0,180.0
95.0756089063776,-31.07886563656116,-17.39903177260928,43.37345123291016,15.0,180.0
94.46862704267998,-30.670613528781832,-17.76542946673183,43.27335357666016,15.0,180.0
93.94492152742652,-30.073756834791283,-17.92155997561829,43.17339706420898,15.0,180.0
93.65010066783032,-29.54831611289076,-18.029295376048104,43.07326126098633,15.0,180.0
93.447265386412,-29.300392865062417,-18.194696181366147,42.97337341308594,15.0,180.0
93.1654800271089,-29.289057679465405,-18.5041693844082,42.87335205078125,15.0,180.0
92.9008309569956,-29.313892083123395,-18.854936160321884,42.77334213256836,15.0,180.0
92.62888366409936,-29.40219673252925,-18.94466819625116,42.77334213256836,15.0,180.0
92.31425871813704,-29.669148230771807,-18.82666483239377,42.67338943481445,15.0,180.0
92.10058754767516,-29.840512211953914,-18.63512811766393,42.5734748840332,15.0,180.0
92.1212868559528,-29.713891748932056,-18.36952280130124,42.47360610961914,15.0,180.0
92.21763415750372,-29.515179714664583,-18.02184027503144,42.37329483032227,15.0,180.0
92.26906775529426,-29.38150873064942,-17.626718247110798,42.27321624755859,15.0,180.0
92.27015251328322,-29.34452254950126,-17.341324205452114,42.17330551147461,15.0,180.0
92.11868414143692,-29.404864856874305,-17.18110402881419,42.07334518432617,15.0,180.0
91.94659541442309,-29.54242961539561,-17.19958453870437,42.07334518432617,15.0,180.0
91.85316020590705,-29.63285024520836,-17.468307286268217,41.97344589233398,15.0,180.0
91.79023219835312,-29.557184369714182,-17.854870205660806,41.87337112426758,15.0,180.0
91.8654993580692,-29.42418523813588,-18.08596764555895,41.77345657348633,15.0,180.0
91.95356445489492,-29.22477773918355,-17.999931093911442,41.67350387573242,15.0,180.0
91.80807225654698,-28.92281221855315,-17.734136033493122,41.57345581054688,15.0,180.0
91.56141814627608,-28.583829997778803,-17.407827623194933,41.47329711914062,15.0,180.0
91.45799880228223,-28.330745093236395,-17.134144722254813,41.47329711914062,15.0,180.0
91.55037564368948,-28.31549648744092,-16.90421034274561,41.37322616577148,15.0,180.0
91.64600861281934,-28.530660212474867,-16.637163763546003,41.27336883544922,15.0,180.0
91.60358988818336,-28.76795904928218,-16.375715669210923,41.17343139648438,15.0,180.0
91.49194753506217,-28.790784219453244,-15.98489202754804,41.07332611083984,15.0,180.0
91.41364799430949,-28.738125160768,-15.316669206233652,40.97343444824219,15.0,180.0
91.28107341538784,-28.77190892006845,-14.577001863897308,40.87327575683594,15.0,180.0
90.87888482933188,-28.76739417111265,-14.219272470251363,40.77333068847656,15.0,180.0
90.2497258780331,-28.67745392946403,-14.200637062496734,40.77333068847656,15.0,180.0
89.58648312070694,-28.61949241785907,-14.257804514368718,40.67354583740234,15.0,180.0
89.00728540064382,-28.693760262232136,-14.38975932450741,40.57353973388672,15.0,180.0
88.59797169543991,-28.74901286923132,-14.577559902019075,40.47344970703125,15.0,180.0
88.36981959859031,-28.68300812733807,-14.96067358909459,40.37319564819336,15.0,180.0
88.10790114936859,-28.63590550394955,-15.4181589111955,40.27331924438477,15.0,180.0
87.68553002555713,-28.770134019046186,-15.76017906084847,40.17337036132812,15.0,180.0
87.2653813446571,-29.04232031113804,-16.065349814070277,40.17337036132812,15.0,180.0
86.92884863129484,-29.13780252196044,-16.306712985467765,40.07333755493164,15.0,180.0
86.66388029359051,-28.87687509437948,-16.349018051278215,39.97330856323242,15.0,180.0
86.53691679569779,-28.420747774810515,-16.189719977614224,39.87337875366211,15.0,180.0
86.58755045630288,-27.941496497326685,-16.03511330296836,39.77333831787109,15.0,180.0
86.83251772953096,-27.435706006379057,-15.913716497637154,39.67349243164062,15.0,180.0
87.13497621478962,-26.99913219318644,-15.628220486115865,39.57340621948242,15.0,180.0
87.12959366378078,-26.83635766595639,-15.06661967939016,39.47305679321289,15.0,180.0
86.75609405626116,-27.00641413862272,-14.496480960784108,39.47305679321289,15.0,180.0
86.3041068800188,-27.29632429168491,-14.184506478192215,39.37328720092773,15.0,180.0
85.95347110066105,-27.444076691882284,-14.194254254781804,39.27329254150391,15.0,180.0
85.7821837149441,-27.42795438394647,-14.54532851075011,39.17330932617188,15.0,180.0
85.73352286588185,-27.423603330583823,-14.9097935552727,39.07344818115234,15.0,180.0
85.64088468665051,-27.58747861589745,-15.062914543210132,38.97362899780273,15.0,180.0
85.34339457160068,-27.76705754992496,-15.267913655209536,38.87356185913086,15.0,180.0
84.84283787908315,-27.801208471522205,-15.614995312175823,38.77344131469727,15.0,180.0
84.37513803602631,-27.717837178972008,-15.801269631607797,38.77344131469727,15.0,180.0
83.9961722933419,-27.58391933436606,-15.63494579833176,38.67337417602539,15.0,180.0
83.73000217563768,-27.6039227660772,-15.42341016550223,38.57341003417969,15.0,180.0
83.70371037482197,-27.75337848579641,-15.469486234746938,38.47349548339844,15.0,180.0
83.73242703728774,-27.745857091860746,-15.592698130578064,38.37339019775391,15.0,180.0
83.47384091499464,-27.55410010874832,-15.773125396648558,38.27338027954102,15.0,180.0
82.97425223760035,-27.32578797647396,-16.098467160793287,38.17337799072266,15.0,180.0
82.63504605223972,-27.052126704146183,-16.390931541111577,38.17337799072266,15.0,180.0
82.65986432712542,-26.72992806251634,-16.469407414005516,38.07345199584961,15.0,180.0
82.84596789854392,-26.402029888581986,-16.38583792541815,37.97345352172852,15.0,180.0
82.92537621654957,-26.02920509480745,-16.22674951795577,37.87330627441406,15.0,180.0
82.85614043093392,-25.66954405692588,-15.740023157531706,37.77326965332031,15.0,180.0
82.8181135040799,-25.43338504285976,-14.971525121203246,37.67335510253906,15.0,180.0
82.81093655326836,-25.34165870607949,-14.54983130015533,37.57352447509766,15.0,180.0
82.62853909978388,-25.32799866537588,-14.55282123487989,37.47340393066406,15.0,180.0
82.34253892195326,-25.33390383777568,-14.490067548543012,37.47340393066406,15.0,180.0
81.9860762257086,-25.353766694500845,-14.27192715133763,37.37333297729492,15.0,180.0
81.50622822805269,-25.38338068437338,-14.073184327324912,37.27343368530273,15.0,180.0
81.00057677934494,-25.4195160657306,-14.019648525316576,37.17341232299805,15.0,180.0
80.4673196010044,-25.51052137738752,-14.022595258204442,37.07343292236328,15.0,180.0
79.94513833451751,-25.57786087657638,-13.92260111671882,36.97350311279297,15.0,180.0
79.60112888920457,-25.40819544907367,-13.77903135738645,36.87346267700195,15.0,180.0
79.36060420072626,-25.15132766211304,-13.570463083475396,36.87346267700195,15.0,180.0
78.94285140305254,-25.141783832710946,-13.268915845774703,36.77333068847656,15.0,180.0
78.46177676392469,-25.33160536994158,-12.938884609148282,36.67339324951172,15.0,180.0
78.29988811216334,-25.5299632254094,-12.667452390193404,36.57353973388672,15.0,180.0
78.4313383222797,-25.699664109280768,-12.496680543921316,36.47353744506836,15.0,180.0
78.44987537618705,-25.902472948748542,-12.30053217896866,36.37337493896484,15.0,180.0
78.12117959728616,-26.1220031190961,-12.17958057509303,36.27328491210938,15.0,180.0
77.65970643566764,-26.312991210609194,-12.19105112802074,36.17340087890625,15.0,180.0
77.34798648183632,-26.539328894609056,-12.278200922114928,36.17340087890625,15.0,180.0
77.2570050174571,-26.79716759706097,-12.62108713880163,36.07338714599609,15.0,180.0
77.32720418034825,-27.02471580351669,-13.018133580929582,35.97341156005859,15.0,180.0
77.51525897285732,-27.177491746650848,-13.17136774361758,35.87325286865234,15.0,180.0
77.78970861471306,-27.284950652741152,-13.16564643777129,35.77325820922852,15.0,180.0
77.90370473914616,-27.361785926027007,-13.018867882126951,35.6733512878418,15.0,180.0
77.79790866117209,-27.36866899818281,-12.73470359824275,35.57336807250977,15.0,180.0
77.6454351424546,-27.218469084315785,-12.328432234659248,35.47351837158203,15.0,180.0
77.36003679821994,-26.859136305441545,-11.80301667205114,35.47351837158203,15.0,180.0
76.81148691645163,-26.44160562966241,-11.454965761162644,35.37341690063477,15.0,180.0
76.09764027806655,-26.039638881073103,-11.471351864876969,35.27320861816406,15.0,180.0
75.53392951886818,-25.5757791059973,-11.694038456210617,35.17325210571289,15.0,180.0
75.22682730586985,-25.098732404322565,-11.98568818323028,35.07328414916992,15.0,180.0
74.96235738635096,-24.78827927420096,-12.164987403034855,34.9734992980957,15.0,180.0
74.67341920304663,-24.688210687889377,-12.039290688423952,34.87351226806641,15.0,180.0
74.32098222790067,-24.771856361116576,-11.716222037802256,34.87351226806641,15.0,180.0
73.83922328828771,-24.939395509182543,-11.48720919171296,34.77334594726562,15.0,180.0
73.32241260273689,-24.936493500360072,-11.474915921278086,34.67325973510742,15.0,180.0
72.86126724248547,-24.73607342348016,-11.69653790115538,34.5733528137207,15.0,180.0
72.56228404972585,-24.57632753437586,-12.040073046939195,34.47341537475586,15.0,180.0
72.47699481509704,-24.63843057279857,-12.176637130746103,34.37331008911133,15.0,180.0
72.55623536001902,-24.84072891975409,-12.087499614112474,34.27331161499023,15.0,180.0
72.80815500867892,-25.044401140443828,-12.138585658705749,34.17335891723633,15.0,180.0
73.13607142904937,-25.22279774908295,-12.429857346419029,34.17335891723633,15.0,180.0
73.35927799804377,-25.41801226830343,-12.729002515948723,34.07336807250977,15.0,180.0
73.35778922834442,-25.724754780353603,-12.804499764994883,33.97348785400391,15.0,180.0
73.05005667556505,-26.04526613641711,-12.70783603980408,33.87340927124023,15.0,180.0
72.57826924410637,-26.19150016177824,-12.498598943658498,33.77343368530273,15.0,180.0
72.07824042907036,-26.23283759273216,-12.072240202045409,33.67336273193359,15.0,180.0
71.5403216050885,-26.26881709949872,-11.70973230935126,33.5733757019043,15.0,180.0
71.18529012485538,-26.204907278446,-11.698483027073369,33.5733757019043,15.0,180.0
70.89585640801621,-26.028166688547863,-11.87750804004726,33.47353744506836,15.0,180.0
70.37798955953137,-25.77538264378816,-12.028615447728663,33.37331390380859,15.0,180.0
69.86462005776576,-25.353442941518352,-12.13450387713806,33.27342224121094,15.0,180.0
69.38540541841496,-24.81513907580924,-12.30062716026843,33.17341232299805,15.0,180.0
68.79009166676131,-24.33393323022578,-12.53665547347085,33.07345962524414,15.0,180.0
68.27319050959856,-23.93625726879104,-12.782913950068131,32.97352600097656,15.0,180.0
67.87413597504651,-23.77918467492802,-12.980756088719456,32.87332916259766,15.0,180.0
67.46088997297855,-24.05422926622285,-12.964795842331316,32.87332916259766,15.0,180.0
67.19534365045412,-24.589053726062303,-12.700866774413123,32.77327346801758,15.0,180.0
67.14222444760003,-25.013429812254994,-12.333504073408252,32.67326736450195,15.0,180.0
67.05154344415045,-25.129323824388347,-11.844028647328091,32.57336044311523,15.0,180.0
66.85284489933879,-25.05389484905082,-11.303299460888354,32.47336196899414,15.0,180.0
66.72958537999867,-24.956301751987063,-10.85339507390795,32.37335586547852,15.0,180.0
66.7607715753849,-24.942349569140248,-10.39091366770488,32.27345657348633,15.0,180.0
66.79651630303812,-25.02441655112033,-9.91303677055188,32.27345657348633,15.0,180.0
66.73830223550448,-25.08196059748025,-9.54270875050965,32.17333984375,15.0,180.0
66.65127315336287,-25.11418566256716,-9.388252461280228,32.07341003417969,15.0,180.0
66.38375635321037,-25.10755089293885,-9.554291954128397,31.97346687316895,15.0,180.0
65.88044900820623,-24.901994662282902,-9.897666440311395,31.87334251403809,15.0,180.0
65.53333185710926,-24.551655812266336,-10.140312650445452,31.77338981628418,15.0,180.0
65.3477937326019,-24.289591019527464,-10.07039869495085,31.6733512878418,15.0,180.0
65.00428760170803,-24.20497031006605,-9.80106346568244,31.57340431213379,15.0,180.0
64.600202052101,-24.211326772203915,-9.679970599621813,31.57340431213379,15.0,180.0
64.3541185763747,-24.343400656382755,-9.662311936593635,31.47348403930664,15.0,180.0
64.29427929702942,-24.58749007280551,-9.66277938951216,31.37339782714844,15.0,180.0
64.36074272752424,-24.676360758698053,-9.801598730018242,31.27348327636719,15.0,180.0
64.42225686812665,-24.66324006086497,-10.034698829227835,31.17332649230957,15.0,180.0
64.48455762050956,-24.713290021982026,-10.37843991478452,31.07340621948242,15.0,180.0
64.58654649630516,-24.794327585724183,-10.8094088855914,30.9734001159668,15.0,180.0
64.59541189462922,-24.82636087831797,-11.21113124381672,30.87332153320312,15.0,180.0
64.3893066739679,-24.70407958139608,-11.489644270326377,30.87332153320312,15.0,180.0
63.946916117034704,-24.52050094324386,-11.51309514745815,30.77350997924805,15.0,180.0
63.60249082384725,-24.464309382396056,-11.276690662876415,30.6734790802002,15.0,180.0
63.48370301406591,-24.4722068725962,-10.978604604216784,30.5735034942627,15.0,180.0
63.25969914560274,-24.39568266533416,-10.836251874902828,30.4735279083252,15.0,180.0
62.84872865946291,-24.3425283888956,-10.777184917767968,30.37343788146973,15.0,180.0
62.302953800729966,-24.33121709823698,-10.839205747954493,30.2733268737793,15.0,180.0
61.668567080436986,-24.15016999024326,-11.046859828286104,30.2733268737793,15.0,180.0
61.2781875608877,-23.723468396098923,-11.057421046819533,30.17333030700684,15.0,180.0
61.19109904968528,-23.2559800882639,-10.81384971778225,30.07326889038086,15.0,180.0
60.94713864485912,-22.97901042093456,-10.513577470807142,29.97346878051758,15.0,180.0
60.66615751268206,-22.86806299825632,-10.195534376912796,29.87331390380859,15.0,180.0
60.6475961299402,-22.782965685787648,-9.795001642362076,29.77328109741211,15.0,180.0
60.63422456506768,-22.647259687686542,-9.34079442370538,29.6733455657959,15.0,180.0
60.54247309856931,-22.47104621583143,-9.136412485590434,29.57334899902344,15.0,180.0
60.464190993234446,-22.35200506905326,-9.255908354027651,29.57334899902344,15.0,180.0
60.29904715828054,-22.23060838489572,-9.37310936375713,29.47336959838867,15.0,180.0
59.9888636928324,-22.01652882170867,-9.441708403470152,29.3734188079834,15.0,180.0
59.58304762644593,-21.834167259504976,-9.588740266541503,29.27336311340332,15.0,180.0
59.162089468704416,-21.70926294829741,-9.84729174681449,29.17328834533691,15.0,180.0
58.72345433542166,-21.571488943854053,-10.236228591376245,29.07331085205078,15.0,180.0
58.25262445757014,-21.48162566951572,-10.609316304185208,28.97327423095703,15.0,180.0
57.81330427184512,-21.50527909991325,-10.742328941910404,28.97327423095703,15.0,180.0
57.42143352864832,-21.65838351616118,-10.717856606407857,28.87337493896484,15.0,180.0
57.14864896309035,-21.93936450346905,-10.678997564698776,28.77344703674316,15.0,180.0
56.93598465248438,-22.216940436686336,-10.538224538394791,28.67333793640137,15.0,180.0
56.679595183260936,-22.308553630927687,-10.375976162929012,28.57338714599609,15.0,180.0
56.46473486561624,-22.10455827296665,-10.270522955221384,28.47332382202148,15.0,180.0
56.25860601971221,-21.781243823221047,-10.127614666907998,28.37332153320312,15.0,180.0
55.97834991598753,-21.553789865664235,-9.87468527310127,28.27342414855957,15.0,180.0
55.62528786577589,-21.40258614402107,-9.504463037933691,28.27342414855957,15.0,180.0
55.29523995464135,-21.34626182884412,-9.099700914122833,28.17339134216309,15.0,180.0
55.08633275481984,-21.474120295772924,-8.892448087516406,28.07333564758301,15.0,180.0
54.86444359513765,-21.822733369655925,-9.03281277883325,27.97334671020508,15.0,180.0
54.524683087740414,-22.135178671790904,-9.196681128609448,27.87350463867188,15.0,180.0
54.12341478508437,-22.089768770908734,-9.164161242600075,27.77345657348633,15.0,180.0
53.843196907302,-21.87873985116269,-9.153900610528238,27.67332077026367,15.0,180.0
53.78711106259182,-21.77947676688033,-9.157616726876071,27.57336044311523,15.0,180.0
53.66322270660273,-21.663026009132626,-9.16843409294862,27.57336044311523,15.0,180.0
53.26441571219423,-21.54129144906724,-9.460290235393538,27.47329330444336,15.0,180.0
52.803998091898194,-21.425638672681032,-9.953505000125306,27.37345695495605,15.0,180.0
52.36682674704524,-21.053034459958536,-10.359527453962633,27.27333831787109,15.0,180.0
51.81600974661958,-20.45027903714979,-10.508330059767266,27.1733283996582,15.0,180.0
51.166149397781936,-19.81448339282986,-10.305800457377927,27.07344055175781,15.0,180.0
50.5950002227448,-19.15608402414436,-10.055278156617357,26.97344398498535,15.0,180.0
50.08453192860145,-18.666570902234746,-9.978870040547578,26.97344398498535,15.0,180.0
49.510780349975775,-18.56464402734832,-9.832429168729828,26.87350845336914,15.0,180.0
49.028579524629166,-18.629365329828403,-9.593916547514194,26.77348327636719,15.0,180.0
48.72049891088215,-18.63622495834126,-9.3593245971166,26.67334747314453,15.0,180.0
48.57461302453832,-18.517840780711296,-9.148647920182944,26.57342720031738,15.0,180.0
48.50366988216465,-18.408091123671333,-9.086144506455325,26.4732780456543,15.0,180.0
48.38722022462717,-18.604687133357004,-9.3110109144162,26.37337112426758,15.0,180.0
48.14095559776978,-18.977881003861768,-9.711318718797024,26.27342414855957,15.0,180.0
47.657280084093976,-19.273131252643445,-9.96365541765482,26.27342414855957,15.0,180.0
47.049096777122486,-19.513224236726025,-9.907930548460849,26.17341232299805,15.0,180.0
46.46003013896338,-19.63389626432094,-9.531233075222048,26.07332038879395,15.0,180.0
45.9439514352749,-19.46716814475548,-8.991993105255755,25.97333526611328,15.0,180.0
45.60027515793304,-19.091082608762683,-8.534102821530366,25.87338447570801,15.0,180.0
45.44393385743602,-18.857944563634536,-8.282337067354566,25.77338600158691,15.0,180.0
45.40688393773449,-18.92057401348284,-8.051226415161791,25.67329216003418,15.0,180.0
45.43309888540101,-18.91159639489021,-7.555527778021079,25.67329216003418,15.0,180.0
45.26666496482338,-18.55826621249125,-6.89073374970239,25.57339859008789,15.0,180.0
44.848671738224,-18.10312392861068,-6.288065893070857,25.47337341308594,15.0,180.0
44.52771230801497,-17.82936632772507,-5.755836290386215,25.37350845336914,15.0,180.0
44.42279510469318,-17.83476674383958,-5.538630150021312,25.27348899841309,15.0,180.0
44.36404605043675,-18.02116314008088,-5.836405550854796,25.17329216003418,15.0,180.0
44.36448011813389,-18.196599765570035,-6.289921021359148,25.0732421875,15.0,180.0
44.50672761854669,-18.198567466128534,-6.632028209222813,24.9732551574707,15.0,180.0
44.55668075689003,-17.95910063834267,-6.788052015729922,24.9732551574707,15.0,180.0
44.44661269276794,-17.630334570447626,-6.791870007037696,24.87351417541504,15.0,180.0
44.36001722749548,-17.416508174970517,-6.840255528345937,24.7735652923584,15.0,180.0
44.17208812425975,-17.360293410713222,-7.134474119634485,24.6734561920166,15.0,180.0
43.811448951078525,-17.448952409870795,-7.544087874729955,24.57344627380371,15.0,180.0
43.36499568427541,-17.65379479995318,-7.670193520264742,24.47344207763672,15.0,180.0
42.78618870056842,-17.876357572577668,-7.620033666948426,24.37337684631348,15.0,180.0
42.09916141631882,-18.030145483185763,-7.712247594405822,24.27331924438477,15.0,180.0
41.36805125651953,-18.15413449039078,-7.872411586538627,24.27331924438477,15.0,180.0
40.71110612903456,-18.39633095722367,-7.931097349053472,24.17331314086914,15.0,180.0
40.20311464633227,-18.723132805432325,-7.861423579752134,24.07341575622559,15.0,180.0
39.77090779999526,-19.038166375124632,-7.572636822609962,23.97332382202148,15.0,180.0
39.42024604330291,-19.26423747072497,-7.053741896742142,23.87334442138672,15.0,180.0
39.12436052884173,-19.18276604972906,-6.652492585465734,23.77334213256836,15.0,180.0
38.77032684371461,-18.747865046421342,-6.473867820164355,23.67349815368652,15.0,180.0
38.31064534063973,-18.19375314103691,-6.3651936462688,23.67349815368652,15.0,180.0
37.73808079380231,-17.722252894190802,-6.180847858280451,23.57354164123535,15.0,180.0
37.11548924695042,-17.36017458021109,-5.716649223602492,23.47340774536133,15.0,180.0
36.61271246758332,-16.982390550260966,-5.020295584273661,23.37339401245117,15.0,180.0
36.31999533215213,-16.533483084513673,-4.217928524198989,23.27326774597168,15.0,180.0
36.12467511872124,-16.18512336930587,-3.577780042224134,23.1733512878418,15.0,180.0
36.0257550917577,-16.058004442943112,-3.2825839096552247,23.07343101501465,15.0,180.0
36.17454576375032,-16.09141522747327,-2.964193708246308,22.97343826293945,15.0,180.0
36.42139240926168,-16.200085692167033,-2.455832021632565,22.97343826293945,15.0,180.0
36.36169732979457,-16.35725759639557,-1.9535187065161648,22.87351036071777,15.0,180.0
35.84513579602325,-16.57161546536664,-1.6793464502436368,22.77328491210938,15.0,180.0
35.14383595683773,-16.990016536926742,-1.852948228499128,22.67332077026367,15.0,180.0
34.48073268764718,-17.576179734532232,-2.28076308779554,22.57338333129883,15.0,180.0
33.80759686494175,-17.933874901526462,-2.514763602750805,22.47330093383789,15.0,180.0
33.09554984978571,-17.91883668126473,-2.494795876968268,22.37335586547852,15.0,180.0
32.352522570715976,-17.614032155748447,-2.4661232115020155,22.37335586547852,15.0,180.0
31.746280561465635,-17.185245307549074,-2.4439583640165647,22.27322769165039,15.0,180.0
31.397261163549963,-16.83668117075859,-2.49509682099463,22.17330360412598,15.0,180.0
30.983300681438045,-16.495437570284803,-2.871969919052624,22.07334327697754,15.0,180.0
30.6442089291844,-16.068975357413105,-3.42697272118236,21.9732837677002,15.0,180.0
30.79215832309378,-15.69042314129045,-3.852216066688287,21.87357330322266,15.0,180.0
31.01247685790536,-15.487550975893235,-4.081361500350326,21.77361679077148,15.0,180.0
30.969079981011927,-15.473428861089133,-4.232004852035139,21.67349624633789,15.0,180.0
30.818740698489066,-15.537559264248795,-4.311970951047566,21.67349624633789,15.0,180.0
30.473175862148985,-15.475476941300917,-4.118248304122181,21.57341957092285,15.0,180.0
29.92626343536742,-15.324621910400422,-3.8021808094194895,21.4732666015625,15.0,180.0
29.406206709819216,-15.184776965902843,-3.6300926742082167,21.37336921691895,15.0,180.0
29.001313337944524,-15.08807955544766,-3.475407975902395,21.27336502075195,15.0,180.0
28.668899871679272,-15.142312011739254,-3.0859868622847086,21.17344093322754,15.0,180.0
28.302285930243976,-15.282041247613488,-2.4406549361057195,21.07345390319824,15.0,180.0
27.893189579946142,-15.419895020189482,-1.8998496944296568,21.07345390319824,15.0,180.0
27.439223464617903,-15.440298166987564,-1.6308392661601143,20.97339057922363,15.0,180.0
26.98439589976732,-15.093603454214572,-1.522734558393477,20.87339401245117,15.0,180.0
26.57262137276517,-14.492921908878934,-1.557261537746645,20.77333831787109,15.0,180.0
26.109552719409663,-14.08478661820375,-1.6541371774143503,20.6734447479248,15.0,180.0
25.587332705629805,-14.00411573535152,-1.739364915119034,20.57335472106934,15.0,180.0
24.9819475773356,-14.05726062163579,-1.5340646811482967,20.47329330444336,15.0,180.0
24.426504445687847,-13.95456888838188,-0.959233047106947,20.37336540222168,15.0,180.0
24.150808790821745,-13.658038478088956,-0.4588035016150655,20.37336540222168,15.0,180.0
24.041099761632665,-13.540452661253632,-0.3314301060593125,20.27334213256836,15.0,180.0
23.88830773778985,-13.737999196400292,-0.6078206432632696,20.17343902587891,15.0,180.0
23.64452599394012,-13.95520140686261,-1.028369462927535,20.07335090637207,15.0,180.0
23.334150324713868,-14.030971667263472,-1.2461525131567193,19.97330856323242,15.0,180.0
23.15055425027993,-14.036954330194076,-1.2248262626685813,19.87334251403809,15.0,180.0
23.106365896685805,-13.874786362650074,-0.9548636818570158,19.77338218688965,15.0,180.0
22.86922816143809,-13.502990243203795,-0.4780571734626813,19.67335891723633,15.0,180.0
22.50747118901284,-13.177241962858314,-0.1209048898306361,19.67335891723633,15.0,180.0
22.35186006126982,-12.938870541547184,-0.0691886284731877,19.57326316833496,15.0,180.0
22.37198704567895,-12.682684410379226,-0.2848527375803114,19.47329902648926,15.0,180.0
22.361635944125894,-12.528318188867685,-0.4767032556160027,19.37336158752441,15.0,180.0
22.17517058750824,-12.511454957826832,-0.4784627959884862,19.27338218688965,15.0,180.0
21.720488844492827,-12.54158993206562,-0.3847855356907264,19.17347526550293,15.0,180.0
21.0846925868132,-12.596613096393424,-0.1279208256118913,19.07348442077637,15.0,180.0
20.407913690938045,-12.488861244221498,0.2235554732503191,19.07348442077637,15.0,180.0
19.85415617172993,-12.026986515174205,0.6106075897058147,18.97336578369141,15.0,180.0
19.66093616677474,-11.559407030859411,0.952323371956509,18.87327194213867,15.0,180.0
19.704887446151275,-11.421230840783998,1.0104376349664976,18.7732982635498,15.0,180.0
19.60136168214272,-11.458774839262167,0.8236511751226159,18.67341232299805,15.0,180.0
19.246212303812545,-11.607369581349465,0.635142389490162,18.57351112365723,15.0,180.0
18.662697007548505,-11.790623179618084,0.5860615052291012,18.47341918945312,15.0,180.0
17.932525007511355,-11.729380647438708,0.6533726391167001,18.3734073638916,15.0,180.0
17.275394248464426,-11.53234038476506,0.8512395955688019,18.3734073638916,15.0,180.0
16.796138007664222,-11.358163729369547,1.257917614465291,18.27328681945801,15.0,180.0
16.46473952431577,-11.018963568915684,1.921789811513652,18.17348670959473,15.0,180.0
16.276272280744745,-10.575031100368168,2.688000723257632,18.07347106933594,15.0,180.0
16.219847038833496,-10.289988167808689,3.3101593201905954,17.97342872619629,15.0,180.0
16.175659591318134,-10.229581372635064,3.731057114948255,17.87344551086426,15.0,180.0
15.98439388189052,-10.25812620423486,4.025972302382365,17.77326774597168,15.0,180.0
15.492270129187371,-10.34312011672072,4.435723821169554,17.77326774597168,15.0,180.0
14.678134665999073,-10.457749942504527,5.059927547521459,17.67335319519043,15.0,180.0
13.793923065776262,-10.483972973857014,5.688795839467033,17.57342338562012,15.0,180.0
13.165984558283837,-10.41450823806736,6.011155825142733,17.47336578369141,15.0,180.0
12.73908872453278,-10.28335067468337,5.99048963074302,17.37346649169922,15.0,180.0
12.274565140499313,-10.0698910614647,5.886715631340073,17.27336120605469,15.0,180.0
11.83550887103306,-9.765589586102324,5.824052730756584,17.17337989807129,15.0,180.0
11.548692409709965,-9.518257163723796,5.854473012858667,17.07351684570312,15.0,180.0
11.40345474454472,-9.450890356004702,6.039333025372761,17.07351684570312,15.0,180.0
11.34229530194958,-9.434716073207516,6.379169874380155,16.97344207763672,15.0,180.0
11.26526140458222,-9.40723334483791,6.788291762911239,16.87331390380859,15.0,180.0
11.121723958617451,-9.57471240447574,7.238918702889407,16.77335357666016,15.0,180.0
10.854345197334236,-9.844785196716217,7.681990527215368,16.67334938049316,15.0,180.0
10.40348255498608,-9.92917122276377,7.914901981464664,16.57350921630859,15.0,180.0
9.894697895751278,-9.841704980236615,7.84117243243206,16.47344779968262,15.0,180.0
9.488451655925743,-9.721485917402482,7.638962299565897,16.37330055236816,15.0,180.0
9.375911969403909,-9.485321661435416,7.575329103134621,16.37330055236816,15.0,180.0
9.411184693514604,-9.028140734456317,7.651202377157628,16.27339935302734,15.0,180.0
9.116973217729871,-8.594351439448662,7.703331706096082,16.17336463928223,15.0,180.0
8.522583106882685,-8.339049594969023,7.642461256267189,16.07343482971191,15.0,180.0
7.871499724070233,-8.249442344473211,7.46979332004944,15.97351932525635,15.0,180.0
7.177410221946953,-8.207217199737496,7.353500282171405,15.87316703796387,15.0,180.0
6.347808987613693,-7.915499576489233,7.492900706291502,15.77334785461426,15.0,180.0
5.327451553230915,-7.378189237060368,7.756603841616117,15.77334785461426,15.0,180.0
4.357605449513542,-6.971651597140956,7.9748238190530945,15.67330551147461,15.0,180.0
3.582775818403114,-6.840986222757523,8.227822285542375,15.57349872589111,15.0,180.0
2.8106409491565785,-6.731320165874794,8.421120704205524,15.47345161437988,15.0,180.0
2.103785674978898,-6.5834193402886445,8.199582929949772,15.37324237823486,15.0,180.0
1.5823036590908188,-6.4971594567813495,7.548194715774763,15.27330112457275,15.0,180.0
1.2143740038741733,-6.568444623688428,6.917867688604306,15.17340278625488,15.0,180.0
1.095698417650688,-6.837765180756515,6.6088538034963165,15.07342910766602,15.0,180.0
1.1281248375001771,-7.100757325949805,6.520921782191286,15.07342910766602,15.0,180.0
0.9842868291658604,-7.142231973853069,6.550667646814256,14.97346210479736,15.0,180.0
0.7009978337863352,-7.020039205917601,6.73386955177179,14.87341499328613,15.0,180.0
0.5862016705896238,-6.958861789218744,6.994459697796368,14.77346611022949,15.0,180.0
0.5319510326518717,-6.985824542020392,7.2132447900738095,14.6735372543335,15.0,180.0
0.3370955722014876,-7.035083743028219,7.343205109966609,14.57356452941895,15.0,180.0
0.0638600167191363,-7.043042136026079,7.404753276950708,14.47345066070557,15.0,180.0
-0.2588979370753215,-6.99286330274125,7.309547489094013,14.47345066070557,15.0,180.0
-0.6556949348917982,-6.953515695570278,7.106219387230148,14.37337684631348,15.0,180.0
-1.1534204891391229,-6.737876059668054,7.138059236056609,14.2733154296875,15.0,180.0
-1.7509456082470969,-6.181784875740995,7.390114807832813,14.17329502105713,15.0,180.0
-2.3884525420902847,-5.560374307926444,7.589537974548543,14.07325553894043,15.0,180.0
-3.040710906793876,-5.172744829349987,7.661880184645328,13.97329521179199,15.0,180.0
-3.6941625860220366,-5.094571907272858,7.621731181154189,13.87327289581299,15.0,180.0
-4.345554447404112,-5.096614249982959,7.701507989284424,13.77337551116943,15.0,180.0
-5.072908154969259,-4.937346833795893,8.171181862290949,13.77337551116943,15.0,180.0
-5.931347512826646,-4.725653297238139,8.779838341986682,13.67343521118164,15.0,180.0
-6.68365004143053,-4.585500552795059,9.163257192136111,13.57339382171631,15.0,180.0
-7.102260421589007,-4.464730326372055,9.418312241822196,13.47338771820068,15.0,180.0
-7.323205889072806,-4.221468732434076,9.756249434087348,13.37327289581299,15.0,180.0
-7.523693124182886,-3.9051980514342697,10.065643203721793,13.27341270446777,15.0,180.0
-7.77700977265639,-3.782117142245535,10.130333071956809,13.17340850830078,15.0,180.0
-8.070099704555382,-3.832341078477404,10.116898719493816,13.17340850830078,15.0,180.0
-8.45502788718175,-3.788637821439872,10.387748268257242,13.07336521148682,15.0,180.0
-8.932005075034276,-3.588197325796269,10.875608418365845,12.97341442108154,15.0,180.0
-9.469779821702732,-3.3459273091979327,11.305913105826724,12.87334156036377,15.0,180.0
-10.114526874140608,-3.2234438899526445,11.551071401204824,12.77335548400879,15.0,180.0
-10.71949642853875,-3.1907323052502417,11.5921383338835,12.67339420318604,15.0,180.0
-11.103368905118618,-3.0740475820625264,11.516904534192086,12.57332038879395,15.0,180.0
-11.327349077385756,-2.89488518073342,11.375967058372764,12.47331619262695,15.0,180.0
-11.579112341527104,-2.70918162894828,11.213294880173803,12.47331619262695,15.0,180.0
-11.93709297542145,-2.5620277205563227,11.019735344597294,12.37335205078125,15.0,180.0
-12.40894919799982,-2.5940695361698065,10.7830184571018,12.27350330352783,15.0,180.0
-13.034189578592404,-2.821425504547165,10.664764712055312,12.17343711853027,15.0,180.0
-13.72518985389485,-3.015086528432935,10.736682677811183,12.07340526580811,15.0,180.0
-14.350026134125567,-2.932459771896278,10.88594539076114,11.97344303131104,15.0,180.0
-14.96362262548643,-2.516986467014788,11.109376428042763,11.87345027923584,15.0,180.0
-15.629951968991186,-1.9128097509857112,11.36034814051416,11.77342414855957,15.0,180.0
-16.336816834078242,-1.3468987095179124,11.518616374420604,11.77342414855957,15.0,180.0
-17.045546990819588,-0.9176698411761564,11.581904302318916,11.67335987091064,15.0,180.0
-17.687099859642906,-0.5947254931314099,11.716599947459953,11.57340240478516,15.0,180.0
-18.17546935591401,-0.4194974395895618,12.147215859309014,11.47335529327393,15.0,180.0
-18.56198026363864,-0.3362723955871685,12.618828953830148,11.37344741821289,15.0,180.0
-18.84694023588369,-0.1152762681846768,12.778792678342551,11.27352428436279,15.0,180.0
-18.959299860138675,0.1102962389346613,12.72684033655388,11.17334747314453,15.0,180.0
-19.17727642155239,0.0345596092857345,12.59226080697034,11.17334747314453,15.0,180.0
-19.494354715907107,-0.2611512857692339,12.343226676505171,11.07345008850098,15.0,180.0
-19.598259182316664,-0.5750864422625801,11.936366429796117,10.97329998016357,15.0,180.0
-19.69504190657408,-0.8295585640287886,11.56702692247385,10.873366355896,15.0,180.0
-20.020588174330605,-0.9103280304723312,11.459798916615592,10.77352142333984,15.0,180.0
-20.456984516539624,-0.6856398908503607,11.534673519411758,10.67326736450195,15.0,180.0
-20.78545010871465,-0.3494284975904831,11.602683184077978,10.57336044311523,15.0,180.0
-20.980024437230536,-0.1658661358787281,11.601483082378548,10.47325992584229,15.0,180.0
-21.225320374002106,-0.0274708928579237,11.538137467975014,10.47325992584229,15.0,180.0
-21.599020203047058,0.1177576628249275,11.413441274131872,10.37340068817139,15.0,180.0
-22.10007942580098,0.0067606940561724,11.47663601598262,10.27343654632568,15.0,180.0
-22.75047563735824,-0.2724960097761268,11.919515372146387,10.17322635650635,15.0,180.0
-23.49557019436709,-0.3128937860640297,12.615665174113843,10.07328701019287,15.0,180.0
-24.127300616984748,-0.1110168474507675,13.184107176711684,9.973332405090332,15.0,180.0
-24.53566087543213,0.1572715980068739,13.43469123855965,9.87346076965332,15.0,180.0
-24.791824110561283,0.3941029073596027,13.476239458690175,9.87346076965332,15.0,180.0
-25.05855761958511,0.4984364514057162,13.243711184823663,9.773526191711426,15.0,180.0
-25.48950281984208,0.569765245052162,12.87359829384446,9.673386573791504,15.0,180.0
-26.191193944127846,0.6940687491425237,12.692224688768707,9.57352066040039,15.0,180.0
-27.04027704081296,0.6978467684449159,12.841233742972983,9.473421096801758,15.0,180.0
-27.7118132500842,0.6195253168662793,13.1136257917911,9.373397827148438,15.0,180.0
-28.120136187263263,0.5503643949225054,13.36576624806086,9.273423194885254,15.0,180.0
-28.226875969442723,0.4705078168078485,13.630220159543292,9.173243522644045,15.0,180.0
-28.07528548564696,0.5627293560453968,13.7370822114047,9.173243522644045,15.0,180.0
-27.960114952541424,0.8234453938230217,13.755188754144474,9.073311805725098,15.0,180.0
-27.93532952616501,1.1132806912439044,13.795350231542994,8.973325729370117,15.0,180.0
-27.969785930039645,1.4893191642470658,13.741425324500923,8.8734130859375,15.0,180.0
-28.231830537668984,1.9052969290895527,13.467782113366788,8.773433685302734,15.0,180.0
-28.66575457567076,2.3699041053325685,13.106729435683103,8.673355102539062,15.0,180.0
-29.141504518555383,2.8967338230823563,13.010931028343206,8.57333755493164,15.0,180.0
-29.67837940070504,3.301944169688088,13.101449615265402,8.473422050476074,15.0,180.0
-30.44697669289719,3.562581435704086,13.241740971683583,8.473422050476074,15.0,180.0
-31.386616081662915,3.681854919969472,13.453057768743584,8.373473167419434,15.0,180.0
-32.02097562938048,3.770943903215894,13.458248214117074,8.2734375,15.0,180.0
-32.362399757817336,3.958353968468998,13.18854472971163,8.173393249511719,15.0,180.0
-32.7832796012698,4.036199248935315,12.853020564896482,8.073258399963379,15.0,180.0
-33.205665596865146,3.9179556059581646,12.57771794525412,7.973275184631348,15.0,180.0
-33.47026829810239,3.741775762395034,12.494748208373686,7.873456001281738,15.0,180.0
-33.59540307674257,3.629784083232032,12.602831739754372,7.873456001281738,15.0,180.0
-33.605684570002744,3.649463752714171,12.869023257298814,7.773314952850342,15.0,180.0
-33.75858808149998,3.688050817172261,13.27631692794224,7.673308849334717,15.0,180.0
-34.152809225588925,3.685614049341473,13.694613670306854,7.573290348052979,15.0,180.0
-34.46320916584844,3.669753554806914,13.918529796996538,7.473351001739502,15.0,180.0
-34.570082389595825,3.697271224261349,13.977713715133204,7.373464584350586,15.0,180.0
-34.6693114034323,3.910825440801157,14.19076258061166,7.273449420928955,15.0,180.0
-34.84395942232618,4.359792722112277,14.662612650187178,7.173375606536865,15.0,180.0
-35.18468565514493,4.852465056109413,15.295120361475885,7.173375606536865,15.0,180.0
-35.76833049610984,5.160798559053345,15.828093159096737,7.073349475860596,15.0,180.0
-36.44158411408832,5.364094242984689,16.067688828861993,6.973395824432373,15.0,180.0
-37.11109034920237,5.541245864195347,16.19789594118759,6.873420715332031,15.0,180.0
-37.78496022040827,5.57498645434656,16.315278192089554,6.773427486419678,15.0,180.0
-38.481920758608695,5.506739238572944,16.41324769310043,6.673454761505127,15.0,180.0
-39.24338858473337,5.449125630289212,16.48325495083931,6.573445796966553,15.0,180.0
-40.05616249947346,5.546394161069991,16.335681752250792,6.573445796966553,15.0,180.0
-40.72886701095446,5.968594781714161,15.96267479410847,6.473445892333984,15.0,180.0
-41.23933043859788,6.49075218510999,15.562817414121833,6.373383522033691,15.0,180.0
-41.9258722396762,6.806299720572566,15.382908610961325,6.273362159729004,15.0,180.0
-42.6556554748706,6.801729820235358,15.666458137159765,6.173277378082275,15.0,180.0
-43.03537160710338,6.534963076784093,16.32175056565862,6.073315143585205,15.0,180.0
-43.14567409393791,6.220817746607924,16.938060764831327,5.973417282104492,15.0,180.0
-43.29467516550301,6.0591476295454605,17.278973740143723,5.873410224914551,15.0,180.0
-43.73326565520075,6.142954469431353,17.487717984119776,5.873410224914551,15.0,180.0
-44.21188352490411,6.406653150307024,17.821508377164882,5.773313999176025,15.0,180.0
-44.35258117386289,6.711127333620117,18.320992097224007,5.673380851745605,15.0,180.0
-44.323895423087606,6.911185179175366,18.814347149329937,5.573341369628906,15.0,180.0
-44.56246426115614,7.054813018667959,19.180056056538948,5.473367691040039,15.0,180.0
-45.175372731859326,7.235232516845997,19.436506943182163,5.373386859893799,15.0,180.0
-45.82872552796624,7.366035669348273,19.64199329670913,5.273307800292969,15.0,180.0
-46.41677347774674,7.4372930582916945,19.74781042545168,5.273307800292969,15.0,180.0
-47.01050855886034,7.59603603052918,19.77158933246609,5.173404693603516,15.0,180.0
-47.55925927252217,7.875890409027223,19.7990744918189,5.073451995849609,15.0,180.0
-48.06891881252619,8.118983642519119,19.789061209996653,4.97343921661377,15.0,180.0
-48.622910018182544,8.306330419060266,19.72202222614577,4.873517036437988,15.0,180.0
-49.32948452163764,8.504991094915363,19.750920142333285,4.773359298706055,15.0,180.0
-50.14930031806604,8.650754163221052,19.987459102328707,4.673365116119385,15.0,180.0
-50.871083719374624,8.70462837280725,20.20778547498151,4.573315620422363,15.0,180.0
-51.406073897168426,8.720209054897893,20.160942204068263,4.573315620422363,15.0,180.0
-51.91148317688155,8.777784332371594,19.8745902176701,4.473275661468506,15.0,180.0
-52.52115721942339,8.910947448351791,19.53047973488613,4.373493671417236,15.0,180.0
-53.24703135432704,9.120169519166376,19.228141195549235,4.273429870605469,15.0,180.0
-54.03126105704651,9.352476146656976,19.02038496493429,4.173355102539062,15.0,180.0
-54.84224336655275,9.547032894857718,18.9950172056114,4.073404312133789,15.0,180.0
-55.65105917744708,9.761421635977854,19.0799851857579,3.973330497741699,15.0,180.0
-56.3878152905707,10.0246652689212,19.18889336419946,3.873425006866455,15.0,180.0
-57.09756346964893,10.268856153137396,19.31414605976961,3.873425006866455,15.0,180.0
-57.924472141809616,10.556573519790426,19.47525437537137,3.773496389389038,15.0,180.0
-58.84881033937515,10.954782939366323,19.695339974171457,3.673375129699707,15.0,180.0
-59.61365993477564,11.388807211623964,19.799757902671587,3.573276519775391,15.0,180.0
-60.070777509832894,11.787577707683656,19.602194983602747,3.473331928253174,15.0,180.0
-60.28787134708601,12.056097273051469,19.1914459774227,3.373439073562622,15.0,180.0
-60.36954452241821,12.137159195347392,18.889440010211505,3.273334980010986,15.0,180.0
-60.46784238809673,12.127803909487326,18.87628488562889,3.273334980010986,15.0,180.0
-60.716100447285285,12.09558078975818,18.953792407416408,3.173361539840698,15.0,180.0
-61.04886591573944,12.07517399117168,19.1111564689739,3.073357343673706,15.0,180.0
-61.35826466517504,12.082085226140268,19.37108197363156,2.973364353179932,15.0,180.0
-61.65627606399053,12.03271343449486,19.43558419717251,2.873455286026001,15.0,180.0
-62.03519910861205,11.960004401506213,19.343458224995643,2.773390293121338,15.0,180.0
-62.51399235026629,11.925103960298673,19.372336504286103,2.673482418060303,15.0,180.0
-62.999443747038455,11.911483863149536,19.582875748354525,2.573327302932739,15.0,180.0
-63.40918218637557,12.04735462470165,19.90126390244568,2.573327302932739,15.0,180.0
-63.65318613052577,12.384328622592932,20.290022342467985,2.473306894302368,15.0,180.0
-63.79785858440068,12.749842903336836,20.71876310461453,2.373348951339722,15.0,180.0
-64.11346442569221,13.065878061343737,21.03380678421084,2.273322105407715,15.0,180.0
-64.7856339299641,13.290163997682065,21.222785633096706,2.173431634902954,15.0,180.0
-65.64888850128207,13.31006328812276,21.46432353712654,2.073482990264893,15.0,180.0
-66.40421951771356,13.22659089997168,21.78955729281828,1.973373055458069,15.0,180.0
-66.93524249359535,13.222003913339003,22.03434904529093,1.973373055458069,15.0,180.0
-67.28627595474127,13.160576640972462,22.10283484539337,1.873539566993713,15.0,180.0
-67.54458496394804,13.023073761097194,22.11053968779718,1.773402571678162,15.0,180.0
-67.8389948810223,12.976108764504165,22.2687084666636,1.673352599143982,15.0,180.0
-68.25102697120928,12.981527112868438,22.70189804040449,1.573426485061646,15.0,180.0
-68.62959528440754,13.037009279772551,23.231364590827265,1.473403334617615,15.0,180.0
-68.97300370076057,13.298062012765786,23.58621223034077,1.373437166213989,15.0,180.0
-69.38803309136098,13.889990090202778,23.732567395341004,1.273471117019653,15.0,180.0
-69.74421834292487,14.645524638583352,23.742845286975943,1.273471117019653,15.0,180.0
-69.88477238605739,15.261108902526942,23.7266610235825,1.173356533050537,15.0,180.0
-69.94689581362726,15.76537526623144,23.58724683015808,1.073399782180786,15.0,180.0
-70.36542588944442,16.247025624401825,23.113548860403533,0.9733197093009948,15.0,180.0
-71.15277568834227,16.568397967230005,22.595535170414784,0.8734229207038879,15.0,180.0
-72.01222537011242,16.68770442164346,22.395090140667698,0.7734431028366089,15.0,180.0
-72.89875744862562,16.787228114273404,22.294988357167085,0.6733217239379883,15.0,180.0
-73.68858354976553,17.037067733358526,22.037189578283247,0.5733862519264221,15.0,180.0
-74.39074156179488,17.286355486602464,21.75516386509028,0.5733862519264221,15.0,180.0
-75.15819218977317,17.31286560606592,21.707250653265827,0.4732972383499146,15.0,180.0
-76.04860667481802,17.11635469480868,21.94621818063621,0.3732876181602478,15.0,180.0
-77.13203610857762,16.806497456314517,22.19726646261352,0.2733253836631775,15.0,180.0
-78.23315357421393,16.471349665834126,22.390516677874555,0.1753002256155014,15.0,180.0
-79.08672726752768,16.29826697917661,22.78128281416184,0.0947879329323768,15.0,180.0
-79.66736587697315,16.35853195136125,23.364690177466663,0.0437297150492668,15.0,180.0
-80.10547462794658,16.278422616438192,23.824256612348087,0.0437297150492668,15.0,180.0
-80.49669582145933,16.026548386558446,24.060178823519024,0.020456550642848,15.0,180.0
-80.88099642343181,15.951426553088488,24.35751371270777,0.0101338271051645,15.0,180.0
-81.29762513721016,16.001790379242788,24.67647810663168,0.0051939808763563,15.0,180.0
-81.71777190223207,15.99642628148187,24.750291480209377,0.0028159643989056,15.0,180.0
-82.28611305769732,15.901278787555656,24.56754680947967,0.0015523737529292,15.0,180.0
-83.08076378832999,15.805645732718425,24.16735175396792,0.0008219661540351,15.0,180.0
-83.81559176443396,15.829328242641068,23.87244423862448,0.0003828971821349,15.0,180.0
-84.42249084773971,15.981929336790614,24.067099755434747,0.0003828971821349,15.0,180.0
-84.98340092082607,16.245305666096066,24.52289939848016,0.0001934087194968,15.0,180.0
-85.45337803506135,16.490254575627468,24.808578181847786,8.04244918981567e-05,15.0,180.0
-85.86995640688461,16.707936328376093,24.883128109892475,1.602919292054139e-05,15.0,180.0
-86.14303900751734,17.1108369897291,24.989808815807272,-2.613273682072759e-05,15.0,180.0
-86.26989206302407,17.716220719537205,25.273259197077707,-4.851929406868294e-05,15.0,180.0
-86.52839248261859,18.398797628744862,25.59037331140441,-6.543281051563099e-05,15.0,180.0
-86.94484863849976,19.132725885076766,25.82689682061022,-6.543281051563099e-05,15.0,180.0
-87.36795108091052,19.7827508652834,26.08961478135833,-5.9716054238379e-05,15.0,180.0
-87.87111790465592,20.15422564752999,26.513410556974428,-5.419426815933548e-05,15.0,180.0
-88.37030500915353,20.261222209177507,27.07115798501586,-5.367203266359866e-05,15.0,180.0
-88.58752154433962,20.18280789905571,27.545522459422926,-5.16248655912932e-05,15.0,180.0
-88.72050077699923,20.040461793406056,27.83807253768696,-4.881871063844301e-05,15.0,180.0
-89.03994294423948,19.908469635212533,28.03574531126807,-4.361723040346988e-05,15.0,180.0
-89.45592031447339,19.7093746717921,28.11404966308924,-4.189732862869278e-05,15.0,180.0
-89.94932915349457,19.430246862680924,28.01098740101637,-4.189732862869278e-05,15.0,180.0
-90.67181760647122,19.205408934392672,27.84997387421636,-4.103389801457524e-05,15.0,180.0
-91.47981531997809,19.215394659798022,27.77403744174832,-3.592990105971694e-05,15.0,180.0
-92.21798030117584,19.56001047706324,27.731069466537143,-3.471831223578192e-05,15.0,180.0
-93.14660114081607,20.023949060726054,27.621351454496057,-3.370168997207657e-05,15.0,180.0
-94.22685277055491,20.383559044312413,27.491208642777217,-2.896674413932487e-05,15.0,180.0
-95.27984821059177,20.72550513680192,27.563144755855863,-3.042204298253637e-05,15.0,180.0
-96.33018315666234,21.101563109015764,27.85086079330966,-3.042204298253637e-05,15.0,180.0
-97.31813106102312,21.449810669851,28.21156368303988,-2.742092146945652e-05,15.0,180.0
-98.3202462035903,21.758989442570844,28.611667126034018,-2.711454362724908e-05,15.0,180.0
-99.2540661906387,22.006257074966648,28.970623428664005,-2.765070530585945e-05,15.0,180.0
-99.75521061558022,22.060668656892474,29.4074371914158,-2.038116690528113e-05,15.0,180.0
-99.89436067796302,21.96535041570211,30.02349276114056,-2.104963095916901e-05,15.0,180.0
-100.05197553908609,21.880735713790727,30.709068517299464,-1.777694524207618e-05,15.0,180.0
-100.28441714809644,21.8180965373108,31.38690878447729,-1.778390833351295e-05,15.0,180.0
-100.55371284058882,21.813832412562483,32.02989723879626,-1.778390833351295e-05,15.0,180.0
-100.94780578937204,21.89494536930944,32.6073953446499,-1.635646185604855e-05,15.0,180.0
-101.40423057338744,21.928981224389048,32.98029849587847,-1.354334472125629e-05,15.0,180.0
-101.90752302839196,21.811835913327265,33.09071799047047,-1.293755030928878e-05,15.0,180.0
-102.4978462480097,21.71444034808151,33.03253451016957,-1.136387618316803e-05,15.0,180.0
-103.09170253257268,21.8937411393504,32.75530157362228,-1.178166530735325e-05,15.0,180.0
-103.77907671488472,22.415593036541964,32.28833099165701,-1.061185503203887e-05,15.0,180.0
-104.6389863781202,23.16139927477109,31.921893573394783,-1.024977063934784e-05,15.0,180.0
-105.30947587846528,23.772864791650445,31.854534793285914,-1.024977063934784e-05,15.0,180.0
-105.5622444724394,23.962172335198986,32.11124071055208,-1.095305015041959e-05,15.0,180.0
-105.70741371420802,23.90820223600437,32.57142100156547,-8.40453321870882e-06,15.0,180.0
-105.90163269022722,23.81622525013564,33.16045788365183,-6.858711913082516e-06,15.0,180.0
-106.1638735237868,23.71452138540193,33.71486412980926,-8.021559551707469e-06,15.0,180.0
-106.58105294322736,23.681310951089603,34.093115726264394,-3.377132316018105e-06,15.0,180.0
-107.0723460690232,23.740602122977528,34.4160170406719,-7.701253707637079e-06,15.0,180.0
-107.4625198520702,23.8747972194309,34.62053759009088,-7.701253707637079e-06,15.0,180.0
-107.65778666855668,24.114587105918325,34.68262850532921,-6.816932909714524e-06,15.0,180.0
-107.75857239758376,24.358708115646763,34.84396969424312,-5.424300979939289e-06,15.0,180.0
-108.01871556063288,24.43502918064643,35.101604325481894,-5.103996045363601e-06,15.0,180.0
-108.61642709910264,24.49061228745688,35.207640638640235,-4.310195436119102e-06,15.0,180.0
-109.37688256927274,24.782461851926232,35.05167314894308,-5.605343176284805e-06,15.0,180.0
-110.13145463701144,25.21453886620479,34.80243144052484,-1.685084498603828e-06,15.0,180.0
-110.97571611804506,25.61326885261353,34.593767422404774,-6.211138042999664e-06,15.0,180.0
-111.9124013169164,26.06652958097431,34.41083433940989,-6.211138042999664e-06,15.0,180.0
-112.7600126605506,26.545465717854444,34.44507979055278,-4.491237632464617e-06,15.0,180.0
-113.44008222474696,26.860837398352125,34.55335158138297,-1.239442326550488e-06,15.0,180.0
-114.04055729505792,26.96987204154175,34.37078098340227,-2.820079544108012e-06,15.0,180.0
-114.52929081694803,26.951580485042108,34.114289471380374,-2.499774154784973e-06,15.0,180.0
-114.8933957386372,26.97398221299684,34.069726779348976,-2.367474053244223e-06,15.0,180.0
-115.31109773146989,27.127709698310053,34.36605858485852,-7.659473340027034e-07,15.0,180.0
-115.70117654740424,27.31292207407184,34.96290706205769,-7.659473340027034e-07,15.0,180.0
-115.9694118869769,27.39220461575838,35.31545290309426,-2.409253056612215e-06,15.0,180.0
-116.30464557412908,27.4007920712898,35.15979680916416,-5.396448614192195e-06,15.0,180.0
-116.6579954019203,27.45845263586376,35.046548006236044,-6.197210495884065e-07,15.0,180.0
-116.99256179286256,27.55748520398614,35.352337878192955,-3.885442765749758e-06,15.0,180.0
-117.44267384737,27.71472426015288,35.78306218136789,-2.221247768829926e-06,15.0,180.0
-118.0218713126092,27.952866482373004,36.057205327124514,-2.854895228665555e-06,15.0,180.0
-118.80760745958987,28.20090500528272,36.386725412194295,-5.459116891870508e-06,15.0,180.0
-119.8166482734776,28.358267463531423,37.09100954685731,-5.459116891870508e-06,15.0,180.0
-120.85398139618324,28.34578739820798,37.96702592763362,-1.357816017844016e-06,15.0,180.0
-121.80890031494104,28.138463269335283,38.67626833388757,-2.054131982731633e-06,15.0,180.0
-122.69476827338742,27.77312288496417,39.16896731034206,-1.295147512792028e-06,15.0,180.0
-123.44665691345116,27.55584552999556,39.44989938084589,-2.451032059980207e-06,15.0,180.0
-123.91479906965849,27.603924631416923,39.62979570492578,-1.490116119384766e-06,15.0,180.0
-124.11430812710832,27.85769496944061,39.68187173336599,-1.016621126836981e-06,15.0,180.0
-124.27762899049324,28.36989383406745,39.49005351745328,-4.595684913510922e-06,15.0,180.0
-124.54185720075805,28.791521779233385,39.19376352647614,-4.595684913510922e-06,15.0,180.0
-124.79959590723158,28.90703554579992,38.82002561554795,-9.818054422794376e-07,15.0,180.0
-124.93257685590336,28.979289333998985,38.51536217900277,-2.840969045792008e-06,15.0,180.0
-125.12566860672185,29.185284499923,38.662422964572016,-3.028974333574297e-06,15.0,180.0
-125.73273608338305,29.532162985715097,39.23105275375191,-3.425874410822871e-06,15.0,180.0
-126.640083784519,30.0005234260747,39.85164137458245,-4.157006060268031e-06,15.0,180.0
-127.56055414250294,30.47116674011549,40.18527148286766,-1.288184421355254e-06,15.0,180.0
-128.52402895915003,30.6723349851502,40.1951069163541,-1.288184421355254e-06,15.0,180.0
-129.42209795736812,30.590282274197897,40.32092328638838,7.659475613763789e-07,15.0,180.0
-130.12953768300997,30.498444960853725,40.75954508421116,-1.086252723325742e-06,15.0,180.0
-130.7157639475675,30.506298147105483,41.23005650399828,-1.768642505339812e-06,15.0,180.0
-131.18700995781234,30.621321656267845,41.58206481462173,1.121068862630636e-06,15.0,180.0
-131.45639839807285,30.91272111806084,41.72960840567043,-2.06805816560518e-06,15.0,180.0
-131.63055857709736,31.273955913565228,41.64248885198631,-1.476189709137543e-06,15.0,180.0
-131.8879676312478,31.411996193053007,41.3941529966293,-4.80457856610883e-07,15.0,180.0
-132.01823185720684,31.235378033104148,41.01631746808946,-4.80457856610883e-07,15.0,180.0
-131.94069957236823,30.916278740053315,40.57855757427396,-9.53952849158668e-07,15.0,180.0
-131.96114981564068,30.622686189941607,40.271713668401645,-1.420484522896004e-06,15.0,180.0
-132.00816178871148,30.29088748474871,40.19796228399785,3.41194891007035e-07,15.0,180.0
-131.89073437096758,29.83293861883527,40.17741048918654,9.748441698320677e-08,15.0,180.0
-131.82903989261382,29.351876266723764,39.8827380339487,-1.75471609509259e-06,15.0,180.0
-131.93679725602928,29.040067769916178,39.391854550447896,-1.747753003655816e-06,15.0,180.0
-132.03921551932538,28.893045536108843,39.144828415422666,-1.747753003655816e-06,15.0,180.0
-132.1035278979233,28.75998377948446,39.19888993126301,-8.634317509859102e-07,15.0,180.0
-132.16438973084928,28.735907370788844,39.437910728383045,-1.775605596776586e-06,15.0,180.0
-132.26626032289246,28.85552529614462,39.81532980276539,-9.88768533716211e-07,15.0,180.0
-132.47807136431956,29.02543250189238,40.2221406617804,-1.378705519528012e-06,15.0,180.0
-132.7575815487594,29.12673118773438,40.654144687437686,-3.683511295093922e-06,15.0,180.0
-133.1304548885137,29.074339836756792,41.05874623204697,-2.019316070800414e-06,15.0,180.0
-133.61136501297938,29.012122670841777,41.329649083253,-2.722595127124805e-06,15.0,180.0
-134.19528924437196,28.960720606221223,41.678091692531325,-2.722595127124805e-06,15.0,180.0
-134.75514772738998,28.92148686573601,42.22126636654513,-2.597258344394504e-06,15.0,180.0
-134.995886676192,28.95810687623112,42.71403683538416,-2.388363554928219e-06,15.0,180.0
-134.94673004896498,28.938198770577465,42.98256437766934,-2.388363554928219e-06,15.0,180.0
-134.90810639247985,28.85608395936221,43.13595101277407,-2.081984575852402e-06,15.0,180.0
-135.04906150158678,28.984995979483628,43.24621416797979,-2.395326646364992e-06,15.0,180.0
-135.48287019699657,29.446287409578865,43.228230574039024,-9.052087079908233e-08,15.0,180.0
-136.074749649708,29.997586851105297,43.18764294623018,-9.121738457906758e-07,15.0,180.0
-136.47919573594172,30.39540586265983,43.25326734701792,-9.121738457906758e-07,15.0,180.0
-136.6398793847588,30.62522265606829,43.30998292189718,-2.64600043919927e-06,15.0,180.0
-136.7254003765011,30.81853427300326,43.11444166072184,-1.28122132991848e-06,15.0,180.0
-136.81526142976713,31.11333445080907,42.7034113905316,-1.831310783018125e-06,15.0,180.0
-136.82130860225786,31.52543201408006,42.37201969630676,-1.267294919671258e-06,15.0,180.0
-136.79204430827554,31.83800514440258,42.24516858256736,-1.984500386242871e-06,15.0,180.0
-136.9098789338353,31.82418858269796,42.315592489167,-2.416216148048989e-06,15.0,180.0
-137.25743462564216,31.672356721299188,42.46858928157832,-2.416216148048989e-06,15.0,180.0
-137.70110486840434,31.60788639706862,42.52138151319552,6.823897820140701e-07,15.0,180.0
-137.91068497288583,31.62050511304477,42.48478552308731,-5.500894530996447e-07,15.0,180.0
-137.8200694463049,31.70770553942669,42.51337493047116,-2.806153133860789e-06,15.0,180.0
-137.66132797998284,31.711525819311767,42.61550403195551,-9.261000286642228e-07,15.0,180.0
-137.67235766380577,31.567442792529256,42.70507733674579,-8.355789304914651e-07,15.0,180.0
-137.98591418568205,31.52194531388108,42.74564963289446,-2.263026772197918e-06,15.0,180.0
-138.49530938173376,31.57681926279725,42.59396961302261,-2.77830054074002e-06,15.0,180.0
-139.01171295273446,31.489327632107305,42.34202529513934,-2.77830054074002e-06,15.0,180.0
-139.4513667768591,31.257005850144044,42.300856000560856,-2.987195330206305e-06,15.0,180.0
-139.6412550360199,30.995188140154266,42.39532640690609,-1.559747715873527e-06,15.0,180.0
-139.38314167476165,30.83659745988652,42.538503964415455,-1.601526491867844e-06,15.0,180.0
-138.9021111766922,30.944728544098474,42.82660170619783,-1.984500386242871e-06,15.0,180.0
-138.65791712486543,31.23495631300985,43.09033543522309,-5.152737685421016e-07,15.0,180.0
-138.7471126829405,31.40674448315767,43.03063550005083,-1.288184421355254e-06,15.0,180.0
-138.95862092249865,31.33094383939977,42.74868896858702,-1.288184421355254e-06,15.0,180.0
-139.27700069006875,31.18955100770212,42.501507001958586,-1.253367827303009e-07,15.0,180.0
-139.6797273347517,30.99497387682963,42.24403248193317,-3.356242814334109e-06,15.0,180.0
-140.0407061584864,30.601468199491364,42.006550382747776,-2.729558445935254e-06,15.0,180.0
-140.3823788503292,30.281196571499173,41.94866873511127,-2.367473825870547e-07,15.0,180.0
-140.66409226514068,30.262771151452817,42.12077685987077,-1.699010908851051e-06,15.0,180.0
-140.8900388420681,30.275590429748725,42.44366276243584,-4.317157618061174e-07,15.0,180.0
-141.26246071108062,30.154050032667698,42.827843698174064,-1.30907392303925e-06,15.0,180.0
-141.84555248036398,30.126407056954804,43.16454319457448,-1.30907392303925e-06,15.0,180.0
-142.37841098098804,30.30815384011705,43.21286830366663,-6.963159648876174e-08,15.0,180.0
-142.75799868964137,30.469213211762835,42.88108221234733,4.734949925477849e-07,15.0,180.0
-143.21209164159905,30.68297719163507,42.49745335062289,-6.54536961519625e-07,15.0,180.0
-143.802789995705,31.10962791139261,42.3340846084066,-1.46226284414297e-07,15.0,180.0
-144.2596274251701,31.48264703424137,42.15054274691549,-4.66531673737336e-07,15.0,180.0
-144.43101396009007,31.631954734784973,41.85713108513277,-1.511005393695086e-06,15.0,180.0
-144.50321533220338,31.55842865168262,41.76048080842262,-1.511005393695086e-06,15.0,180.0
-144.5506050921004,31.42380691629943,41.932416969429845,-5.361632702260977e-07,15.0,180.0
-144.43112424634035,31.53644057351116,42.06441947622655,1.225516143676941e-06,15.0,180.0
-144.19974490661463,31.934226975633088,42.04763951040364,-1.601526491867844e-06,15.0,180.0
-144.03252993998046,32.41898738000194,42.06377813254028,-4.80457856610883e-07,15.0,180.0
-143.90826697304104,32.689265146570484,42.17052717568248,3.342317995702615e-07,15.0,180.0
-143.8405943791892,32.503451715015345,42.30738653490239,-1.893979288070113e-06,15.0,180.0
-143.97104538357706,32.103583082697135,42.36595439647133,-1.392618287354708e-08,15.0,180.0
-144.25738569580463,31.93418241418611,42.5864137912706,-1.392618287354708e-08,15.0,180.0
-144.52028197375438,31.97410311193976,43.14887043543695,-2.395326646364992e-06,15.0,180.0
-144.61874202186925,31.88717800295437,43.47853339584513,-1.824347691581352e-06,15.0,180.0
-144.73127537545344,31.691116889596543,43.28269016338519,1.114105998567538e-07,15.0,180.0
-145.06833021587303,31.64725259927768,42.97953553358298,-9.400264389114454e-07,15.0,180.0
-145.34350048030058,31.71650821244164,42.90004196786698,9.887687610898863e-07,15.0,180.0
-145.3354012237312,31.74897994949549,43.06669719113626,6.754264632036211e-07,15.0,180.0
-145.2218354593198,31.804940931104348,43.323089602358806,-1.692047590040602e-06,15.0,180.0
-145.21067642564807,31.92665387339836,43.67462665939591,-1.692047590040602e-06,15.0,180.0
-145.3061925590286,32.00003658031696,44.21268935010911,-1.357816017844016e-06,15.0,180.0
-145.38077590388704,31.95705257088686,44.64003851940831,7.380949682556093e-07,15.0,180.0
-145.43708146653057,31.901261255116665,44.52094224655224,1.476189936511219e-06,15.0,180.0
-145.5573677649187,31.934922520566708,43.97568279606472,-2.506735654606018e-07,15.0,180.0
-145.7590098251871,31.97578485702958,43.412585877210525,-2.771337449303246e-06,15.0,180.0
-145.95550942631348,32.05435448175842,42.95806811225865,-2.311768867002684e-06,15.0,180.0
-145.9987002402608,32.28641510295934,42.67309284689959,-2.311768867002684e-06,15.0,180.0
-145.928628749638,32.538398232241654,42.61024458470305,-1.483152800574317e-06,15.0,180.0
-145.92666513455552,32.68892147984009,42.717177069078005,1.12803195406741e-06,15.0,180.0
-146.10971211421568,32.820257612482536,42.72948072901556,8.634319783595856e-07,15.0,180.0
-146.27717154765267,32.96180924158139,42.57690193943454,-9.748421234689886e-07,15.0,180.0
-146.18609473719306,32.93010670328405,42.57996765363493,-1.504042302258313e-06,15.0,180.0
-145.96465837201362,32.58531464555378,42.82025253319766,2.088947894662851e-07,15.0,180.0
-145.68711565371672,31.96991332754184,43.14860444007509,9.678792594058905e-07,15.0,180.0
-145.4423961690867,31.29261129974443,43.47566765684304,9.678792594058905e-07,15.0,180.0
-145.46529822971863,30.766052735845623,43.635554851153486,-2.367473825870547e-07,15.0,180.0
-145.62033682071558,30.38380904939841,43.59829207973805,-6.2668414102518e-07,15.0,180.0
-145.59179069373522,30.143810250267137,43.64504136860303,2.924527962022694e-07,15.0,180.0
-145.48336352693957,30.08887803322404,43.912643504710026,-1.880052877822891e-07,15.0,180.0
-145.56381962143885,30.168447709423127,44.25463477905258,-1.636342403799063e-06,15.0,180.0
-145.71351502245938,30.274211301365487,44.58296843080228,-3.620841653173557e-07,15.0,180.0
-145.80956506872698,30.371792413578248,44.78274574151302,-3.620841653173557e-07,15.0,180.0
-145.90697656717603,30.54820704506071,44.72609383663668,-1.295147512792028e-06,15.0,180.0
-146.0099294489626,30.857670861595647,44.56483458760223,-1.329963424723246e-06,15.0,180.0
-146.1944233739567,31.30669507065987,44.31291267965899,-9.53952849158668e-07,15.0,180.0
-146.402047035047,31.90567003943568,43.87326532307529,-1.169810730061727e-06,15.0,180.0
-146.57668427903806,32.45601886912721,43.3845251174761,-1.002694943963434e-06,15.0,180.0
-146.8625642262292,32.68295539384506,43.00582687488799,3.41194891007035e-07,15.0,180.0
-147.10953295370777,32.655935159464484,42.83099963865795,1.657232132856734e-06,15.0,180.0
-147.0718068273519,32.62250654458505,43.02534579476667,1.657232132856734e-06,15.0,180.0
-146.902646001037,32.686967447964406,43.63860061974295,2.263026999571593e-06,15.0,180.0
-146.7623910803264,32.759769487754824,44.22799363928301,-5.709789547836408e-07,15.0,180.0
-146.64110778237873,32.85405134674501,44.42472794205879,7.102423751348397e-07,15.0,180.0
-146.67333356400923,33.056407291171034,44.43152782490063,-1.740789684845367e-06,15.0,180.0
-146.937749578422,33.12820161814493,44.43195447642982,-1.455300207453547e-06,15.0,180.0
-147.32251838733507,33.10281721208882,44.37974301251387,-2.151616172341164e-06,15.0,180.0
-147.74827175815778,33.25846536600189,44.3760910014768,3.551213012542576e-07,15.0,180.0
-148.1193658395483,33.48418602518599,44.552544759846,3.551213012542576e-07,15.0,180.0
-148.43646205930492,33.65570552002697,44.85509152702997,-3.418911092012422e-06,15.0,180.0
-148.7965937245309,33.7960578038548,45.2169581131356,-1.274258011108031e-06,15.0,180.0
-149.04646016790423,33.904754716839584,45.4754871007261,-1.719900183161371e-06,15.0,180.0
-149.10308791263512,33.88643872291154,45.33027179502039,-1.329963424723246e-06,15.0,180.0
-149.0880600769279,33.61256561243031,44.87306357965056,-1.364779109280789e-06,15.0,180.0
-148.98328604004388,33.214005766273786,44.49516931318252,3.133422978862654e-07,15.0,180.0
-148.81251502348255,32.961829819245494,44.366709843596965,3.133422978862654e-07,15.0,180.0
-148.6946579906576,32.74462869914451,44.4792376291135,-1.859163376138895e-06,15.0,180.0
-148.71318193999684,32.41376989927465,44.695812118037885,-4.943842668581055e-07,15.0,180.0
-148.7717448014973,32.07397321128501,44.88997290558928,-4.66531673737336e-07,15.0,180.0
-148.84930204262977,31.75775095266938,45.06030604561378,-1.392631929775234e-07,15.0,180.0
-149.1507660887424,31.612024122988807,45.22844713558753,-8.634317509859102e-07,15.0,180.0
-149.51654267451875,31.760155666425288,45.41579930248314,-1.162847411251278e-06,15.0,180.0
-149.61014683609915,32.100495664809344,45.62022774828105,-2.20035826714593e-06,15.0,180.0
-149.51577033071788,32.622065274680054,45.84130801535745,-2.20035826714593e-06,15.0,180.0
-149.43102269268692,33.260853592306766,46.02935598887849,2.367476099607302e-07,15.0,180.0
-149.47296298808908,33.801694188197324,46.05495442364867,-1.274258011108031e-06,15.0,180.0
-149.71027421914422,34.13157545884778,45.89961183224105,7.172054665716132e-07,15.0,180.0
-150.00722202272027,34.16713251133243,45.78121577431751,-3.620841653173557e-07,15.0,180.0
-150.28497457058396,33.89716821664944,45.92136762278411,-4.108262601221213e-07,15.0,180.0
-150.53402443019203,33.503749300665,46.134846787949485,-1.134994818130508e-06,15.0,180.0
-150.6706338137289,33.176856330278355,46.16742418582992,-1.134994818130508e-06,15.0,180.0
-150.67098691429902,33.04187143571059,46.07764443686589,-1.810421281334129e-06,15.0,180.0
-150.57897385929172,33.22314831110722,45.93716626526278,-7.729106528131524e-07,15.0,180.0
-150.5309871822643,33.59173016005224,45.73613385983557,-3.321426902402891e-06,15.0,180.0
-150.55578082690363,33.82364443469831,45.38218310959335,-1.956647793122102e-06,15.0,180.0
-150.55699867365624,33.80520877587828,44.9457639493739,1.079289859262644e-06,15.0,180.0
-150.61920687336055,33.560455341185644,44.66724419275269,-3.342316404086887e-06,15.0,180.0
-150.84326868702732,33.3044812122927,44.52280255769844,-1.476189709137543e-06,15.0,180.0
-151.12225003644707,33.23087266736323,44.45119890098604,-1.476189709137543e-06,15.0,180.0
-151.34453087823022,33.19510614569975,44.423989890166446,5.570527719100937e-07,15.0,180.0
-151.59644405967106,33.02590912366219,44.315343104068695,6.336476872093044e-07,15.0,180.0
-151.8959739533633,32.67095691103458,44.22037531240039,-3.620841653173557e-07,15.0,180.0
-152.08253010685948,32.31382174074175,44.46474350003615,-1.740788775350666e-07,15.0,180.0
-152.18780051139507,32.321185162336945,45.00089283648066,1.949686065927381e-07,15.0,180.0
-152.33709248691662,32.6483154602657,45.45418861987584,-1.88701619663334e-06,15.0,180.0
-152.45640500764696,32.99752404495549,45.798120299362765,-1.88701619663334e-06,15.0,180.0
-152.53997343905266,33.41964487274773,46.02060174833332,-6.54536961519625e-07,15.0,180.0
-152.65987366606242,33.84044497201951,45.96997104764168,1.754716322466265e-06,15.0,180.0
-152.7390248942879,34.04295370534736,45.77257850428495,1.601526719241519e-06,15.0,180.0
-152.86935099530126,34.12429983519129,45.590891331002624,-3.481568455754314e-08,15.0,180.0
-153.23956609723783,34.15920075358552,45.43616731828908,-1.288184421355254e-06,15.0,180.0
-153.73660073982202,34.09545678781507,45.29690791262757,-1.04447371995775e-06,15.0,180.0
-154.0666111231023,34.054250569895515,45.23955310352252,-6.684631443931721e-07,15.0,180.0
-154.08183958111889,34.17939950535927,45.18600870645202,-6.684631443931721e-07,15.0,180.0
-153.96942409748883,34.18332771331411,44.88030826170727,-9.121738457906758e-07,15.0,180.0
-154.06655957397598,34.08197578127201,44.49939227143855,1.141958136940957e-06,15.0,180.0
-154.36485622434446,34.30844783725068,44.441777724663794,-8.634317509859102e-07,15.0,180.0
-154.65208958344556,34.656656808941655,44.65476218012898,-3.481568455754314e-08,15.0,180.0
-154.91858903316177,34.8411132632298,44.9855996091385,6.545371888933005e-07,15.0,180.0
-155.12199773161385,34.90611175477474,45.39527051767041,-2.06805816560518e-06,15.0,180.0
-155.14225982233432,34.822780004834,45.75083878991721,-1.768642505339812e-06,15.0,180.0
-154.99359412241358,34.7102470220877,45.990292125650846,-1.768642505339812e-06,15.0,180.0
-154.8870404316052,34.79672822268434,46.06536186068396,-1.232479007740039e-06,15.0,180.0
-154.88506408913574,35.02493471661198,46.01304650647106,-1.427447614332777e-06,15.0,180.0
-154.9180400549426,35.06666748081357,45.933878862988166,-2.012352979363641e-06,15.0,180.0
-154.94019921165142,34.809180596453395,45.90020885630271,-2.666889940883266e-06,15.0,180.0
-154.82315898472362,34.43548148818984,46.090816750273206,-1.044472810463049e-07,15.0,180.0
-154.68928261136375,34.18814861552764,46.29966880994894,-4.526052634901134e-07,15.0,180.0
-154.57771294231867,34.20026854979574,46.19524136706632,-4.526052634901134e-07,15.0,180.0
-154.509431978113,34.28477623520607,46.000071979982856,-2.088947894662851e-07,15.0,180.0
-154.72364146627694,34.282267934107594,45.92753661556755,4.177900336799213e-08,15.0,180.0
-154.95834623700384,34.33011991941302,45.82141163890469,4.87421175421332e-07,15.0,180.0
-154.91283675039173,34.56059235815678,45.547538358181406,-8.425422493019141e-07,15.0,180.0
-154.87942021316812,34.85952988044813,45.20946746183467,-6.33647459835629e-07,15.0,180.0
-155.07010045696254,35.07893022993688,45.00611907189116,2.646002030814998e-07,15.0,180.0
-155.23053795618378,35.15443111989028,45.07359571440694,-2.437104740238283e-07,15.0,180.0
-155.15423147583795,35.098820275856426,45.24427039230399,-2.437104740238283e-07,15.0,180.0
-155.05892744059827,35.105179144970926,45.33544695703517,-1.392618287354708e-08,15.0,180.0
-155.2113444409327,35.332087197636895,45.436500972446886,0.0,15.0,180.0
-155.61794837467036,35.705718102322905,45.48501103914055,1.559747715873527e-06,15.0,180.0
-156.15801496970988,35.89202461119315,45.41324601242366,1.615453129488742e-06,15.0,180.0
-156.55108572086775,35.6602869106575,45.29411683116792,-7.102421477611642e-07,15.0,180.0
-156.49165488959736,35.24689450047006,45.04296555583273,-7.868368356866995e-07,15.0,180.0
-156.08689380624523,34.97176516444517,44.79098260175898,-7.868368356866995e-07,15.0,180.0
-155.6637488064844,34.78170303797827,44.94936239270279,-4.943842668581055e-07,15.0,180.0
-155.30282258387808,34.61171018147414,45.41046786142902,-1.385668610964785e-06,15.0,180.0
-154.9177997871952,34.60251207393003,45.79161267207623,-6.33647459835629e-07,15.0,180.0
-154.62360447716347,34.77862839418704,45.95667194577929,-1.260331828234484e-06,15.0,180.0
-154.55446531293694,35.05084543858982,45.87503829385679,9.60916167969117e-07,15.0,180.0
-154.5209604066657,35.258147454850594,45.72038980492498,-1.002694943963434e-06,15.0,180.0
-154.51037407873187,35.31444759069884,45.7099576970794,-6.475736427091761e-07,15.0,180.0
-154.66504383604254,35.32213251689768,45.82086775639121,-6.475736427091761e-07,15.0,180.0
-154.94022280151515,35.46016131190631,45.99154242686652,-1.107142225009738e-06,15.0,180.0
-155.19123653459295,35.727104016913295,46.09002810296791,-2.367473825870547e-07,15.0,180.0
-155.3218617376573,36.00210998763856,46.028007552014905,-1.079289631888969e-06,15.0,180.0
-155.5903719251955,36.30772857077261,46.13384811137168,-1.357816017844016e-06,15.0,180.0
-156.08556694474882,36.57791790162874,46.60005009100226,2.081984803226078e-06,15.0,180.0
-156.55238921988166,36.73286900007781,47.19709443144445,-8.00763245933922e-07,15.0,180.0
-156.8652912000326,36.87466683364149,47.75957073898557,-1.072326540452195e-06,15.0,180.0
-157.11743008238173,36.96146474203586,48.24588887475934,-1.072326540452195e-06,15.0,180.0
-157.51802141658135,36.85419198438939,48.60676725027939,-2.158578809030587e-07,15.0,180.0
-157.91434903396865,36.67939154963336,48.80572702126207,4.247528977430193e-07,15.0,180.0
-157.98007455997094,36.51604627496749,48.84087726416951,-2.673853032320039e-06,15.0,180.0
-157.7221590835736,36.33224503489859,48.71926068348084,-2.625110937515274e-06,15.0,180.0
-157.4306379085348,36.19585907199858,48.53395446525238,-1.900942379506887e-06,15.0,180.0
-157.36156142262325,36.14897518740222,48.397064926499226,9.052109817275776e-08,15.0,180.0
-157.4470654306908,36.324179273725086,48.19639595163832,9.052109817275776e-08,15.0,180.0
-157.51260760176427,36.71347518144876,47.78784443709497,-1.998426569116418e-06,15.0,180.0
-157.54455967751724,36.90265723220308,47.41375060239233,6.963159648876174e-08,15.0,180.0
-157.5156809685632,36.76289504013423,47.16713560217598,6.057948667148594e-07,15.0,180.0
-157.50459671123733,36.57015357068929,46.79737272483813,-1.601526491867844e-06,15.0,180.0
-157.58150101531095,36.36078147816446,46.34696867929554,1.615453129488742e-06,15.0,180.0
-157.57078451327388,36.02684519469484,46.0030683689442,-1.28122132991848e-06,15.0,180.0
-157.60371099505636,35.76358993260334,45.93808054916366,-1.288184421355254e-06,15.0,180.0
-157.84646123564698,35.86504766685051,46.12335398122848,-1.288184421355254e-06,15.0,180.0
-158.15021419451222,36.11200355890755,46.377215578090976,-1.497079210821539e-06,15.0,180.0
-158.49448505905286,36.35083196228084,46.62675085084494,1.02358444564743e-06,15.0,180.0
-158.78135101959643,36.80393941807592,46.92591516357135,-9.121738457906758e-07,15.0,180.0
-158.84594809969,37.36902524460408,47.33365633586791,1.949684701685328e-06,15.0,180.0
-158.89819151624843,37.81247462761783,47.614295630675365,-1.197663323182496e-06,15.0,180.0
-159.13652506934432,37.91895447584307,47.67210755386576,1.114105998567538e-07,15.0,180.0
-159.3808846856061,37.69377987116043,47.59259455221888,1.114105998567538e-07,15.0,180.0
-159.54344239292874,37.40419169891024,47.42193638863831,-1.441373797206325e-06,15.0,180.0
-159.9151276665119,37.117403049492935,47.324428086804495,4.456423994270153e-07,15.0,180.0
-160.55328090743868,36.80923094320752,47.34441075575213,-1.04447371995775e-06,15.0,180.0
-161.11428290935976,36.47369765959321,47.563524140414806,-7.79873744249926e-07,15.0,180.0
-161.4198465477652,36.14279891706368,47.930693661065376,-1.413521204085555e-06,15.0,180.0
-161.5103372523921,35.82861763658478,48.10419886966207,-1.002694943963434e-06,15.0,180.0
-161.47569083779615,35.555098681540926,47.95195137736003,-6.615000529563986e-07,15.0,180.0
-161.42374034428522,35.52343025908028,47.64003011246897,-6.615000529563986e-07,15.0,180.0
-161.38923498285192,35.77584056311679,47.3947920184528,9.60916167969117e-07,15.0,180.0
-161.3067877599135,35.9961472327193,47.24559728799867,-2.78525931207696e-08,15.0,180.0
-161.22836170157117,35.956590553585805,47.25694208553016,3.829738943750272e-07,15.0,180.0
-161.3081386517388,35.61709264777598,47.45857126715061,-9.052087079908233e-08,15.0,180.0
-161.48194688817043,35.19251427861485,47.695696230222026,-1.114103724830784e-07,15.0,180.0
-161.59320099550254,35.011353322635664,48.02080408859209,8.773581612331327e-07,15.0,180.0
-161.5604504255158,34.99885542913168,48.44431436387357,8.773581612331327e-07,15.0,180.0
-161.3691664908645,35.06670803067241,48.73192096016737,1.086252950699418e-06,15.0,180.0
-161.22305882686737,35.24673145272297,48.76291964945161,-1.169810730061727e-06,15.0,180.0
-161.2692388343095,35.49037888060009,48.69628192911927,1.712937319098273e-06,15.0,180.0
-161.38897409333373,35.76569544014856,48.68112185735818,5.500896804733202e-07,15.0,180.0
-161.430166397192,35.93187085031008,48.71895038705173,1.524932031315984e-06,15.0,180.0
-161.36516735986703,35.96949120143188,48.84207273589317,-2.924525688285939e-07,15.0,180.0
-161.3491030856709,36.060064766065935,49.04045511952316,-1.712937091724598e-06,15.0,180.0
-161.48088042892527,36.29876130404273,49.18432225548764,-1.712937091724598e-06,15.0,180.0
-161.61963700907523,36.60215408741267,49.291170865429805,1.54582153299998e-06,15.0,180.0
-161.7372129224121,36.89333075064189,49.527533901596726,-4.526052634901134e-07,15.0,180.0
-162.0171655253667,37.2876609930826,49.81835552211645,1.984500613616547e-06,15.0,180.0
-162.39456304008056,37.737754232925454,49.99220429424711,2.242137497887597e-06,15.0,180.0
-162.7633311708365,38.09997893337699,49.993159174206895,-2.78525931207696e-08,15.0,180.0
-163.06741141323758,38.44591329191637,49.87517072501311,-3.1334207051259e-07,15.0,180.0
-163.16269778230327,38.68251634903995,49.680183297998376,9.9573185252666e-07,15.0,180.0
-163.22010856109972,38.644600507801805,49.51875519509519,9.9573185252666e-07,15.0,180.0
-163.4779994778209,38.49577755800444,49.55574317226331,-4.108262601221213e-07,15.0,180.0
-163.95044972841407,38.35790999435996,49.59404489242635,-2.235174179077148e-06,15.0,180.0
-164.41849614243336,38.00765062212248,49.48760505578761,1.810421963455155e-07,15.0,180.0
-164.64231901994592,37.52615994607026,49.30493307271466,5.640160907205427e-07,15.0,180.0
-164.67317921591993,37.35821713721554,49.08137543318317,-3.899367584381253e-07,15.0,180.0
-164.58358032799566,37.532049217155546,48.94999774324855,-1.246405417987262e-06,15.0,180.0
-164.42365236459884,37.90662764267941,48.95129372445431,-1.246405417987262e-06,15.0,180.0
-164.28731914811078,38.39171267241032,48.960877668856895,-4.386788532428909e-07,15.0,180.0
-164.17917305384512,38.704489173345806,48.90611429717663,-2.506735654606018e-07,15.0,180.0
-163.99456725345982,38.70772459047282,48.91157609442385,1.462265117879724e-07,15.0,180.0
-163.64147437210585,38.72186490529207,49.08243229878268,3.969000772485742e-07,15.0,180.0
-163.34695535950596,38.96659156585045,49.31134494277312,2.875784957723226e-06,15.0,180.0
-163.42541929517986,39.11444308151668,49.598671950835104,-1.079289631888969e-06,15.0,180.0
-163.6686445235755,38.89947777471531,50.00157602615778,1.692047817414277e-06,15.0,180.0
-163.77294171318744,38.62010011995644,50.30876206823117,1.692047817414277e-06,15.0,180.0
-163.82798849827952,38.56820976851159,50.35019780633525,-1.232479007740039e-06,15.0,180.0
-163.8980839734593,38.579919832992026,50.28553157719136,1.058400357578648e-06,15.0,180.0
-163.94714877585773,38.65052815356806,50.31462740605475,-9.121738457906758e-07,15.0,180.0
-163.9369413357417,38.84237429500807,50.34122807425341,-3.203051619493635e-07,15.0,180.0
-163.97598325466254,38.92445002029051,50.19242127610845,-2.471921561664203e-06,15.0,180.0
-164.2592039621083,38.89911895259934,49.90676706259235,-6.54536961519625e-07,15.0,180.0
-164.58851017331327,39.01254031707938,49.63633174820024,-6.54536961519625e-07,15.0,180.0
-164.73985760454167,39.155632608407366,49.483776415022525,4.108264874957968e-07,15.0,180.0
-164.7971496481363,39.06951481672108,49.436317981702345,1.371742428091238e-06,15.0,180.0
-164.80420762009012,38.813395720465465,49.51722171193072,1.511005621068762e-06,15.0,180.0
-164.8404874249451,38.500630287710464,49.66082928924604,6.336476872093044e-07,15.0,180.0
-164.99853511669866,38.22611997601503,49.70593821109421,1.448337343390449e-06,15.0,180.0
-165.19979551620025,38.07842845505687,49.78696424011491,2.785263859550469e-07,15.0,180.0
-165.370028869979,38.04685760627909,49.99100503896572,-5.57051862415392e-08,15.0,180.0
-165.57442092259842,38.16296483592484,50.16291396450912,-5.57051862415392e-08,15.0,180.0
-165.8102617944153,38.3611491312434,50.29707313980058,-1.517968712505535e-06,15.0,180.0
-165.90481838993298,38.553519657356034,50.30765478094541,2.381400690865121e-06,15.0,180.0
-165.77292357121993,38.73307305075014,50.0454303841789,-1.239442326550488e-06,15.0,180.0
-165.55098440634077,38.79983489749128,49.63921345015932,-1.141958136940957e-06,15.0,180.0
-165.53943865778382,38.85634175157128,49.25421259074652,-2.506737246221746e-06,15.0,180.0
-165.70340683769007,38.98371540904999,49.10869026399883,-8.00763245933922e-07,15.0,180.0
-165.91362547606172,38.9239089880378,49.29226254708639,-2.673853032320039e-06,15.0,180.0
-166.41212810910682,38.68518362809797,49.49483621060394,-2.673853032320039e-06,15.0,180.0
-167.16441208894364,38.52257065011388,49.58646650809082,2.158581082767341e-07,15.0,180.0
-167.8967011366373,38.50524311068087,49.62971785948795,-1.810419689718401e-07,15.0,180.0
-168.41464380868135,38.55404712140354,49.52948242164005,0.0,15.0,180.0
-168.8587226816385,38.5557456068516,49.278025710657474,-1.900942379506887e-06,15.0,180.0
-169.5656381915338,38.51456702117926,49.03059744801659,-2.576368842710508e-07,15.0,180.0
-170.27723958079554,38.57300257769598,48.84098675937535,-3.19609011967259e-06,15.0,180.0
-170.6135803967885,38.7817239061149,48.64148243275482,-3.19609011967259e-06,15.0,180.0
-170.64573257300947,38.76602693592314,48.49068110971279,1.504042529631988e-06,15.0,180.0
-170.55664821261072,38.38320450604297,48.52846871903707,-1.155884319814504e-06,15.0,180.0
-170.61886564110944,38.03918309534369,48.6336357395904,7.798739716236014e-07,15.0,180.0
-170.94698394825966,37.84841445212199,48.61536374356941,1.608490038051968e-06,15.0,180.0
-171.19347014252514,37.75490966369068,48.52501084873644,-2.576368842710508e-07,15.0,180.0
-171.2062251395282,37.8550737149159,48.35572748743404,1.984500613616547e-06,15.0,180.0
-171.12528667381574,38.13241981609757,48.11815647974954,1.838274101828574e-06,15.0,180.0
-170.979347252171,38.34386722874008,48.0961419637001,1.838274101828574e-06,15.0,180.0
-170.78031621486275,38.33134957504444,48.39154268562341,7.65949152992107e-08,15.0,180.0
-170.66711664692042,38.18921405736883,48.78172138443557,4.804580839845585e-07,15.0,180.0
-170.74654129147518,38.070026275664254,49.0790489238892,2.109837396346848e-06,15.0,180.0
-170.94105404220005,37.93258653454535,49.21383910427439,-5.988315479044104e-07,15.0,180.0
-171.20505109599432,37.74403048803132,49.07454041631895,1.594563627804746e-06,15.0,180.0
-171.51007706419722,37.79735635334852,48.70019641501677,1.587600536367972e-06,15.0,180.0
-171.76047220362153,38.10437979259597,48.30984624266711,1.587600536367972e-06,15.0,180.0
-171.99762060543446,38.44530610742297,47.91719413123844,3.620843926910311e-07,15.0,180.0
-172.281897901345,38.77690178377076,47.68848137480499,1.74079104908742e-07,15.0,180.0
-172.46449424344848,38.98368469990295,47.7300770335395,-1.239442326550488e-06,15.0,180.0
-172.5288991737605,39.08017354041596,47.81910429808423,2.019316980295116e-07,15.0,180.0
-172.65034933886415,39.21235171962686,48.04301983458635,2.750448174992925e-06,15.0,180.0
-172.81626653277365,39.42793713619368,48.55379663059289,2.040205799858086e-06,15.0,180.0
-172.79443306870178,39.74230629751084,49.09944008331873,5.083106771053281e-07,15.0,180.0
-172.62903320648297,40.10948845090383,49.45692258038923,5.083106771053281e-07,15.0,180.0
-172.6654792886157,40.4990135262388,49.76618463493456,-1.288184421355254e-06,15.0,180.0
-172.96392988154182,40.85973698122653,50.03497408540085,-1.942721382874879e-06,15.0,180.0
-173.2849849320528,40.96190115991367,50.088700115980245,-7.659468792553525e-08,15.0,180.0
-173.40166520934957,40.738096929939374,50.03663639900587,-6.963159648876174e-08,15.0,180.0
-173.4737567567609,40.368135392352855,50.0283038440555,-1.044472810463049e-07,15.0,180.0
-173.7278035516404,40.04508962387892,50.06483880658256,1.845237420639023e-06,15.0,180.0
-173.8688250523865,40.01513394431744,50.12642553818161,1.845237420639023e-06,15.0,180.0
-173.70243955841397,40.37064820585853,50.17029807773288,4.804580839845585e-07,15.0,180.0
-173.4513830691222,40.904205028006274,50.22828226826444,-2.019314706558362e-07,15.0,180.0
-173.32980978527343,41.36266057987656,50.4863955892984,-4.177877599431668e-08,15.0,180.0
-173.37136302541973,41.51839053745309,50.89618684578838,8.355791578651406e-07,15.0,180.0
-173.5955345116089,41.403519801679536,51.042532713722125,-1.371742200717563e-06,15.0,180.0
-173.99944435637252,41.36154252730134,50.763832022094405,-5.291999514156487e-07,15.0,180.0
-174.414954606711,41.5268521227176,50.31395584723949,-8.912843441066798e-07,15.0,180.0
-174.7565362918831,41.8688489623689,50.1077470963306,-8.912843441066798e-07,15.0,180.0
-175.03301595497405,42.29325551387348,50.253579398023234,-9.957316251529846e-07,15.0,180.0
-175.27716757674338,42.7013615251846,50.48789417357023,-9.53952849158668e-07,15.0,180.0
-175.4751728727025,43.01062686283844,50.73428713414974,-3.342315721965861e-07,15.0,180.0
-175.55758880745609,43.12089499018877,51.019413358488336,-2.924525688285939e-07,15.0,180.0
-175.62151748794994,43.08763143830693,51.09372137145903,-4.874209480476566e-08,15.0,180.0
-175.82326489282002,42.88051992684174,50.83917055924227,8.912845714803552e-07,15.0,180.0
-176.15729057179723,42.54591868755528,50.53742795564516,-1.810419689718401e-07,15.0,180.0
-176.48875157407485,42.28283300349412,50.38899843785691,-1.810419689718401e-07,15.0,180.0
-176.72069698852633,42.00718382002122,50.45705177672291,2.437107013975037e-07,15.0,180.0
-176.78429191919386,41.61069730740562,50.75018304900007,4.87421175421332e-07,15.0,180.0
-176.68025732273853,41.29374549158032,51.0959614303863,-3.551210738805821e-07,15.0,180.0
-176.6520949855509,41.2850804901951,51.17447039123012,1.392641024722252e-08,15.0,180.0
-176.90762427107137,41.505864186479016,50.89346633905024,-1.058400130204973e-06,15.0,180.0
-177.30127184709096,41.65338753789296,50.63371304556919,-2.903637323470321e-06,15.0,180.0
-177.6504193401488,41.64162328123595,50.62532272371782,-2.903637323470321e-06,15.0,180.0
-177.95380033807913,41.57727328526086,50.71632347999719,-1.141958136940957e-06,15.0,180.0
-178.16220044713072,41.52098470596504,50.84114328182145,5.222370873525506e-07,15.0,180.0
-178.28044174131648,41.50110436527521,51.01399804935741,-2.081984575852402e-06,15.0,180.0
-178.34749807974336,41.57001058978821,51.05022576784815,-5.640158633468673e-07,15.0,180.0
-178.34366338619412,41.75592122450132,50.8023019789367,9.121740731643512e-07,15.0,180.0
-178.38463410326307,41.9460601381592,50.577845043010655,-2.374437372054672e-06,15.0,180.0
-178.4556223734755,42.09427224446852,50.76321739923403,-1.761679186529364e-06,15.0,180.0
-178.5473682054302,42.14761780848831,51.27682188276658,-1.761679186529364e-06,15.0,180.0
-178.86146067581186,41.99774621394123,51.73911892671606,5.849055924045388e-07,15.0,180.0
-179.41306232573805,41.77553340828189,51.99455457548518,7.868370630603749e-07,15.0,180.0
-179.97132540429757,41.70131180833494,52.2486566903451,-8.634317509859102e-07,15.0,180.0
-180.3595018220188,41.80407081926291,52.50309688555381,2.269990091008367e-06,15.0,180.0
-180.6713856780769,41.91164818225804,52.37761400831074,-1.037510628520977e-06,15.0,180.0
-181.0134032719727,41.913469456040254,51.96289590648709,2.158581082767341e-07,15.0,180.0
-181.3116358213358,41.77231555092296,51.62601528767783,2.158581082767341e-07,15.0,180.0
-181.49788900931463,41.4670962783642,51.385390306486464,-1.810419689718401e-07,15.0,180.0
-181.6555980465845,41.092578072399576,51.269131846686,-3.342315721965861e-07,15.0,180.0
-181.83471756863435,40.80782716291769,51.26695096690018,-1.845237193265348e-06,15.0,180.0
-182.0058315714456,40.69946750419062,51.27819430983544,-1.761679186529364e-06,15.0,180.0
-182.24052496060668,40.596892325231074,51.17808554928183,-1.72686350197182e-06,15.0,180.0
-182.463965964545,40.55669359586794,50.90699799319228,-9.052087079908233e-08,15.0,180.0
-182.47791678171,40.825080368827344,50.6681507999808,4.526054908637889e-07,15.0,180.0
-182.30741988044068,41.33051633816948,50.69346470166459,4.526054908637889e-07,15.0,180.0
-181.96905825411005,41.93368857229248,50.98684823799273,8.216529749915935e-07,15.0,180.0
-181.43188587583043,42.52295328057224,51.37551900939405,1.7059742276615e-06,15.0,180.0
-180.88931396349705,42.99289275005425,51.79814415186021,2.994158876390429e-07,15.0,180.0
-180.6283784466632,43.33044709207029,52.12041079424636,-1.086252723325742e-06,15.0,180.0
-180.7302029704708,43.48118666361657,52.07055551175552,-4.247526703693438e-07,15.0,180.0
-181.065447190498,43.42530706101046,51.77215987870049,9.330635748483472e-07,15.0,180.0
-181.39585093149813,43.285125489858665,51.50197596573797,-1.20462641461927e-06,15.0,180.0
-181.48007361722324,43.08787148716626,51.386805962718256,-1.20462641461927e-06,15.0,180.0
-181.3982098203259,42.76333990326525,51.36536106309325,2.311769094376359e-06,15.0,180.0
-181.33833240562527,42.41691119441115,51.309399367532194,-1.134994818130508e-06,15.0,180.0
-181.34808915857164,42.32744564311486,51.26543048594717,-7.380947408819338e-07,15.0,180.0
-181.4821033221834,42.57307756806262,51.1283788490294,-9.748421234689886e-07,15.0,180.0
-181.74636889507843,42.92450785795661,50.834697121861446,5.570527719100937e-07,15.0,180.0
-182.0682987082386,43.06887943906398,50.559667095804265,-1.587600308994297e-06,15.0,180.0
-182.33014682595888,42.97291596241443,50.42951123716029,-1.587600308994297e-06,15.0,180.0
-182.4997316886889,42.83882466566534,50.43226597102383,-2.437104740238283e-07,15.0,180.0
-182.72904534576023,42.82166922716614,50.5184296721478,-9.052105269802268e-07,15.0,180.0
-183.09457277807937,43.04500547847196,50.69782551332344,-1.956647793122102e-06,15.0,180.0
-183.4114809655761,43.36888972673185,50.91327408755023,7.311318768188357e-07,15.0,180.0
-183.6758720277451,43.56165170978855,51.16214560374674,-1.350852926407242e-06,15.0,180.0
-184.10258546412888,43.706868676993935,51.54702180591199,-6.684631443931721e-07,15.0,180.0
-184.5510135879516,43.84002459619607,52.03140389933283,1.7059742276615e-06,15.0,180.0
-184.95398956373623,43.83240931136319,52.35964141737462,1.7059742276615e-06,15.0,180.0
-185.4459715350665,43.696434821696656,52.43857102785168,-3.126458523183828e-06,15.0,180.0
-185.92589522192927,43.53341333080514,52.45544029073798,5.083106771053281e-07,15.0,180.0
-186.20994995551803,43.380806120644,52.51483494861767,-3.481568455754314e-08,15.0,180.0
-186.3084216529557,43.279659893275294,52.77654257773939,2.994158876390429e-07,15.0,180.0
-186.5489550649112,43.2761993521604,53.420737434568,-1.100179133572965e-06,15.0,180.0
-187.0290219907676,43.352643884180296,54.08048588696219,-1.949683792190626e-07,15.0,180.0
-187.45259738478555,43.624030540962295,54.18670048922053,-1.949683792190626e-07,15.0,180.0
-187.70125019126743,44.232681220515005,53.75105440570451,1.434410933143226e-06,15.0,180.0
-187.79164508189905,45.00351709393526,53.163449850834425,-1.559747715873527e-06,15.0,180.0
-187.6124015976501,45.61738136382067,52.64567138932709,5.361632702260977e-07,15.0,180.0
-187.2184260735192,45.96590354728268,52.171895200335214,2.269990091008367e-06,15.0,180.0
-186.9383023969808,46.05654210868679,51.69525744875413,-1.079289631888969e-06,15.0,180.0
-186.9388947661716,45.89111128700909,51.37230109825258,4.94384494231781e-07,15.0,180.0
-187.038464748175,45.54744744324139,51.42597943490006,4.734949925477849e-07,15.0,180.0
-187.10594847745452,45.075217926570446,51.735256661950295,4.734949925477849e-07,15.0,180.0
-187.18015152687408,44.60532996438408,52.17939339434786,6.40610778646078e-07,15.0,180.0
-187.28013865381945,44.28928630929352,52.65123552777383,5.292001787893241e-07,15.0,180.0
-187.34604358038908,44.179505037907134,52.71538290863492,-1.114103724830784e-07,15.0,180.0
-187.3450721377397,44.25752236686876,52.35365687305757,6.963159648876172e-07,15.0,180.0
-187.46171863953515,44.317544826598834,52.01419435066421,-9.400264389114454e-07,15.0,180.0
-187.749693715858,44.29454922935604,51.91819174266934,-3.453727003943641e-06,15.0,180.0
-188.14752556615608,44.28064332681236,52.082209108182575,-3.453727003943641e-06,15.0,180.0
-188.61495745232267,44.28735674346461,52.447157869220895,-1.531893758510705e-07,15.0,180.0
-189.06777577783387,44.30791613258142,52.69409762518945,-1.274258011108031e-06,15.0,180.0
-189.5017289616547,44.326747620598496,52.746811082428806,-2.478884653100977e-06,15.0,180.0
-189.83931718175103,44.44267793486116,52.96782728703312,-8.00763245933922e-07,15.0,180.0
-190.01364651689755,44.570790251883935,53.25282463534488,-7.938001544971485e-07,15.0,180.0
-190.05335254749528,44.533169606452034,53.35113811059373,-4.177877599431668e-08,15.0,180.0
-190.0243751739464,44.57315167139996,53.37521870730157,1.141958136940957e-06,15.0,180.0
-190.02642215599536,44.90114408452688,53.40455511294954,1.141958136940957e-06,15.0,180.0
-190.18265218591864,45.38990893094693,53.39183456580928,2.019316980295116e-07,15.0,180.0
-190.4178285901264,45.74252413041995,53.28548998125836,-1.935758291438106e-06,15.0,180.0
-190.54240174359268,45.84185073374596,53.12635453572358,-7.589842425659299e-07,15.0,180.0
-190.671369434024,45.84312190315481,53.128169781889625,-1.60152467287844e-07,15.0,180.0
-190.899753344386,45.71851955488741,53.39357521169268,-2.297840637766058e-07,15.0,180.0
-191.10847184494943,45.39696536122309,53.593431349202255,5.292001787893241e-07,15.0,180.0
-191.29863706057355,45.04214569326905,53.59568415766796,-4.317157618061174e-07,15.0,180.0
-191.62222324523032,44.81438111101484,53.5793673276399,-4.317157618061174e-07,15.0,180.0
-192.1733114510871,44.75438162427783,53.49245633926667,1.420484522896004e-06,15.0,180.0
-192.65127141489089,44.8179079879676,53.35218550612508,-7.172052391979378e-07,15.0,180.0
-192.7887920042,44.99353605120896,53.475957957625816,2.137689989467617e-06,15.0,180.0
-192.9156819603097,45.35243194529651,53.927688497367896,1.970574203369324e-06,15.0,180.0
-193.2587748691964,45.83144855672107,54.371466913919626,1.15588454718818e-06,15.0,180.0
-193.6490533437453,46.23694349430271,54.4960310368112,-1.162847411251278e-06,15.0,180.0
-193.9833214233443,46.40859097186194,54.23801656916688,-1.162847411251278e-06,15.0,180.0
-194.1832425340299,46.43748029941389,53.97927636963024,-9.67879032032215e-07,15.0,180.0
-194.19762584903845,46.553075581387,54.07611277840687,-8.773579338594573e-07,15.0,180.0
-194.11948961672687,46.667638302042846,54.436860730558514,2.994158876390429e-07,15.0,180.0
-194.0222882551316,46.62201600764246,54.81820765957463,-2.506735654606018e-07,15.0,180.0
-193.97750449788307,46.454786329185744,54.800659246032616,-8.703948424226837e-07,15.0,180.0
-194.1025990198884,46.2228092021702,54.33190224320551,-6.615000529563986e-07,15.0,180.0
-194.30803330979973,46.01714574840096,54.00162883474688,-1.531893758510705e-07,15.0,180.0
-194.4002808403853,45.95186952631297,54.05699123511934,-1.531893758510705e-07,15.0,180.0
-194.40861757082664,45.99223134163091,54.17288737000139,-2.437104740238283e-07,15.0,180.0
-194.34362363226663,46.04282422925825,54.20855030865357,-1.183736912935274e-06,15.0,180.0
-194.1473230157972,46.07037376435723,54.1933541531228,-1.615452902115067e-06,15.0,180.0
-194.04382766266465,46.08001200043161,54.04967663208886,3.774032620640355e-06,15.0,180.0
-194.2461872944252,46.1157949474044,53.96702574178063,1.26033205560816e-06,15.0,180.0
-194.5704549097913,46.18366147575074,54.01373144858257,-1.88701619663334e-06,15.0,180.0
-194.79399951645303,46.30295929299277,54.06744496936584,-1.88701619663334e-06,15.0,180.0
-194.91824931073336,46.457468685668175,54.21021902019092,2.158579491151613e-06,15.0,180.0
-195.06698133949936,46.60395242096428,54.35482790472361,-8.077263373706955e-07,15.0,180.0
-195.356206384646,46.8205773658116,54.33782646112303,-2.318731958439457e-06,15.0,180.0
-195.7530853092291,47.17220031250693,54.1322413659813,3.620843926910311e-07,15.0,180.0
-196.09298854355345,47.51319910434872,53.793924166724565,-1.107142225009738e-06,15.0,180.0
-196.26660432359816,47.635755760711184,53.51811021022968,3.551213012542576e-07,15.0,180.0
-196.2700288463033,47.56464959407588,53.48086006300551,-2.994156602653675e-07,15.0,180.0
-196.173816302143,47.35604719016612,53.653103874251386,-2.994156602653675e-07,15.0,180.0
-196.2421328510052,47.082795064588886,53.84863730430357,-1.601526491867844e-06,15.0,180.0
-196.64364525080444,46.8112088278886,54.06183578942886,6.684633717668476e-07,15.0,180.0
-197.12222357771748,46.38368067549198,54.416160199395655,-9.818054422794376e-07,15.0,180.0
-197.47020057082307,45.92224413304626,54.84557937783987,-9.121738457906758e-07,15.0,180.0
-197.8231799118704,45.66772698728616,55.1897661639953,-2.576368842710508e-07,15.0,180.0
-198.25610699057904,45.58643241572789,55.30524873263124,-5.431263616628712e-07,15.0,180.0
-198.6991569896641,45.61119156933577,55.33104298314245,2.646002030814998e-07,15.0,180.0
-198.99180664012223,45.67533241162423,55.39710715231972,2.646002030814998e-07,15.0,180.0
-199.060171073134,45.777254913992,55.40827384924838,-1.448337116016774e-06,15.0,180.0
-199.1132622288188,45.92934255629668,55.49299825140584,4.87423221784411e-08,15.0,180.0
-199.20572001813912,46.05735668381629,55.68528429193141,1.114105543820187e-06,15.0,180.0
-199.24332186581407,46.09480498608293,55.80079552300631,-6.057948667148594e-07,15.0,180.0
-199.38089902319032,46.057720217684846,55.74929414942019,-4.108262601221213e-07,15.0,180.0
-199.7018296371149,45.99534968825833,55.44915124967771,0.0011746711097657,15.0,180.0
-200.0329229056093,45.90345220837958,55.04828798191895,0.0011746711097657,15.0,180.0
-200.39548523211343,45.78498302483074,54.78630969230259,0.0158943105489015,15.0,180.0
-200.8445016824484,45.792987841814806,54.5348584760628,0.0585113503038883,15.0,180.0
-201.2501008101385,46.08306818209268,54.19208758127567,0.1294126510620117,15.0,180.0
-201.5492802545938,46.62536271242839,53.82517330345865,0.2180942595005035,15.0,180.0
-201.7293684339977,47.22190699308016,53.57523442977744,0.3126638531684875,15.0,180.0
-201.8878593192925,47.76167839809542,53.569707600638935,0.4100059270858765,15.0,180.0
-202.19131594170656,48.18903025895519,53.70602515213076,0.5083405375480652,15.0,180.0
-202.59678810908432,48.386040934686896,53.946835693787065,0.5083405375480652,15.0,180.0
-202.85766692183543,48.445815219669214,54.188919921909175,0.6076591610908508,15.0,180.0
-202.9571624419692,48.47816383101735,54.27824612446476,0.7072224020957947,15.0,180.0
-203.08623977322293,48.42715288367087,54.42731923928732,0.806817889213562,15.0,180.0
-203.1943450526176,48.28954329166955,54.85465494229592,0.9067296385765076,15.0,180.0
-203.1676455991029,48.01260987938696,55.45032337982545,1.006693720817566,15.0,180.0
-203.22496885862805,47.499010359537024,55.99403655908535,1.106659054756165,15.0,180.0
-203.51207961369576,46.87197658744292,56.36210785216136,1.106659054756165,15.0,180.0
-203.71914626445067,46.3757009212169,56.59137076949624,1.206759929656982,15.0,180.0
-203.67081040224843,46.31083674804368,56.80650221470977,1.30672013759613,15.0,180.0
-203.45110069018853,46.705778290393226,57.15620336829672,1.406840682029724,15.0,180.0
-203.13689922649743,47.22276214584953,57.54809445295548,1.506803631782532,15.0,180.0
-202.91773364478613,47.55668992001198,57.715790348772174,1.606586217880249,15.0,180.0
-203.0232191451934,47.67173134474507,57.752238443872045,1.706640362739563,15.0,180.0
-203.4304632455094,47.84609207573209,57.94084583034965,1.80659019947052,15.0,180.0
-203.83120112809564,48.17042391169751,58.30024845605388,1.80659019947052,15.0,180.0
-204.1405397341695,48.40418408836518,58.56072663938771,1.90659487247467,15.0,180.0
-204.53932470821195,48.44028092788328,58.54442525331035,2.006627321243286,15.0,180.0
-205.03403138071656,48.55909646500239,58.30020126760773,2.106611013412476,15.0,180.0
-205.477788458317,48.77433470119898,57.9048416088343,2.206641912460327,15.0,180.0
-205.77964773238472,48.600138531145376,57.44534237608837,2.306647300720215,15.0,180.0
-205.9667113064205,48.02064173157672,57.02768109902795,2.406542539596558,15.0,180.0
-206.1257517555724,47.47818372282717,56.76203941121479,2.506533622741699,15.0,180.0
-206.2795511184464,47.20493248961132,56.74844962911431,2.506533622741699,15.0,180.0
-206.37901262978923,47.14444083464231,56.95956360510501,2.606693744659424,15.0,180.0
-206.32876634976327,47.26170296097505,57.18696796401853,2.706689834594727,15.0,180.0
-206.1507049102197,47.51925385724951,57.27480464198566,2.806684255599976,15.0,180.0
-206.1491579145005,47.63912665242883,57.129518622227074,2.906691074371338,15.0,180.0
-206.46286355708776,47.56372466280111,56.73588796671143,3.006524324417114,15.0,180.0
-206.8039515515996,47.54168252495919,56.384661122312814,3.106581211090088,15.0,180.0
-206.89744570495617,47.63348013079987,56.21806643933862,3.106581211090088,15.0,180.0
-206.8303977837812,47.76846820366672,56.09137226475114,3.206582307815552,15.0,180.0
-206.8264003899536,47.87015501114095,56.06756458448667,3.306603670120239,15.0,180.0
-206.80978838215907,47.828122511183786,56.29638031448166,3.406761169433594,15.0,180.0
-206.713757569267,47.62948845112312,56.77477013690966,3.506577491760254,15.0,180.0
-206.74863517445485,47.44927627307421,57.219273102458,3.606477737426758,15.0,180.0
-206.8628893720064,47.51528202608087,57.26660618727931,3.706432342529297,15.0,180.0
-206.9008999896557,47.7745539584247,57.04815868082246,3.806476593017578,15.0,180.0
-206.96412756797264,47.91860945578841,56.79582350294751,3.806476593017578,15.0,180.0
-207.21763543074616,47.85141549501536,56.432499190497765,3.906529188156128,15.0,180.0
-207.6622833501048,47.71026150900194,56.04812340551708,4.00651741027832,15.0,180.0
-208.10425788876927,47.53329824266008,55.9342053674508,4.106505870819092,15.0,180.0
-208.5022047697633,47.41616611586129,56.15487565399926,4.206679344177246,15.0,180.0
-208.8204628416157,47.379043057991936,56.52788919455514,4.306737899780273,15.0,180.0
-209.01528269447243,47.21589771942406,56.886348032337466,4.406665802001953,15.0,180.0
-209.1730111636103,46.89131712951096,57.13826297353834,4.406665802001953,15.0,180.0
-209.2437913814873,46.55730676775842,57.20635071937321,4.506472110748291,15.0,180.0
-209.28098577508496,46.36490937055313,57.147558889175954,4.606486320495605,15.0,180.0
-209.40581507382296,46.38776638429986,57.20973540077641,4.70653247833252,15.0,180.0
-209.48346229786983,46.639728999141234,57.423739221530624,4.806727886199951,15.0,180.0
-209.4048560486937,47.13736738813704,57.70840627515235,4.906712055206299,15.0,180.0
-209.28956640587927,47.75904547003613,57.98968316042494,5.006575584411621,15.0,180.0
-209.2941530829144,48.30395374451031,58.01491497327471,5.106631278991699,15.0,180.0
-209.47517054804663,48.75705274288676,57.91303122997404,5.106631278991699,15.0,180.0
-209.6217183354572,49.17551668008271,57.95291059926621,5.206474781036377,15.0,180.0
-209.5397379546388,49.450048139035005,58.13761227737973,5.306558609008789,15.0,180.0
-209.3991206260956,49.36515508190274,58.43385660560816,5.406608104705811,15.0,180.0
-209.37397721949483,48.95428275388942,58.615887867026885,5.506494998931885,15.0,180.0
-209.60926742480527,48.63559669953185,58.5737368264209,5.606678485870361,15.0,180.0
-210.1844894664152,48.65320781521056,58.50584063901723,5.706660270690918,15.0,180.0
-210.9485438646088,48.73511163741336,58.5825620354127,5.706660270690918,15.0,180.0
-211.67764963313587,48.83985368110679,58.60687765875882,5.806785106658936,15.0,180.0
-212.30741510124648,49.16253482993399,58.32553785689695,5.90673303604126,15.0,180.0
-212.84486143048807,49.51280205697016,57.91280198101996,6.006598472595215,15.0,180.0
-213.1144946961432,49.69288603972507,57.78430112653305,6.106603622436523,15.0,180.0
-213.21932518281992,49.70173865762731,58.02782219839846,6.206626415252686,15.0,180.0
-213.5003271007802,49.62288753903056,58.15752411151945,6.306609630584717,15.0,180.0
-213.93932371516075,49.60230218953451,58.083491387811584,6.406664848327637,15.0,180.0
-214.35067759798764,49.76125839741282,58.12813116618751,6.406664848327637,15.0,180.0
-214.6273931264069,50.0252292263602,58.116530596058205,6.506795406341553,15.0,180.0
-214.6997713026436,50.09599927364465,57.89355471058248,6.606758594512939,15.0,180.0
-214.5283816606253,49.920680405861226,57.842938595732974,6.706703186035156,15.0,180.0
-214.3037949031257,49.72712053996847,58.11114662386319,6.806707859039307,15.0,180.0
-214.27227578142848,49.72094475199451,58.36750531335188,6.906589031219482,15.0,180.0
-214.3124561077542,50.00443501657448,58.381985909142855,7.006618976593018,15.0,180.0
-214.20828875071663,50.37294968776776,58.18025462764364,7.106748580932617,15.0,180.0
-213.943011051184,50.6100369129629,57.94440638627113,7.106748580932617,15.0,180.0
-213.71782546249088,50.77117172657355,57.7766904689709,7.206568717956543,15.0,180.0
-213.686995632234,50.893972308277085,57.65889363616978,7.306498050689697,15.0,180.0
-213.7595074545132,50.99180770142181,57.67967581196672,7.406610012054443,15.0,180.0
-213.9056400738569,51.15700012687921,57.94165574971204,7.506576061248779,15.0,180.0
-214.1132272796734,51.35624015645065,58.24073202892338,7.606619358062744,15.0,180.0
-214.32531812726984,51.40685709233576,58.30013837251215,7.706600189208984,15.0,180.0
-214.5872157361523,51.21303524405277,58.200880456245976,7.706600189208984,15.0,180.0
-214.84733674334137,50.786708731552814,58.21165900250319,7.806542873382568,15.0,180.0
-214.9927516010121,50.26913575690462,58.43401035758099,7.906707763671875,15.0,180.0
-214.9192808151048,49.82291718032389,58.76161765074971,8.00661849975586,15.0,180.0
-214.6330298028637,49.43449832045684,59.07329897497797,8.10647964477539,15.0,180.0
-214.3528588366173,49.15725259674423,59.2462516301002,8.206332206726074,15.0,180.0
-214.26763049639484,49.06593633310747,59.27098723108246,8.306466102600098,15.0,180.0
-214.39228662808608,49.0197765007255,59.326765632053785,8.40656852722168,15.0,180.0
-214.6406530143469,48.93346806248605,59.31586250684215,8.40656852722168,15.0,180.0
-214.867677204844,48.82968491863603,59.08288756492328,8.506546974182129,15.0,180.0
-214.8955439628889,48.770068222537446,58.85746025603574,8.606648445129395,15.0,180.0
-214.7605665596793,48.800329350924926,58.742628225556,8.706744194030762,15.0,180.0
-214.67610665990267,48.87337574274106,58.77618521569803,8.806478500366211,15.0,180.0
-214.61611499342857,49.04827094789943,59.06179985080046,8.906381607055664,15.0,180.0
-214.40417358951785,49.3535942092157,59.346588201626055,9.00663948059082,15.0,180.0
-213.980898894114,49.61716987872103,59.377568029998855,9.00663948059082,15.0,180.0
-213.234987079956,49.80519621664634,59.258103120775374,9.106587409973145,15.0,180.0
-212.1549578200139,50.008651533411694,59.15276297361317,9.206679344177246,15.0,180.0
-211.20485775077648,50.10616324880687,58.97289057205798,9.306751251220703,15.0,180.0
-210.87196635692823,49.89436537612481,58.64776207875767,9.406597137451172,15.0,180.0
-210.9316524646491,49.45443861738002,58.34662767634352,9.50665283203125,15.0,180.0
-210.94418077348675,49.139925327053945,58.08836064134513,9.606642723083496,15.0,180.0
-210.811311929954,49.07255093761568,57.79428763306526,9.706550598144531,15.0,180.0
-210.6238006565036,49.073014658241775,57.53489154777409,9.706550598144531,15.0,180.0
-210.5788780768605,48.95865819552839,57.35867364908386,9.80655574798584,15.0,180.0
-210.6130930413668,48.708385327264025,57.27158063331136,9.90654468536377,15.0,180.0
-210.3755432518641,48.52164729187046,57.18667715691491,10.00648498535156,15.0,180.0
-209.94621415953816,48.49224970933752,57.017234119139054,10.10659217834473,15.0,180.0
-209.7625608381867,48.475215408194856,56.76983774037201,10.2066707611084,15.0,180.0
-209.75711520431585,48.35735783406479,56.44319942759197,10.30654430389404,15.0,180.0
-209.6562458683889,48.11716601444645,56.23173448723789,10.40664863586426,15.0,180.0
-209.38035483699048,47.86337726975152,56.26506656255446,10.40664863586426,15.0,180.0
-208.97473878557216,47.754272821714736,56.29007169835463,10.50658893585205,15.0,180.0
-208.766938007782,47.79974396064222,56.3074077498808,10.60678195953369,15.0,180.0
-208.7275253629899,47.97432917185469,56.59704428357563,10.70679092407227,15.0,180.0
-208.3754702123196,48.19427588142524,56.95712223859175,10.80653095245361,15.0,180.0
-207.5852102765144,48.27853902396436,57.06555320788567,10.90656089782715,15.0,180.0
-206.69621593890145,48.21571752076661,56.82949550520215,11.00646018981934,15.0,180.0
-206.0277636862252,48.10179206778088,56.29960182743767,11.00646018981934,15.0,180.0
-205.54445478276708,47.91553838978036,55.80244468950086,11.1066427230835,15.0,180.0
-205.10728177669515,47.68953943878395,55.48963825862348,11.20673179626465,15.0,180.0
-204.6327642528837,47.4727291913063,55.22580846632693,11.30642604827881,15.0,180.0
-204.00304785282745,47.15198918481195,54.855042092828285,11.4064826965332,15.0,180.0
-203.37995441251127,46.66482183714541,54.337946930907854,11.50665378570557,15.0,180.0
-203.0583323850828,46.19675723572885,53.79860695535294,11.60675621032715,15.0,180.0
-202.98651626433147,45.92505439879278,53.28245859779914,11.70678424835205,15.0,180.0
-202.9851964731804,46.04930690227588,52.81179956311432,11.70678424835205,15.0,180.0
-202.8108223280188,46.534015805735336,52.38803732539056,11.80655384063721,15.0,180.0
-202.35512331134169,46.855467108149874,52.01729474153491,11.90649604797363,15.0,180.0
-201.84808578851064,46.80959225664148,51.78741826947788,12.00670146942139,15.0,180.0
-201.46354095297949,46.67727511568988,51.74951809997943,12.10680198669434,15.0,180.0
-201.20428245600613,46.65937334900346,52.05043972082003,12.20675468444824,15.0,180.0
-200.902348199066,46.70344856385916,52.69293520257995,12.30668067932129,15.0,180.0
-200.4872761404644,46.80404162291032,53.25584132137535,12.30668067932129,15.0,180.0
-200.0706682709108,47.04286388357434,53.46273760899652,12.40659523010254,15.0,180.0
-199.69262282588443,47.29147357300461,53.408709380706696,12.50660514831543,15.0,180.0
-199.35633394122755,47.42240388242911,53.21344548583157,12.60676002502441,15.0,180.0
-199.0895264015284,47.5102039392562,53.00784344428981,12.70645332336426,15.0,180.0
-199.00836389936904,47.65561812899726,52.89628126016655,12.80651664733887,15.0,180.0
-199.06434118433964,47.90407566146835,52.81436087920336,12.90676975250244,15.0,180.0
-199.049578538317,48.11786075959666,52.59880542787484,13.00665187835693,15.0,180.0
-198.93235045640048,48.09463675433529,52.25109468998832,13.00665187835693,15.0,180.0
-198.81314492685607,47.82205021932332,51.988541519789045,13.10684204101562,15.0,180.0
-198.63941861185984,47.45611447398389,51.9861051341487,13.2065486907959,15.0,180.0
-198.20029872705305,47.15360336165922,52.21578799185201,13.3064022064209,15.0,180.0
-197.51273712417307,46.92489259644351,52.62205770336039,13.40671157836914,15.0,180.0
-196.83340515336843,46.81834378945381,53.14171099700536,13.50649929046631,15.0,180.0
-196.21604527289813,46.88443928089827,53.49379199829103,13.60619831085205,15.0,180.0
-195.53726114267533,46.95679305699895,53.63507010283479,13.60619831085205,15.0,180.0
-194.76926726187784,46.81871110484202,53.83207149469772,13.706467628479,15.0,180.0
-193.95671656188932,46.44616244648211,54.10229181145623,13.80681228637695,15.0,180.0
-193.22120313133075,46.107210328271776,54.3432781128861,13.90690803527832,15.0,180.0
-192.59018550529927,45.951068727743696,54.50054309180032,14.00677108764648,15.0,180.0
-192.0914244665653,45.86018140269414,54.536607271132695,14.10644817352295,15.0,180.0
-191.70485528828945,45.79485829606941,54.42721976144186,14.20652675628662,15.0,180.0
-191.33000836797328,45.68741916303217,54.184376512515975,14.30668830871582,15.0,180.0
-190.94903087812563,45.58815056114644,53.88299351276966,14.30668830871582,15.0,180.0
-190.4008072484808,45.55833674717319,53.38836162069239,14.40661716461182,15.0,180.0
-189.7110179409717,45.431988933334026,52.64812626654212,14.50607395172119,15.0,180.0
-189.0845436213212,45.25745230870638,52.11988920233435,14.60632610321045,15.0,180.0
-188.5187070867854,45.18005575582709,52.05344327815961,14.70673084259033,15.0,180.0
-188.00925841358327,45.18175938750712,52.03215228152397,14.80700206756592,15.0,180.0
-187.6314299976316,45.344156693090426,51.694847081708055,14.90664768218994,15.0,180.0
-187.41001936704492,45.754847637386966,51.15775184998929,15.00631046295166,15.0,180.0
-187.3931877143832,46.2616359373105,50.64424988907675,15.00631046295166,15.0,180.0
-187.4536076507096,46.65070556462268,50.3036997994675,15.10662841796875,15.0,180.0
-187.3698395102437,46.859325580648346,50.20103244990776,15.20675945281982,15.0,180.0
-187.2776251632739,46.989895489487424,50.246907578847946,15.30684280395508,15.0,180.0
-187.18703574885384,47.06563479847655,50.39241387571191,15.40629577636719,15.0,180.0
-186.7976031277717,46.98199715299304,50.57320990410361,15.50642395019531,15.0,180.0
-186.140260852418,46.771135086858216,50.60118197366776,15.60675621032715,15.0,180.0
-185.48879455418555,46.56440039278585,50.37464801042351,15.60675621032715,15.0,180.0
-184.9112801736602,46.31021144526952,49.94449526657612,15.70676803588867,15.0,180.0
-184.3991736402776,45.8910772259535,49.46838439312518,15.80665111541748,15.0,180.0
-183.9097375608785,45.58282640866168,49.12479279847722,15.90674018859863,15.0,180.0
-183.31080482483856,45.72338397287745,49.13101134594789,16.00652885437012,15.0,180.0
-182.57116038445355,45.98803110694976,49.510419000467856,16.10662078857422,15.0,180.0
-181.910175309324,45.97288096834589,49.94205878170398,16.20670700073242,15.0,180.0
-181.53473500134825,45.82893780743261,50.18661863131269,16.30660820007324,15.0,180.0
-181.35453755254133,45.75532007536595,50.266009114486216,16.30660820007324,15.0,180.0
-181.278551220942,45.80544434136749,50.16000981010496,16.40657615661621,15.0,180.0
-181.195649959803,45.77018636308024,49.72783966728278,16.50663757324219,15.0,180.0
-180.91248101602395,45.48272799113893,49.12684226802115,16.60664367675781,15.0,180.0
-180.4293458819737,45.14804084299008,48.599179350048686,16.70667457580566,15.0,180.0
-179.79763475925017,44.854283007552446,48.11429548163949,16.80671691894531,15.0,180.0
-179.1250085567692,44.551132168225855,47.620472901552375,16.90668106079102,15.0,180.0
-178.57606949334763,44.3528207142679,47.06508031052267,16.90668106079102,15.0,180.0
-178.16487931297752,44.373955663631705,46.51658384138416,17.0067310333252,15.0,180.0
-178.00082762567746,44.48134654358889,46.14598733558163,17.10669326782227,15.0,180.0
-178.11632446944202,44.530118283296,45.96397616704911,17.20650482177734,15.0,180.0
-178.21543265309714,44.534986948152,45.87292193040439,17.30669975280762,15.0,180.0
-178.13292782154417,44.53678666910102,45.835283243333805,17.40672492980957,15.0,180.0
-178.01116136602593,44.38250766451697,45.92074747096735,17.50660133361816,15.0,180.0
-177.90699712588918,43.98487425207229,46.13501257464026,17.60648727416992,15.0,180.0
-177.6243929269315,43.629292843900856,46.36943449198545,17.60648727416992,15.0,180.0
-177.07149378733365,43.58502809762784,46.44099922188651,17.70635986328125,15.0,180.0
-176.44489304630127,43.83697657072431,46.30304090285403,17.80660629272461,15.0,180.0
-175.96426376382283,44.12488550922436,46.09146343912463,17.90680885314941,15.0,180.0
-175.62968821624096,44.222673354443245,45.80741781009751,18.00656509399414,15.0,180.0
-175.30314974807916,44.16008328093643,45.44473604677745,18.1067008972168,15.0,180.0
-174.84739753459235,44.03215913778752,45.11662722835886,18.20657920837402,15.0,180.0
-174.2445177055964,43.80512052437332,44.96523859749538,18.30659294128418,15.0,180.0
-173.53301456021603,43.38425461701984,45.12506176123108,18.30659294128418,15.0,180.0
-172.81169325931546,42.767332828550536,45.45639474237399,18.40668487548828,15.0,180.0
-172.25980834694235,42.24045570999438,45.55671881398627,18.50656127929688,15.0,180.0
-171.92087400014756,42.08860708470244,45.40762734519532,18.60660934448242,15.0,180.0
-171.78853530768262,42.08965518512274,45.34750618999528,18.70658111572266,15.0,180.0
-171.79574213622328,42.03687473664493,45.265356588253546,18.80656242370605,15.0,180.0
-171.8589153821981,42.01602584165306,44.97155633584115,18.90662574768066,15.0,180.0
-171.9306319365354,42.01422342417016,44.73893806128758,18.90662574768066,15.0,180.0
-171.8420613726899,42.01030684521864,44.84649219678147,19.00671577453613,15.0,180.0
-171.54057782473132,41.92177904711789,45.14915442211667,19.10664367675781,15.0,180.0
-171.11500982508514,41.75181584806487,45.31781396334061,19.20666694641113,15.0,180.0
-170.60088872619502,41.72963584627465,45.26447230051686,19.30663681030273,15.0,180.0
-169.94328985728708,41.849805585922034,45.00605202425417,19.40655899047852,15.0,180.0
-169.1135195354057,41.948082405108366,44.76795751236736,19.50661468505859,15.0,180.0
-168.2284470861858,41.94203526124269,44.70124052644416,19.60657501220703,15.0,180.0
-167.3483954334989,41.7998156452783,44.61773211051965,19.60657501220703,15.0,180.0
-166.66656164652852,41.55731703164248,44.403949535546666,19.70666313171387,15.0,180.0
-166.43682911811203,41.281052477259095,44.13697127718893,19.80679893493652,15.0,180.0
-166.5410234815214,41.0341197385442,43.990354902924366,19.90667152404785,15.0,180.0
-166.72144698493318,40.88256373562809,44.047929045658165,20.00655555725098,15.0,180.0
-166.78915866214285,40.84092360801217,44.31224621056926,20.1067066192627,15.0,180.0
-166.62529348696754,40.93735772394882,44.45020440964826,20.20667457580566,15.0,180.0
-166.2607455923471,41.18338036475805,44.19233985644016,20.20667457580566,15.0,180.0
-165.87928348845443,41.49863201148156,43.89131802013184,20.30668449401855,15.0,180.0
-165.47959023247884,41.72823989015628,43.66626927774843,20.40676498413086,15.0,180.0
-165.0075413125196,41.79526104472251,43.38933780042544,20.50658226013184,15.0,180.0
-164.68686632589126,41.73875825028832,43.13113372007345,20.60659408569336,15.0,180.0
-164.60373517565836,41.49875212108572,42.83682664710018,20.70653915405273,15.0,180.0
-164.633963567526,41.12915989600659,42.626179848793306,20.80643463134766,15.0,180.0
-164.66475591334617,40.82869575904985,42.627381512724206,20.90670585632324,15.0,180.0
-164.50184826859345,40.75465312192939,42.60801692269131,20.90670585632324,15.0,180.0
-163.92121793396973,40.84778841410914,42.51183177749612,21.00665283203125,15.0,180.0
-163.09465329461435,40.96130427704195,42.37666913518828,21.10661506652832,15.0,180.0
-162.3116986169587,41.00392154004825,42.18550386338237,21.20664596557617,15.0,180.0
-161.50976411111216,40.88484072355255,41.96658025471557,21.30649566650391,15.0,180.0
-160.7057884112708,40.74394394699421,41.59255147414399,21.40653610229492,15.0,180.0
-160.15072820611834,40.73163494988635,41.047738036928806,21.50661849975586,15.0,180.0
-159.927075363152,40.82538905679758,40.45201045266596,21.50661849975586,15.0,180.0
-159.83494989753132,40.91151172004819,39.81824064695238,21.60653114318848,15.0,180.0
-159.68769365166312,40.78131330093007,39.25730862326855,21.70682525634766,15.0,180.0
-159.4050885661049,40.59387394049885,39.01474666219926,21.80685806274414,15.0,180.0
-159.0256388739813,40.60689224923258,39.21539814311049,21.90654373168945,15.0,180.0
-158.66971198867327,40.55334900420779,39.72322461502695,22.0064582824707,15.0,180.0
-158.41926513864223,40.365757954290345,40.25490632044664,22.10642051696777,15.0,180.0
-158.27518238037024,40.26102979328665,40.478591689763135,22.20651626586914,15.0,180.0
-158.0758803712256,40.23779455932301,40.28599818775777,22.20651626586914,15.0,180.0
-157.84769077538277,40.241776747270464,40.01066586132694,22.30661773681641,15.0,180.0
-157.75658829332914,40.23162050710809,39.82500021376804,22.40657043457031,15.0,180.0
-157.65639685628258,40.164534141258166,39.630338732350815,22.50661087036133,15.0,180.0
-157.3897984484862,40.01998518286521,39.58173744046223,22.60662078857422,15.0,180.0
-156.98636415364393,39.810361830208606,39.67072511269835,22.70654296875,15.0,180.0
-156.42108569011373,39.59750027777889,39.52074051638005,22.80657768249512,15.0,180.0
-155.73407898062555,39.50655902724962,39.036678714766325,22.90652465820312,15.0,180.0
-155.04481477069018,39.47636436195502,38.599009885538095,22.90652465820312,15.0,180.0
-154.32990063497417,39.33472541792855,38.61833585607173,23.00665283203125,15.0,180.0
-153.59387469868446,39.13501517646285,38.88927633531916,23.10659027099609,15.0,180.0
-152.89003427438095,39.08261523068239,38.92624963107511,23.20663070678711,15.0,180.0
-152.27488307973962,39.19404253075609,38.85666167670537,23.30653190612793,15.0,180.0
-151.84438519512534,39.24259500543389,38.87355425551399,23.40666770935059,15.0,180.0
-151.61123107452488,39.21166109034337,38.87311658314002,23.50678443908691,15.0,180.0
-151.58760071662024,39.27522020542265,38.90256196889618,23.50678443908691,15.0,180.0
-151.70490844739274,39.36722690490319,38.83386206998022,23.60662841796875,15.0,180.0
-151.87818516816725,39.3073618195817,38.52908229533939,23.70661163330078,15.0,180.0
-152.0993648505511,39.13933934661922,38.20842693256788,23.80656623840332,15.0,180.0
-152.2429480084302,39.13531555874526,37.98863539979583,23.90656471252441,15.0,180.0
-152.31816819588252,39.47957257503205,37.843826474193314,24.00672912597656,15.0,180.0
-152.3578833050038,39.94843492946276,37.67927936160238,24.1065731048584,15.0,180.0
-152.14688214851867,40.175453784434,37.55105482130547,24.20652389526367,15.0,180.0
-151.6381573176579,40.1517377293095,37.595257314900735,24.20652389526367,15.0,180.0
-151.07039044481473,40.05954294254388,37.608878244272965,24.30648994445801,15.0,180.0
-150.47256264810778,39.87559456272855,37.64045153959282,24.40645599365234,15.0,180.0
-149.80947296400277,39.496057681464414,37.84216608430224,24.50669479370117,15.0,180.0
-149.18189763188903,38.94505403700477,37.95047647584261,24.60653305053711,15.0,180.0
-148.52100362047224,38.52732948067877,37.8961179833946,24.70650100708008,15.0,180.0
-147.7647458082907,38.466843811301565,37.79712228608703,24.8066291809082,15.0,180.0
-147.03494862424245,38.51939010033361,37.51237476972855,24.8066291809082,15.0,180.0
-146.58847769902513,38.43941732423746,37.03480258019231,24.90659523010254,15.0,180.0
-146.4255382216157,38.18444263592729,36.61797937706318,25.00662803649902,15.0,180.0
-146.2896957426066,37.86238688438934,36.26695924796958,25.10665702819824,15.0,180.0
-146.03925066362953,37.62532432583554,35.94249502181009,25.20652198791504,15.0,180.0
-145.61257928752784,37.42763486152588,35.786253068711005,25.30663681030273,15.0,180.0
-145.16451613177358,37.20983448473488,35.7276809898403,25.40678787231445,15.0,180.0
-144.70510572772946,36.89767003997697,35.55328430113854,25.50670623779297,15.0,180.0
-144.02931755946062,36.47611547516338,35.2925161304639,25.50670623779297,15.0,180.0
-143.29731247246707,36.20938987016656,35.042502125220146,25.60665321350098,15.0,180.0
-142.74502961509592,36.2347190483657,34.723198348318945,25.7065258026123,15.0,180.0
-142.30056012554093,36.44121572511849,34.37488307366247,25.80644226074219,15.0,180.0
-141.8519030079825,36.64458238465008,34.136754710428455,25.90656280517578,15.0,180.0
-141.4495657591551,36.73149465391679,34.006332082732904,26.00667381286621,15.0,180.0
-141.1079487671336,36.83151203582952,33.96652216835928,26.10669898986816,15.0,180.0
-140.81698289022856,37.09587700813934,34.1366780134058,26.20675659179688,15.0,180.0
-140.54111423267426,37.468315069140985,34.52999784789493,26.20675659179688,15.0,180.0
-140.2360900382124,37.83214172995992,34.92753800687307,26.30672264099121,15.0,180.0
-140.02783430681168,38.09780460032718,35.23808947759021,26.40659141540527,15.0,180.0
-139.78717182706598,38.21677059340395,35.53990798232333,26.50649261474609,15.0,180.0
-139.15754470296483,38.219920151064606,35.78304185481903,26.60650253295898,15.0,180.0
-138.16074132423145,38.07551864362176,35.8097587143799,26.70669555664062,15.0,180.0
-137.1583518180849,37.74967537441526,35.59327635990516,26.80682182312012,15.0,180.0
-136.5546560458408,37.22838985767761,35.20959863580227,26.80682182312012,15.0,180.0
-136.4274254551602,36.5772527525733,34.69239781450246,26.90669250488281,15.0,180.0
-136.5204870893893,36.00662597665704,34.24011858501995,27.00666618347168,15.0,180.0
-136.62021714985835,35.69423861847321,34.05774312908605,27.1065845489502,15.0,180.0
-136.66895738419038,35.48226718328536,34.12282466283329,27.20655822753906,15.0,180.0
-136.71591307930953,35.11096472613763,34.514250534822786,27.30661010742188,15.0,180.0
-136.7184060270559,34.80868806957296,35.06370670815724,27.40612411499023,15.0,180.0
-136.56812738885083,34.749632690876965,35.338705897060834,27.50606918334961,15.0,180.0
-136.28392507430155,34.89569895789044,35.31195808306708,27.50606918334961,15.0,180.0
-135.93222085436437,35.155617275920626,35.078519382742165,27.60667037963867,15.0,180.0
-135.45037027543125,35.2356953282193,34.63620477833521,27.70718955993652,15.0,180.0
-134.95864072524006,35.094011749456975,34.14000358307758,27.80690002441406,15.0,180.0
-134.73923594239525,34.839427432433176,33.76492629543564,27.90629196166992,15.0,180.0
-134.689275100586,34.63816178527387,33.51994313563299,28.006103515625,15.0,180.0
-134.49884942747028,34.67198713260117,33.350742935299984,28.10646438598633,15.0,180.0
-134.2665476551939,34.91210728183551,33.236111083651934,28.10646438598633,15.0,180.0
-134.18855613727993,35.25884989041351,33.13486327208773,28.20697021484375,15.0,180.0
-134.02333525530022,35.633470343842404,33.13447418599379,28.30613327026367,15.0,180.0
-133.51033022231857,35.98803604065672,33.25618936187749,28.40628814697266,15.0,180.0
-132.62125131003324,36.211470559763576,33.30438602021605,28.50662422180176,15.0,180.0
-131.59796313159427,36.36789631488043,33.27972836385322,28.60702896118164,15.0,180.0
-130.73242272348256,36.53249427306479,33.277380247961524,28.7071361541748,15.0,180.0
-130.1262051038458,36.521531760952165,33.29289234686319,28.80654716491699,15.0,180.0
-129.81278542058848,36.30162396367725,33.272680657668786,28.80654716491699,15.0,180.0
-129.60813309764958,36.04748018110602,33.18501413028483,28.90628814697266,15.0,180.0
-129.35952290669212,35.866689417709885,33.04227867938445,29.00674819946289,15.0,180.0
-129.18986358020172,35.627231342537684,32.90222612698424,29.10685729980469,15.0,180.0
-129.0466542153315,35.28282972849988,32.77194328927269,29.20672798156738,15.0,180.0
-128.78581295063114,35.06180945455006,32.404858019652686,29.30629348754883,15.0,180.0
-128.4958141843965,35.0725168884752,31.83607501169347,29.4063549041748,15.0,180.0
-128.03553376083525,35.171648923163524,31.30952491717132,29.4063549041748,15.0,180.0
-127.20590302476047,35.1840680314582,30.869680233257927,29.50687408447266,15.0,180.0
-126.23401481094903,35.149963596809215,30.64613907532244,29.60691833496094,15.0,180.0
-125.33258528685988,35.11501035002224,30.561130298582004,29.70681381225586,15.0,180.0
-124.65774427176746,34.92107992689157,30.29620801248672,29.80668640136719,15.0,180.0
-124.31713957531632,34.47548819185213,29.92219435283997,29.90663528442383,15.0,180.0
-124.1363414186454,33.96572902488566,29.67714866563574,30.00667762756348,15.0,180.0
-123.88570438329484,33.5830027307033,29.55749131803428,30.10673522949219,15.0,180.0
-123.51184713938412,33.33778706032968,29.495887823116487,30.10673522949219,15.0,180.0
-123.14245528970255,33.213675258924305,29.5072407079857,30.20647239685059,15.0,180.0
-122.91581877884632,33.186092629022205,29.79204650160416,30.3065071105957,15.0,180.0
-122.89292201215667,33.21981859896761,30.27280469588881,30.40688514709473,15.0,180.0
-123.00248063468466,33.214508155633524,30.71352085839367,30.50682830810547,15.0,180.0
-123.17634966485824,33.11679880525053,30.976009569596247,30.60672569274902,15.0,180.0
-123.2815395658915,32.97604240053575,30.827715522582693,30.70669174194336,15.0,180.0
-123.05587919940048,32.90853978945126,30.427535453199127,30.80652809143066,15.0,180.0
-122.68252037789324,32.895373908128605,30.112668201426462,30.80652809143066,15.0,180.0
-122.50284296124708,32.85180032069112,29.89788086078511,30.90650177001953,15.0,180.0
-122.29715586017254,32.91407955570239,29.680706466137487,31.00647354125977,15.0,180.0
-121.90422680765816,33.11709763687648,29.3329661944608,31.10649108886719,15.0,180.0
-121.53095846406586,33.31640032819667,28.84062608480593,31.20676422119141,15.0,180.0
-121.2843507215836,33.39770663791779,28.404236319253883,31.30668449401855,15.0,180.0
-121.04987943792344,33.346868801227096,28.128127159886656,31.40658187866211,15.0,180.0
-120.7549551691074,33.13640596384822,28.107319807799364,31.40658187866211,15.0,180.0
-120.52457061799204,32.66162061750686,28.258862822371803,31.50662803649902,15.0,180.0
-120.164261894983,32.07634618595157,28.440785672629914,31.60650634765625,15.0,180.0
-119.52754632982644,31.686233622173763,28.794273275603405,31.70658683776855,15.0,180.0
-118.8169004464066,31.50085636828311,29.044922134861668,31.8066349029541,15.0,180.0
-118.064348878399,31.519867799765308,28.857024665614293,31.90649604797363,15.0,180.0
-117.36895859054296,31.69222460423442,28.56362560932305,32.00671005249023,15.0,180.0
-116.88645752162262,31.82955644576532,28.51258781721678,32.10667419433594,15.0,180.0
-116.5393745434952,32.01495982815284,28.54147009364996,32.10667419433594,15.0,180.0
-116.31479074199572,32.234516125910176,28.495882659490626,32.2066764831543,15.0,180.0
-116.1917388358978,32.23329205887142,28.31577371019099,32.30667877197266,15.0,180.0
-116.02704929959074,31.88686545330663,27.902056303550754,32.40655517578125,15.0,180.0
-115.91777493020344,31.3823024215324,27.46310710260014,32.50645065307617,15.0,180.0
-115.84430165222214,31.063867762808563,27.05197002939568,32.60660171508789,15.0,180.0
-115.67855621031204,30.948281771404005,26.5207778570196,32.70664596557617,15.0,180.0
-115.48684036477276,30.79770429461872,25.938723022780646,32.70664596557617,15.0,180.0
-115.23095352403604,30.574467579592003,25.39532612374615,32.80668640136719,15.0,180.0
-114.91712231591902,30.396536407566536,25.0094627771712,32.90659713745117,15.0,180.0
-114.51514507428011,30.24384012588049,24.91588687986629,33.00658798217773,15.0,180.0
-113.90441942031184,30.10903032852466,25.07510988577759,33.10657501220703,15.0,180.0
-113.27938415112244,29.96618363872532,25.19302832587568,33.20672607421875,15.0,180.0
-112.89411883244524,29.79874407506669,25.12414890310312,33.30667495727539,15.0,180.0
-112.64999034027974,29.832118554804765,24.984235667998654,33.40667343139648,15.0,180.0
-112.33015769493842,29.9962069934518,24.9328108221908,33.40667343139648,15.0,180.0
-111.85271378544576,30.040558980397385,25.13831285677677,33.50664901733398,15.0,180.0
-111.34390986926029,30.069318446578723,25.46405442971113,33.60660552978516,15.0,180.0
-110.875879514261,30.22579115964604,25.73453889613001,33.70675277709961,15.0,180.0
-110.33131622950832,30.452259068968395,25.89600922205382,33.80655288696289,15.0,180.0
-109.74813513269584,30.636941766609027,25.96010023729833,33.90656280517578,15.0,180.0
-109.23162735552202,30.69439403595534,26.0814024989686,34.00663375854492,15.0,180.0
-108.8122956712568,30.618002603927494,26.343878090042725,34.1065673828125,15.0,180.0
-108.5100429152211,30.377464992169056,26.616545376538216,34.1065673828125,15.0,180.0
-108.27506639693316,29.96666116475996,26.59119869532677,34.20670700073242,15.0,180.0
-108.1152467559142,29.586374207625525,26.28606573275962,34.30669021606445,15.0,180.0
-107.95434664833134,29.3080461564248,26.04764550016215,34.40659332275391,15.0,180.0
-107.59376718977036,29.10135273195455,26.10183937783229,34.50663757324219,15.0,180.0
-107.08975423085263,29.04503970802312,26.373021113218737,34.60653305053711,15.0,180.0
-106.50443420838958,28.99874404540564,26.55280183468076,34.70656967163086,15.0,180.0
-105.8407807210637,28.823105422278235,26.55274181086798,34.70656967163086,15.0,180.0
-105.16513966798516,28.65090601602638,26.54635982631569,34.80666351318359,15.0,180.0
-104.52225047142026,28.39118803532628,26.60467616570554,34.90667724609375,15.0,180.0
-103.9906846455854,28.0052741507791,26.57605600418616,35.00666046142578,15.0,180.0
-103.66021234598328,27.838986737646223,26.42740948076279,35.10655212402344,15.0,180.0
-103.37603322182382,27.934353126332468,26.34270941715868,35.20643997192383,15.0,180.0
-102.92687595774058,28.054214283445123,26.33412488834072,35.30655670166016,15.0,180.0
-102.57370820778549,28.25925143536212,26.141394007565648,35.40663528442383,15.0,180.0
-102.3528856278268,28.64928360456221,25.6893885892989,35.40663528442383,15.0,180.0
-101.95759269809795,29.07795525412721,25.15692944769912,35.50658416748047,15.0,180.0
-101.59303770801982,29.47409774983144,24.689254839008115,35.60653686523438,15.0,180.0
-101.548985927983,29.865109326585213,24.489056258343027,35.70658111572266,15.0,180.0
-101.64840840557588,30.08434021255693,24.45496314140379,35.80660629272461,15.0,180.0
-101.5861214755402,29.95799716418817,24.273175615937387,35.90650939941406,15.0,180.0
-101.32580189568164,29.582996603339826,23.89509429919972,36.00649642944336,15.0,180.0
-101.03521167260868,29.15339938648781,23.481492731854843,36.00649642944336,15.0,180.0
-100.72625334817042,28.84756823713636,23.24048388925173,36.10651016235352,15.0,180.0
-100.28672654075822,28.866523725779984,23.117478684498085,36.20664596557617,15.0,180.0
-99.68290843262554,29.138465734438466,22.942463036005734,36.30667495727539,15.0,180.0
-98.98670976515228,29.3115335645217,22.718417588417694,36.40663909912109,15.0,180.0
-98.28107174204628,29.28871040949632,22.392446150158907,36.50677871704102,15.0,180.0
-97.50536262555488,29.207855296886592,21.850442019975823,36.60677337646484,15.0,180.0
-96.61223104697171,29.099113938235845,21.33846298465079,36.70626831054688,15.0,180.0
-95.6850567298039,29.06111075625134,21.30929741670429,36.70626831054688,15.0,180.0
-94.84450392882977,29.16903930753673,21.678750067857973,36.80646133422852,15.0,180.0
-94.19957614001892,29.064641756161148,21.96993377751177,36.90671920776367,15.0,180.0
-93.80768041764676,28.561766343910463,21.978163021212445,37.00688171386719,15.0,180.0
-93.60911811190428,28.05538503167959,21.826705312009448,37.10673141479492,15.0,180.0
-93.4414361779117,27.756771291425803,21.82642930689809,37.20661544799805,15.0,180.0
-93.22675503281056,27.59257861661299,22.07427020951709,37.30657577514648,15.0,180.0
-92.87224683194668,27.564120233392963,22.259295542789,37.40670776367188,15.0,180.0
-92.39573226481036,27.686388984833908,22.217014724499645,37.40670776367188,15.0,180.0
-91.93511664688975,27.836787687306707,22.0146470821698,37.50661468505859,15.0,180.0
-91.4949280576698,27.74276714489061,21.77965484108933,37.60639953613281,15.0,180.0
-91.1861316277061,27.453429938188755,21.763522837452523,37.70637893676758,15.0,180.0
-91.00814654245592,27.283369078671043,21.908772465850948,37.80673980712891,15.0,180.0
-90.8386021256532,27.263820264257607,21.97048375526625,37.90683364868164,15.0,180.0
-90.66035635570584,27.176367827931845,21.89901625945335,38.00674819946289,15.0,180.0
-90.36115154214276,26.90778191521893,21.631295016549497,38.00674819946289,15.0,180.0
-89.91072542808377,26.540455388319792,21.211768336556368,38.10671615600586,15.0,180.0
-89.49271674108122,26.106076159579267,20.92420763158792,38.20663833618164,15.0,180.0
-89.26090751829244,25.599007930326835,20.861976992203594,38.30659103393555,15.0,180.0
-89.11027935740206,25.128503409016364,20.886520381611067,38.40660858154297,15.0,180.0
-88.83193728279271,24.878793672766328,21.07173481709769,38.50668334960938,15.0,180.0
-88.32631095615403,24.78136043567389,21.27854094878477,38.60657119750977,15.0,180.0
-87.70515440082293,24.71173572882463,21.064468377644705,38.70655822753906,15.0,180.0
-87.2111458635476,24.90473935816901,20.37748319521893,38.70655822753906,15.0,180.0
-86.86549729065062,25.34666011335477,19.601668401002087,38.806640625,15.0,180.0
-86.62287477508309,25.67201887167516,19.16307193019658,38.90671920776367,15.0,180.0
-86.34645659022418,25.79895412048748,19.114322619973617,39.00664901733398,15.0,180.0
-85.78395155128368,25.808927736264504,19.165400665732253,39.10643005371094,15.0,180.0
-85.03106017792287,25.73085963032268,19.03634739473598,39.20640563964844,15.0,180.0
-84.23556181959864,25.58478557109554,18.785525944777376,39.30657577514648,15.0,180.0
-83.4492491505438,25.30239405542844,18.509943404938458,39.30657577514648,15.0,180.0
-82.85723027239207,24.8729196670091,18.125860327322748,39.40656280517578,15.0,180.0
-82.5012166424614,24.443911920903965,17.79322776116456,39.50645065307617,15.0,180.0
-82.29391458295697,24.142590213747795,17.702643684603874,39.60662841796875,15.0,180.0
-82.09170664123167,23.96644681267376,17.763545381387456,39.7066535949707,15.0,180.0
-81.88387871569013,23.95614636363063,17.773322681176733,39.8066291809082,15.0,180.0
-81.79153976225581,24.03665944456491,17.575132977426016,39.90664672851562,15.0,180.0
-81.60111856554123,24.00969705732213,17.04208617012005,40.00654602050781,15.0,180.0
-81.21135828263158,24.02261695181613,16.29362204689142,40.00654602050781,15.0,180.0
-80.9184838138027,24.206421412055484,15.68209042727196,40.10675811767578,15.0,180.0
-80.66179337098592,24.424145567490367,15.395399425134316,40.20670318603516,15.0,180.0
-80.18050462005809,24.68483466792832,15.297718104598662,40.3065299987793,15.0,180.0
-79.55784307617024,24.910191224706963,15.246806636069218,40.4066047668457,15.0,180.0
-78.9951693092612,24.916494472648807,15.410700170420192,40.50656890869141,15.0,180.0
-78.67950163965794,24.813677625112064,15.74991746191734,40.60679244995117,15.0,180.0
-78.60885091641236,24.62936655966354,16.01347977785944,40.60679244995117,15.0,180.0
-78.57164916514392,24.27092375290188,16.29926582200444,40.70668411254883,15.0,180.0
-78.40042296619819,23.964266207366407,16.732854712081075,40.80649948120117,15.0,180.0
-78.06694618393176,23.85904304227398,17.072771373990204,40.90647888183594,15.0,180.0
-77.61828128309345,23.850202123850824,17.22087258643432,41.00647354125977,15.0,180.0
-77.07967061427806,24.02574158754036,17.365232166921473,41.10671234130859,15.0,180.0
-76.45708181295959,24.329278444430265,17.464370121472268,41.20644760131836,15.0,180.0
-75.7683659638738,24.432138068547243,17.44677860155936,41.30606079101562,15.0,180.0
-75.08579947068417,24.30115289168124,17.432883619249765,41.30606079101562,15.0,180.0
-74.47207413948696,24.205503390568232,17.416161629554423,41.40628433227539,15.0,180.0
-73.79309565783834,24.30588718717469,17.186091020358457,41.50695037841797,15.0,180.0
-72.94891279616613,24.40590168492275,16.68887799227869,41.60709381103516,15.0,180.0
-72.14883112340871,24.339657167496245,16.022032377419514,41.70672607421875,15.0,180.0
-71.54547201267843,24.260612339075653,15.215027907194877,41.80632400512695,15.0,180.0
-71.0973808176413,24.16814758228861,14.46144649041072,41.90642929077148,15.0,180.0
-70.77874100434786,24.060283937795774,13.985716602765333,42.00699615478516,15.0,180.0
-70.61751279945423,24.17793388228606,13.734717032070064,42.00699615478516,15.0,180.0
-70.62695460596252,24.438438611678578,13.550665589927684,42.10637283325195,15.0,180.0
-70.705105648907,24.569829208826533,13.435308681887442,42.20575332641602,15.0,180.0
-70.75691544794454,24.4602637657914,13.346388867118312,42.30631637573242,15.0,180.0
-70.82725549379651,24.15693532173624,13.244311050287855,42.40694808959961,15.0,180.0
-70.73876835225776,23.819903403864085,13.26639498643857,42.5073127746582,15.0,180.0
-70.28787801423684,23.48359780395901,13.4860860660883,42.60658645629883,15.0,180.0
-69.68260686519159,23.29455522634563,13.894897523232974,42.60658645629883,15.0,180.0
-69.06446548136753,23.353042947150826,14.248773187731508,42.70593643188477,15.0,180.0
-68.48198013270971,23.295381178431043,14.425431836223948,42.80640029907227,15.0,180.0
-68.05855290093372,23.010993555477143,14.641209164217775,42.90696334838867,15.0,180.0
-67.82156721739877,22.81459502874495,14.963600257475443,43.00690078735352,15.0,180.0
-67.63385114491624,22.663091542214712,15.190747466321586,43.10583877563477,15.0,180.0
-67.32244186258806,22.242903603443693,15.136649101731807,43.20641326904297,15.0,180.0
-67.08893322059134,21.51891633697557,14.867039828268252,43.3068733215332,15.0,180.0
-67.15294243697818,20.83279311244647,14.55323752372313,43.3068733215332,15.0,180.0
-67.19368555757046,20.468897241991584,14.20931869772417,43.40727996826172,15.0,180.0
-66.8982010005514,20.29591931223369,13.66807438803144,43.50675201416016,15.0,180.0
-66.44924929224038,20.14068314334165,13.073421372677617,43.60615158081055,15.0,180.0
-66.09558271760113,20.02531952989152,12.767596135201384,43.70675659179688,15.0,180.0
-65.77979636337993,20.026901806258586,12.61268401779411,43.80690383911133,15.0,180.0
-65.3056921418336,20.071323469143177,12.28227569934887,43.90683364868164,15.0,180.0
-64.82776690857757,19.97675287396264,11.86514342841205,43.90683364868164,15.0,180.0
-64.64271166408938,19.852901023262845,11.594093057877751,44.00642395019531,15.0,180.0
-64.50634814765013,19.9287464555696,11.589339574577766,44.10657501220703,15.0,180.0
-64.15902060989663,20.208948629243352,11.972483208380524,44.20682525634766,15.0,180.0
-63.65590376240596,20.5252448806673,12.522280839269827,44.30686950683594,15.0,180.0
-63.09755975994223,20.67226520719778,12.652337089113756,44.40668869018555,15.0,180.0
-62.76230355476682,20.59053250850289,12.29412783850951,44.50671005249023,15.0,180.0
-62.69629317036912,20.4113923860812,11.941017784213606,44.60666275024414,15.0,180.0
-62.6876277933998,20.32766124705904,11.654001933440044,44.60666275024414,15.0,180.0
-62.64221273956911,20.399174770598943,11.37341893508482,44.70660400390625,15.0,180.0
-62.51315894482678,20.49770882002647,11.32035243261762,44.80659866333008,15.0,180.0
-62.336796685567215,20.54868581233924,11.484188832738052,44.90658187866211,15.0,180.0
-61.981703205604994,20.52365474318689,11.774328546602106,45.00650405883789,15.0,180.0
-61.25767603968399,20.335568055665696,12.011050436577504,45.10675048828125,15.0,180.0
-60.398186631520296,20.16612346385176,11.932853328848672,45.20676040649414,15.0,180.0
-59.714700549939,20.239634992484888,11.552041359917377,45.30674362182617,15.0,180.0
-59.17483240185291,20.356750880812072,11.181428243757608,45.30674362182617,15.0,180.0
-58.63843804577965,20.36325274601473,11.134853152428365,45.40666580200195,15.0,180.0
-57.87658609067186,20.46043884380203,11.325945703075709,45.50660705566406,15.0,180.0
-56.84385142932953,20.70596486979595,11.514052635464164,45.60665130615234,15.0,180.0
-55.9283707701206,20.917803292660203,11.509143908930431,45.70664596557617,15.0,180.0
-55.17105319432525,21.032749622643912,11.356359764752913,45.80657958984375,15.0,180.0
-54.36137427430528,21.100049201372705,11.315098821863405,45.90663528442383,15.0,180.0
-53.61963494250196,21.06228333113481,11.401366408210462,45.90663528442383,15.0,180.0
-53.07297294797045,20.912546372617456,11.567633462149368,46.00661087036133,15.0,180.0
-52.76632855023979,20.856716298981592,11.774434687949242,46.10668182373047,15.0,180.0
-52.82994302775564,20.89624076135002,11.909998354147838,46.20669174194336,15.0,180.0
-53.09525975559317,20.869024792108146,11.931757297245396,46.30655670166016,15.0,180.0
-53.261265689706114,20.748834429075973,11.887520246347446,46.40654754638672,15.0,180.0
-53.3122978592104,20.530611728003915,11.665656829238284,46.50655364990234,15.0,180.0
-53.11923222677761,20.24015020993461,11.162086466596929,46.60664367675781,15.0,180.0
-52.7116556104257,19.97743749521337,10.62627359747393,46.60664367675781,15.0,180.0
-52.35214709173981,19.784141512115315,10.228037970392949,46.70658493041992,15.0,180.0
-52.01274182063747,19.617255816464453,9.947360505250764,46.80653381347656,15.0,180.0
-51.64711788952253,19.47717371193676,9.82700052203693,46.90651702880859,15.0,180.0
-51.32852160870105,19.35680080478144,9.874953109931756,47.00658416748047,15.0,180.0
-51.04325929859408,19.16954167946125,9.937937469060971,47.10672378540039,15.0,180.0
-50.780985446001125,18.923905899601834,9.864186005436414,47.20669174194336,15.0,180.0
-50.49291788106879,18.73455153737647,9.742776723547824,47.20669174194336,15.0,180.0
-50.00543551288568,18.54865464114323,9.78529746445154,47.30661773681641,15.0,180.0
-49.44054496299214,18.405403996563145,10.01615471900774,47.40662002563477,15.0,180.0
-48.93280564824283,18.501065307835937,10.198643900239926,47.50651168823242,15.0,180.0
-48.35770606006863,18.699500014399725,10.16757145537273,47.60665130615234,15.0,180.0
-47.83856579900704,18.76288818273107,9.99084271705576,47.7066535949707,15.0,180.0
-47.4228513558307,18.68423816184889,9.721673342153686,47.80647659301758,15.0,180.0
-47.06659161723753,18.59501270886906,9.353028153881043,47.90663909912109,15.0,180.0
-46.79291105883355,18.584861759288163,9.07154755562476,47.90663909912109,15.0,180.0
-46.48046755391781,18.6495496288326,8.945340859011338,48.00665664672852,15.0,180.0
-46.0752964830574,18.894236499347667,8.828999792227995,48.10681533813477,15.0,180.0
-45.5955547784938,19.187592093770075,8.807280759977527,48.20674896240234,15.0,180.0
-45.072239286444166,19.25040735940089,8.821697598580382,48.30654525756836,15.0,180.0
-44.67453757274851,19.23856640215009,8.664624192361266,48.40662384033203,15.0,180.0
-44.46206674196523,19.30042056208563,8.314848736863429,48.5066032409668,15.0,180.0
-44.20754723908283,19.255628100003097,7.9863620553220915,48.5066032409668,15.0,180.0
-43.862786016576536,18.994572214409867,7.793445198983875,48.60667037963867,15.0,180.0
-43.604744251122064,18.671016545105235,7.482093633875045,48.70663452148438,15.0,180.0
-43.50707652743634,18.37130523720617,7.040994341885375,48.80657196044922,15.0,180.0
-43.56792864264544,17.980473433089937,6.5476037258679884,48.90669250488281,15.0,180.0
-43.60789637255096,17.455847008801342,5.997712943335628,49.0067024230957,15.0,180.0
-43.35378971704365,16.97552111204222,5.559659367562334,49.10659408569336,15.0,180.0
-42.92035753135013,16.569272017617333,5.41305583335874,49.20657348632812,15.0,180.0
-42.61814958341486,16.16230142464535,5.588656803442824,49.20657348632812,15.0,180.0
-42.45518829595568,15.91399894655055,5.869605206693928,49.30661392211914,15.0,180.0
-42.34148633946102,15.775669779919625,5.922347283073658,49.40662002563477,15.0,180.0
-42.23275433637382,15.679147834396511,5.644952574213342,49.50659942626953,15.0,180.0
-42.00370986803851,15.672518322490632,5.284153727356671,49.6065788269043,15.0,180.0
-41.64933879812772,15.741628678965515,5.001881271776779,49.70669937133789,15.0,180.0
-41.32513145255293,15.941072083470708,4.789737508348624,49.8067741394043,15.0,180.0
-41.006271386505446,16.043202265356868,4.646394819243652,49.90663528442383,15.0,180.0
-40.47494769815009,15.729073000455324,4.628388998857372,49.90663528442383,15.0,180.0
-39.77710755490119,15.289628389483784,4.804892869951406,50.00652313232422,15.0,180.0
-39.145605927687775,15.074470507557129,5.035519098118798,50.10667419433594,15.0,180.0
-38.59589742118716,14.86505836539746,5.185336498745327,50.20660018920898,15.0,180.0
-38.00907821606681,14.616578809253236,5.2895093492128185,50.30654144287109,15.0,180.0
-37.42545954629521,14.585838467684503,5.276743799844792,50.40656661987305,15.0,180.0
-37.02826172942174,14.715476594098575,5.0384897281427445,50.50627517700195,15.0,180.0
-36.79541368635738,14.73003545762237,4.723558083641372,50.50627517700195,15.0,180.0
-36.52788381637277,14.535972853822749,4.523953982751401,50.60660934448242,15.0,180.0
-36.094432078922,14.314084165869204,4.337747395239866,50.70670318603516,15.0,180.0
-35.60171433941493,14.181242698993843,4.064358066360676,50.80658721923828,15.0,180.0
-35.24207014102901,13.967919658722511,3.976367257723328,50.90659332275391,15.0,180.0
-34.997168874671154,13.875874616128232,4.237731793806183,51.00651168823242,15.0,180.0
-34.88061182385312,14.25150311229713,4.512899325629479,51.10671615600586,15.0,180.0
-34.796707688810024,14.80083805139514,4.595026103702654,51.20674514770508,15.0,180.0
-34.60212169164423,15.267795080075713,4.5379014801408095,51.20674514770508,15.0,180.0
-34.478468899674304,15.45163853303658,4.381272376080584,51.30657196044922,15.0,180.0
-34.461726632419754,15.13326684726567,4.409486863981343,51.40647506713867,15.0,180.0
-34.30326621835962,14.623503681073675,4.721821824151531,51.50667190551758,15.0,180.0
-33.93368339720939,14.285168102780418,5.013321257599883,51.60667419433594,15.0,180.0
-33.5882106361145,14.040016870578254,5.206099195939794,51.70675659179688,15.0,180.0
-33.34153603363745,13.696974109190302,5.339631787943501,51.80673599243164,15.0,180.0
-33.12551993037278,13.360652468966176,5.371029201461652,51.80673599243164,15.0,180.0
-32.91584733738361,13.18726598658018,5.399882996598152,51.90653991699219,15.0,180.0
-32.63790735260973,13.186487830856432,5.576454033125183,52.00661849975586,15.0,180.0
-32.393534775941845,13.324280022287269,5.836724551668675,52.10670852661133,15.0,180.0
-32.12497398906379,13.580573825529038,5.845015821297872,52.20657730102539,15.0,180.0
-31.70327051218732,13.865762671596045,5.469411731192631,52.30667877197266,15.0,180.0
-31.22847003441059,14.12370643241102,4.946702180990475,52.40671157836914,15.0,180.0
-30.71122642809436,14.30569966085942,4.44791531591842,52.50663757324219,15.0,180.0
-30.178276790367534,14.314633218186897,4.095563097717696,52.50663757324219,15.0,180.0
-29.685323009918072,14.29057977945623,3.899604073566599,52.60670852661133,15.0,180.0
-29.376122045325545,14.339725890592408,3.7329840518666737,52.70652770996094,15.0,180.0
-29.38239554931309,14.331185166965286,3.649851228775361,52.80654144287109,15.0,180.0
-29.52900272453244,14.13843622367991,3.6618440484029424,52.90653610229492,15.0,180.0
-29.48943248525724,13.779346468560918,3.713801200857242,53.00652694702148,15.0,180.0
-29.22395612800885,13.377232075049042,3.805517353086234,53.10660934448242,15.0,180.0
-28.89668426442208,12.979769371704712,3.991722431152751,53.20663070678711,15.0,180.0
-28.43122413364044,12.686027485733195,4.234818791949542,53.20663070678711,15.0,180.0
-27.67612900024633,12.758312264260264,4.299235766233602,53.30656051635742,15.0,180.0
-26.685004751205422,12.996748206921406,4.236947542897429,53.40662002563477,15.0,180.0
-25.775388882516328,12.882091084546609,4.1380781838518645,53.50656890869141,15.0,180.0
-25.18136206350345,12.338204783616618,3.9617441912849776,53.60659790039062,15.0,180.0
-24.81996955184513,11.663271657427511,3.862958538361222,53.7066535949707,15.0,180.0
-24.54003877978451,11.091329816477431,3.9281619767094087,53.80655288696289,15.0,180.0
-24.31064470727644,10.683461700227667,3.980230637337524,53.80655288696289,15.0,180.0
-24.156879024850767,10.578403704819586,3.9425695150412574,53.90665817260742,15.0,180.0
-24.111453159354447,10.731529032872524,3.805925507595101,54.00664901733398,15.0,180.0
-23.99391729201064,10.788122674873986,3.449209387779845,54.10651397705078,15.0,180.0
-23.545246345399185,10.65873981743884,2.9837759585939896,54.20660400390625,15.0,180.0
-22.9619201053469,10.520372187020158,2.5100167551011934,54.30660629272461,15.0,180.0
-22.55924513980959,10.467619401138084,2.025628742566244,54.4066162109375,15.0,180.0
-22.283691654963928,10.481486136937804,1.7309450886288005,54.50666046142578,15.0,180.0
-21.911204562450926,10.305241621345672,1.6162549238595316,54.50666046142578,15.0,180.0
-21.49314093965869,9.91761848811771,1.4608242315315287,54.60662460327148,15.0,180.0
-21.20866722171315,9.62233721345971,1.3963005795188392,54.70662689208984,15.0,180.0
-20.985593622787363,9.46760578861773,1.48710695910915,54.80666351318359,15.0,180.0
-20.6662473256128,9.250980795541883,1.5586928131419686,54.90667343139648,15.0,180.0
-20.185096924682448,8.814702587958013,1.5364234180410117,55.006591796875,15.0,180.0
-19.70474072760749,8.3455361280014,1.438054153925977,55.10663986206055,15.0,180.0
-19.499891722350966,8.026927889005416,1.3755208548368714,55.10663986206055,15.0,180.0
-19.60821720617237,7.843609588375338,1.337054605638956,55.20658111572266,15.0,180.0
-19.8850641248372,7.793952720838022,1.236922198042473,55.30670547485352,15.0,180.0
-20.121283690253144,7.84906267961064,1.2378077738687674,55.40676498413086,15.0,180.0
-20.21566517287687,8.074636720223747,1.4616540542050025,55.50656509399414,15.0,180.0
-20.205472083979743,8.47207523384824,1.5690775607996574,55.60658264160156,15.0,180.0
-19.954451272452125,8.841119602795372,1.5145179557270714,55.70658493041992,15.0,180.0
-19.46502772244301,9.0295731120268,1.7198889976328475,55.80659866333008,15.0,180.0
-18.919290854523595,8.991798625837896,1.9712609888280443,55.80659866333008,15.0,180.0
-18.463090568356925,8.896156489927671,1.8301700941376595,55.9067268371582,15.0,180.0
-18.261485715071945,8.844057170508492,1.5060948778088203,56.00664901733398,15.0,180.0
-18.19963943884644,8.620458448830918,1.2664531321493184,56.10671234130859,15.0,180.0
-18.044392074156963,8.268029492694435,1.1325402950233938,56.20670700073242,15.0,180.0
-17.75686992204167,8.002330907156145,1.238166835080115,56.30658721923828,15.0,180.0
-17.458009214476405,7.77265997349763,1.6139787628274256,56.40662384033203,15.0,180.0
-17.135187785707572,7.615974542032921,2.063229896205746,56.40662384033203,15.0,180.0
-16.702064980852104,7.546033616834871,2.37111523344653,56.50661849975586,15.0,180.0
-16.193584255145566,7.2848708960694815,2.3595019277452085,56.60649108886719,15.0,180.0
-15.51486103948519,6.822974894200604,2.0472123869216885,56.70655822753906,15.0,180.0
-14.6353238704435,6.441247143606905,1.5500679215448576,56.80669021606445,15.0,180.0
-13.830082222813417,6.344641332935144,0.9397861029489888,56.90663528442383,15.0,180.0
-13.218766498017636,6.558058180082657,0.4294574642106594,57.00657653808594,15.0,180.0
-12.584067876018617,6.656396062658189,0.1658602517817549,57.10647201538086,15.0,180.0
-11.787799825911597,6.29970940797949,-0.0103749490230882,57.10647201538086,15.0,180.0
-10.960672961439728,5.77950008785116,-0.2498085409314248,57.20645904541016,15.0,180.0
-10.260839576676451,5.3784188156396215,-0.6584463195353312,57.30658721923828,15.0,180.0
-9.810903895394294,5.174686615269847,-1.0283290894426766,57.40664672851562,15.0,180.0
-9.728109414241466,5.17220740584514,-0.918417511742928,57.50665283203125,15.0,180.0
-9.947730698101122,5.313693487321789,-0.5013453397025467,57.60664749145508,15.0,180.0
-10.252195883977414,5.62257772116914,-0.1479460437469955,57.70639801025391,15.0,180.0
-10.312806933993752,6.03731673995922,0.1210166692153116,57.80643844604492,15.0,180.0
-10.122579032394569,6.328794491014245,0.3781193501874105,57.80643844604492,15.0,180.0
-10.0260925514034,6.377689622839071,0.5928883339621001,57.90671920776367,15.0,180.0
-10.061629303594811,6.4119867869230935,0.7305811867347298,58.00660705566406,15.0,180.0
-10.117814109567757,6.482498391956381,0.7486834358123708,58.10672378540039,15.0,180.0
-10.227947268978973,6.333031272583783,0.5162309147568553,58.20673751831055,15.0,180.0
-10.288170328476475,6.097719183526591,0.1061670044999161,58.30661773681641,15.0,180.0
-10.046993598808385,6.016624265719799,-0.3500835786158678,58.40669250488281,15.0,180.0
-9.375314895169732,5.9659501965573645,-0.7257533284546103,58.40669250488281,15.0,180.0
-8.46984208955281,5.919181799742606,-0.9368765147451604,58.50656890869141,15.0,180.0
-7.666673165728977,5.959689572792134,-1.1375310779897148,58.60652160644531,15.0,180.0
-7.065223000939628,6.126169405783168,-1.3279576906209178,58.70648193359375,15.0,180.0
-6.581536035593068,6.411451714741791,-1.405511120005959,58.8066291809082,15.0,180.0
-6.123158583345855,6.614089738760365,-1.3580186429355785,58.90675354003906,15.0,180.0
-5.674031706380337,6.595599746736338,-1.2370890295502246,59.00677490234375,15.0,180.0
-5.300511118006106,6.4243712810971765,-1.1378528969792692,59.10655975341797,15.0,180.0
-5.124955558429061,6.173761849557399,-1.081237268060887,59.10655975341797,15.0,180.0
-5.177644291066574,5.781805170245182,-1.0160757502702649,59.20664215087891,15.0,180.0
-5.295429674641483,5.20283708479854,-0.8139492421789507,59.306640625,15.0,180.0
-5.237696913236853,4.632063318736753,-0.5363362515898586,59.40658569335938,15.0,180.0
-4.8810886211669136,4.268060899602215,-0.364421346771187,59.50662231445312,15.0,180.0
-4.37257945338747,4.05270229892438,-0.5664376311235455,59.6065673828125,15.0,180.0
-3.887114139305666,3.9708571740212686,-1.2191509060622925,59.7065544128418,15.0,180.0
-3.395704959282792,4.081969415798358,-1.8591101944583663,59.7065544128418,15.0,180.0
-2.937515510813256,4.2612299708916925,-2.1234324672555376,59.80662155151367,15.0,180.0
-2.7485813599744624,4.400885840570075,-2.0187744387921787,59.90656280517578,15.0,180.0
-2.8476370935078386,4.603083461981836,-1.7946858573331093,60.00658416748047,15.0,180.0
-2.8546677230247326,4.851502977504423,-1.5613554429691043,60.10668563842773,15.0,180.0
-2.675755732133002,5.022444374707616,-1.326185278035449,60.2065544128418,15.0,180.0
-2.554723578542053,5.037867490655849,-1.325563696248235,60.30660629272461,15.0,180.0
-2.47640813249588,4.854976515702816,-1.6922112827053093,60.40670776367188,15.0,180.0
-2.3077277584600004,4.708901378399627,-2.341245745877833,60.40670776367188,15.0,180.0
-1.9676009176250984,4.83848306018922,-2.936159237389555,60.50661849975586,15.0,180.0
-1.510439304138,5.128403309880892,-3.2113768038733284,60.60665130615234,15.0,180.0
-1.1010781882348653,5.336914205642284,-3.1746494294225505,60.70658111572266,15.0,180.0
-0.7462055011249369,5.4432298566217625,-2.955054089870285,60.80661010742188,15.0,180.0
-0.4580031763829346,5.528297991398441,-2.892399818501749,60.90676498413086,15.0,180.0
-0.3368590257200203,5.5767072664923365,-3.087684151633389,61.00671768188477,15.0,180.0
-0.2453701451395282,5.515874975394009,-3.2859592569986225,61.10651397705078,15.0,180.0
-0.0287529438647915,5.282572599169644,-3.461750246836935,61.10651397705078,15.0,180.0
0.1748305342520346,4.941321750182459,-3.663704956812124,61.20661544799805,15.0,180.0
0.368500020036155,4.512655187419895,-3.815790669381207,61.30656433105469,15.0,180.0
0.8395675507746532,3.949723728685742,-4.015190261544714,61.40653228759766,15.0,180.0
1.6384950432363254,3.4213107475796534,-4.312929339695296,61.50655364990234,15.0,180.0
2.441386438188939,3.076762032859501,-4.642630581913007,61.60647201538086,15.0,180.0
2.9960429607182064,2.87770731826073,-4.992065587814146,61.70654296875,15.0,180.0
3.4020956013769137,2.7597045700748524,-5.325531038337963,61.70654296875,15.0,180.0
3.7543757075616,2.585000378035173,-5.580248501446046,61.80666732788086,15.0,180.0
3.928397654549492,2.322162923735267,-5.55817986013026,61.90659713745117,15.0,180.0
3.8733692585447344,2.1956940694938907,-5.033376153163766,62.00678253173828,15.0,180.0
3.7598515954998426,2.260507943094685,-4.340320013190957,62.10663223266602,15.0,180.0
3.711765339360092,2.0993589433934763,-4.1020901188875065,62.20651245117188,15.0,180.0
3.655919330983558,1.526851903217759,-4.401963781447392,62.30656433105469,15.0,180.0
3.6201933148300256,0.8712181702293673,-4.919132047730101,62.40657424926758,15.0,180.0
3.614124026672407,0.3708232806896916,-5.2528412218835125,62.40657424926758,15.0,180.0
3.568754253925277,0.0225038035319196,-5.213009617056596,62.50675201416016,15.0,180.0
3.5945007703026306,-0.23286743091501,-5.081160092108876,62.60681533813477,15.0,180.0
3.910804669834743,-0.4756015499937449,-5.205926374124387,62.70662307739258,15.0,180.0
4.430285010453748,-0.7745499428662863,-5.579862883178488,62.80655288696289,15.0,180.0
4.821225775204626,-1.0005235995794206,-5.915084652646076,62.90656280517578,15.0,180.0
5.146365841268167,-1.0067895556999504,-6.047119405620024,63.0066032409668,15.0,180.0
5.624774786876065,-0.8994671925614397,-6.223885961415662,63.0066032409668,15.0,180.0
6.307637860290097,-0.9463743768614804,-6.697812087438604,63.10661697387695,15.0,180.0
7.063046209181925,-1.155873728431021,-7.089234837651683,63.20638275146484,15.0,180.0
7.674735541870964,-1.2267886980725544,-7.010170427170592,63.30637741088867,15.0,180.0
8.21751089810167,-1.0578624499282756,-6.763635823991153,63.4067268371582,15.0,180.0
8.75922650320343,-0.9107000162003058,-6.635759540793311,63.50677871704102,15.0,180.0
9.194475341455732,-1.00835897449864,-6.56814313503351,63.60665512084961,15.0,180.0
9.559894150374408,-1.191165803915153,-6.559389865463412,63.70657730102539,15.0,180.0
9.874890668911,-1.2978470919872431,-6.664963870398017,63.70657730102539,15.0,180.0
10.092673357097745,-1.3224199543551325,-6.62082924147628,63.80636978149414,15.0,180.0
10.319612584069809,-1.2098801460412425,-6.173316243235415,63.90662384033203,15.0,180.0
10.64262858847376,-1.0645497747557535,-5.537350697505212,64.00667572021484,15.0,180.0
11.005545349646091,-1.038371386108491,-4.95978159612956,64.1064224243164,15.0,180.0
11.25180684596048,-1.1730766665602004,-4.566027002825904,64.20639038085938,15.0,180.0
11.223276883889646,-1.414579848784495,-4.500038459717465,64.3066635131836,15.0,180.0
11.004021987822036,-1.546411422373314,-4.735107701545233,64.3066635131836,15.0,180.0
10.832026587082876,-1.5549369128492474,-5.198491438320956,64.4067611694336,15.0,180.0
10.825266170360525,-1.740021751878594,-6.0441756075501125,64.50676727294922,15.0,180.0
10.955407900813784,-2.144327559256416,-7.031812937380161,64.60671997070312,15.0,180.0
11.238476861557723,-2.43538868389073,-7.655269012425046,64.70649719238281,15.0,180.0
11.604061314999026,-2.5952537595023664,-7.855493695974363,64.80663299560547,15.0,180.0
11.928954456289745,-2.939046382518254,-7.861785277035002,64.90657806396484,15.0,180.0
12.36085005901074,-3.505058179407273,-7.83295786982373,65.00625610351562,15.0,180.0
13.037857488054932,-3.946570093023468,-7.771500969816384,65.00625610351562,15.0,180.0
13.794318465357756,-3.94505008211481,-7.676611924622346,65.10639953613281,15.0,180.0
14.419109512907385,-3.677120205716893,-7.569578587992309,65.20663452148438,15.0,180.0
14.998482446754764,-3.5879158172881693,-7.572316600622156,65.30692291259766,15.0,180.0
15.616652093870917,-3.875771769274044,-7.690490492278778,65.4068603515625,15.0,180.0
16.132569341924576,-4.196473011178357,-7.839548430839399,65.50670623779297,15.0,180.0
16.598579188435856,-4.20911542805391,-7.938050791633194,65.60669708251953,15.0,180.0
17.12564910962118,-4.0917442376715885,-7.848531097049228,65.70661163330078,15.0,180.0
17.525336419256544,-4.019479236992137,-7.669197583720922,65.70661163330078,15.0,180.0
17.657462171347795,-3.886795400744535,-7.718372373691237,65.80656433105469,15.0,180.0
17.589128562473565,-3.6839287073784734,-8.031854154301788,65.90644073486328,15.0,180.0
17.499630783763838,-3.709785641337597,-8.442918606658182,66.00651550292969,15.0,180.0
17.566125495560087,-4.0622554094814,-8.794679016446041,66.1066665649414,15.0,180.0
17.69630223303551,-4.281405035807987,-8.949730240247664,66.20663452148438,15.0,180.0
17.692227659692318,-4.067009617110199,-9.005465674025793,66.30663299560547,15.0,180.0
17.647989737297383,-3.737180015099411,-8.972871322690503,66.30663299560547,15.0,180.0
17.806403546920635,-3.496532086031064,-8.828560693878405,66.40665435791016,15.0,180.0
18.04366754903376,-3.3040375452548245,-8.69066166550001,66.50669860839844,15.0,180.0
18.305039033528622,-3.296675011858187,-8.576092089364504,66.60659790039062,15.0,180.0
18.75209557543336,-3.4467521266615733,-8.580510730457547,66.70660400390625,15.0,180.0
19.25957057968158,-3.5489277957690777,-8.862499371245335,66.806640625,15.0,180.0
19.54531805463301,-3.6884074066255295,-9.201208919347708,66.90657806396484,15.0,180.0
19.579836052537505,-3.893044373339088,-9.330580278265035,67.00668334960938,15.0,180.0
19.69533152115448,-3.9833672322257367,-9.396324366761114,67.00668334960938,15.0,180.0
19.99790684257718,-4.084125097022758,-9.48680680218915,67.10663604736328,15.0,180.0
20.33751680619257,-4.310932843732043,-9.667421708356114,67.20665740966797,15.0,180.0
20.649328907105087,-4.506922397810904,-10.21635779533457,67.30664825439453,15.0,180.0
20.906444227555003,-4.573229646516924,-10.939669127785091,67.4065170288086,15.0,180.0
20.994959884084786,-4.550694395946204,-11.30450009473804,67.50662231445312,15.0,180.0
20.896006842844344,-4.542494958343758,-11.32750750697357,67.6065902709961,15.0,180.0
20.91811213003613,-4.50047258910946,-11.220050054006666,67.6065902709961,15.0,180.0
21.229222815687383,-4.413798608660283,-10.976619682438756,67.70653533935547,15.0,180.0
21.547707035060643,-4.440293094464078,-10.705312673555202,67.80659484863281,15.0,180.0
21.65378361237132,-4.514921352122734,-10.6132659038574,67.90657043457031,15.0,180.0
21.70347974607137,-4.434905068282756,-10.645589742156096,68.00669860839844,15.0,180.0
21.78601950199941,-4.3587322486443325,-10.454369763281024,68.1066665649414,15.0,180.0
21.86152260866276,-4.516575329157655,-10.127492354548176,68.2065200805664,15.0,180.0
21.981062594553592,-4.724228924359988,-10.095652401229463,68.30656433105469,15.0,180.0
22.08810812909037,-4.7210256582117065,-10.310020541130385,68.30656433105469,15.0,180.0
22.257273017383355,-4.449114874087357,-10.542882392630965,68.40664672851562,15.0,180.0
22.640727200301587,-4.0374438979305785,-10.8230214805331,68.50672149658203,15.0,180.0
22.95389828482353,-3.692535221195136,-11.133058656639044,68.60662078857422,15.0,180.0
23.098644365577474,-3.444304489292434,-11.407699621012526,68.7065658569336,15.0,180.0
23.49966250508572,-3.220375105309341,-11.60354168207743,68.80638122558594,15.0,180.0
24.200067651070444,-3.0221180026257985,-11.694697223393486,68.90632629394531,15.0,180.0
24.88611084223336,-2.741452212775347,-11.848428315076127,69.00666809082031,15.0,180.0
25.41574109882308,-2.455509564022706,-12.212840223835313,69.00666809082031,15.0,180.0
25.71261282864462,-2.403855969581467,-12.575325386582008,69.10681915283203,15.0,180.0
25.94172519288311,-2.5339326979213688,-12.697615285935608,69.20674896240234,15.0,180.0
26.25105295455776,-2.689279837731156,-12.82648984258415,69.30675506591797,15.0,180.0
26.491089848983595,-2.7567266659508944,-12.98021755407222,69.40662384033203,15.0,180.0
26.688673804086346,-2.7873907403237594,-12.823079681326409,69.5066909790039,15.0,180.0
27.00895133614965,-2.8694216864101936,-12.446352709128648,69.60675048828125,15.0,180.0
27.44609613587324,-2.994293653289988,-12.071949275790512,69.60675048828125,15.0,180.0
27.985688364642726,-3.178170748149902,-11.74376814097325,69.70658874511719,15.0,180.0
28.501406242742743,-3.4737223240706987,-11.535829348684535,69.80648803710938,15.0,180.0
28.732102963014924,-3.741168919114502,-11.534274468751814,69.90673828125,15.0,180.0
28.82585813888448,-3.725856533059023,-11.744198349749162,70.00675964355469,15.0,180.0
29.100273463688985,-3.5214794000308145,-11.988308560964043,70.10677337646484,15.0,180.0
29.48374281701062,-3.314706390116343,-12.271001843332847,70.20660400390625,15.0,180.0
29.793423886776548,-3.200295031116896,-12.75334381510541,70.30657958984375,15.0,180.0
29.91796359158692,-3.241573479963661,-13.158184025811313,70.30657958984375,15.0,180.0
29.71714732896956,-3.3342301692724154,-13.37879899246261,70.4065170288086,15.0,180.0
29.35915786314644,-3.236537369457841,-13.544521468675113,70.50670623779297,15.0,180.0
29.39355376392218,-2.8403542575043144,-13.728218641210852,70.6067123413086,15.0,180.0
29.999488378257503,-2.414858408658818,-14.00456671795668,70.70641326904297,15.0,180.0
30.78224147066788,-2.226270959055439,-14.10109075410843,70.80642700195312,15.0,180.0
31.476954212383006,-2.259137958416513,-13.9818156172267,70.90660858154297,15.0,180.0
32.07215730948529,-2.377739002710106,-13.869102022119892,70.90660858154297,15.0,180.0
32.47249516917785,-2.5874085938442803,-13.782260176655132,71.00670623779297,15.0,180.0
32.5247596727198,-2.9535905747147795,-13.717741945281173,71.10670471191406,15.0,180.0
32.32073616111842,-3.394543022020558,-13.597855952665814,71.2066650390625,15.0,180.0
32.244653857052846,-3.805506374368647,-13.517569404127736,71.30657196044922,15.0,180.0
32.43645250552552,-4.007398286364657,-13.575839020648775,71.40660858154297,15.0,180.0
32.836449353765765,-4.054689683816857,-13.58002637736062,71.50682067871094,15.0,180.0
33.42377135740416,-4.1899700834538764,-13.66306272618343,71.60648345947266,15.0,180.0
34.01054178410451,-4.4813625232243695,-13.914899379007364,71.60648345947266,15.0,180.0
34.54377673689599,-4.809021782496361,-14.13694210001713,71.70631408691406,15.0,180.0
34.96763185165276,-4.995645853522596,-14.433151758441188,71.80658721923828,15.0,180.0
35.197400297226885,-5.124716965410371,-14.762182740210603,71.9065170288086,15.0,180.0
35.39361700630657,-5.182243926001832,-15.060531697423151,72.00666809082031,15.0,180.0
35.575921530270385,-5.02479501477287,-15.33798846532964,72.10677337646484,15.0,180.0
35.7319853289048,-4.7418960659811,-15.373060258124156,72.2065658569336,15.0,180.0
35.879927521585586,-4.461349165444748,-15.098054780680942,72.2065658569336,15.0,180.0
36.016668366201955,-4.351934078399637,-14.694108832187434,72.3067398071289,15.0,180.0
36.178731254324646,-4.497831037216772,-14.53306239041038,72.40665435791016,15.0,180.0
36.35425661044496,-4.652473262007589,-14.680217763758908,72.50662994384766,15.0,180.0
36.532733149345496,-4.794254093017194,-14.799070027898992,72.60655975341797,15.0,180.0
36.64282536226999,-5.134533696377778,-14.88128306776421,72.70645904541016,15.0,180.0
36.61647843705221,-5.415785829061063,-15.118531119256014,72.80679321289062,15.0,180.0
36.61886722556679,-5.405087261117607,-15.412554552968778,72.90677642822266,15.0,180.0
36.90972368288256,-5.410458889539532,-15.619887640347663,72.90677642822266,15.0,180.0
37.34497705403575,-5.680428085065019,-15.76656442427322,73.00664520263672,15.0,180.0
37.67288217181788,-5.950373507429022,-15.847035197061905,73.10657501220703,15.0,180.0
37.91859841956523,-5.92511368978691,-15.84907043745227,73.20649719238281,15.0,180.0
38.10917362151825,-5.697301550610119,-15.82891835859991,73.30652618408203,15.0,180.0
38.17441702660645,-5.461389510287938,-15.68780447840872,73.40663146972656,15.0,180.0
38.11297394789114,-5.258230360331695,-15.391143963414793,73.50666046142578,15.0,180.0
38.104228868789264,-5.030123816341409,-15.194226497243372,73.60658264160156,15.0,180.0
38.27175776929961,-4.788150720099743,-15.209613901434247,73.60658264160156,15.0,180.0
38.64486163266575,-4.613290422181077,-15.265708797118869,73.70650482177734,15.0,180.0
39.09022293145489,-4.562732016716168,-15.271405359734008,73.80638122558594,15.0,180.0
39.35957517919863,-4.624713840306374,-15.385147758358755,73.90672302246094,15.0,180.0
39.57394059431054,-4.747893797830786,-15.725343824935733,74.00670623779297,15.0,180.0
39.78767429164691,-4.917655755605016,-16.204059540242227,74.10659790039062,15.0,180.0
39.76986562502098,-5.256490000045452,-16.62000650769404,74.20658111572266,15.0,180.0
39.61255111769414,-5.720596065134812,-16.918344436780487,74.20658111572266,15.0,180.0
39.61776971990766,-6.156578648935396,-17.083296984061015,74.30665588378906,15.0,180.0
40.01227031490244,-6.652655497371189,-17.034706594912628,74.40664672851562,15.0,180.0
40.654627391120655,-7.109579179150087,-16.92551473718203,74.50670623779297,15.0,180.0
41.11264931619039,-7.332483744316862,-16.877084298247077,74.6064453125,15.0,180.0
41.27166606623578,-7.530692399839825,-16.81319209739727,74.70660400390625,15.0,180.0
41.33315191084667,-7.839738301754418,-16.554197308031316,74.8066177368164,15.0,180.0
41.51929250788113,-7.988726251480229,-16.053563315156403,74.90650939941406,15.0,180.0
41.87130929626665,-7.996182665759239,-15.520483176807817,74.90650939941406,15.0,180.0
42.1619471052293,-8.151552771659333,-15.109947058184757,75.00666809082031,15.0,180.0
42.3410887784301,-8.321221028379579,-14.963834205813594,75.10671997070312,15.0,180.0
42.63255588286022,-8.352640706231856,-15.14882857330648,75.2065658569336,15.0,180.0
42.86406828379786,-8.496925414411415,-15.408507132916029,75.30660247802734,15.0,180.0
42.8267332698972,-8.802673252227866,-15.544900857533612,75.40657043457031,15.0,180.0
42.946591209026685,-9.222721401301436,-15.627704818766295,75.50666046142578,15.0,180.0
43.40070082093168,-9.802913590880474,-15.695742903623358,75.50666046142578,15.0,180.0
43.81924436638592,-10.269119997013096,-15.633564693224669,75.6068115234375,15.0,180.0
44.195482275153466,-10.508866970548638,-15.465367003215016,75.7066421508789,15.0,180.0
44.66099402011128,-10.631293764290945,-15.35743375931068,75.80653381347656,15.0,180.0
45.21375367819645,-10.611481959658931,-15.35480379704515,75.90666198730469,15.0,180.0
45.74593546077905,-10.593505689736183,-15.48766662346706,76.0067138671875,15.0,180.0
46.02540200455476,-10.680879761497811,-15.74894297113982,76.1066665649414,15.0,180.0
46.207031949128506,-10.72291802174122,-16.169961653119085,76.2066421508789,15.0,180.0
46.37471442866629,-10.62547279378575,-16.747227784665927,76.2066421508789,15.0,180.0
46.4555926759216,-10.50440845470944,-17.238361689493836,76.30656433105469,15.0,180.0
46.67360821747208,-10.55468851059495,-17.44322153638891,76.40657043457031,15.0,180.0
47.14429372876265,-10.774657115015652,-17.46382143217314,76.50666046142578,15.0,180.0
47.79475372849362,-10.996428378381673,-17.409054976011817,76.60661315917969,15.0,180.0
48.35376776474642,-11.082851732969331,-17.27835755763382,76.70661926269531,15.0,180.0
48.57143868668566,-11.09702017287405,-17.063503731346763,76.80662536621094,15.0,180.0
48.64724599276048,-11.227148712384622,-16.696850699291332,76.90653228759766,15.0,180.0
48.919133626228685,-11.49998996406574,-16.37554412647048,76.90653228759766,15.0,180.0
49.406139209518,-11.865015110097032,-16.377688619992327,77.00669860839844,15.0,180.0
49.94527055017748,-12.189318814265386,-16.632045874312876,77.10671997070312,15.0,180.0
50.470447822374126,-12.366442913700553,-16.838169298092133,77.2066650390625,15.0,180.0
50.982923126505135,-12.509350326681329,-16.945380202092885,77.30650329589844,15.0,180.0
51.49029403489719,-12.605325479566057,-17.198584761975287,77.40650177001953,15.0,180.0
51.8799516897481,-12.66747354735883,-17.526379515836485,77.50679016113281,15.0,180.0
51.94846759861899,-12.766598163106082,-17.839414284943786,77.50679016113281,15.0,180.0
51.765580995500905,-12.692036217232058,-18.097773280777297,77.60675811767578,15.0,180.0
51.734704407027166,-12.41931644682656,-18.179632295186885,77.70655059814453,15.0,180.0
52.03011468519372,-12.240102500787916,-18.17453749834289,77.80640411376953,15.0,180.0
52.39553930552357,-12.21103313368702,-18.137798979331905,77.90643310546875,15.0,180.0
52.51045435307565,-12.108506212891328,-18.17245859951212,78.00688171386719,15.0,180.0
52.45175806312119,-11.864476360386892,-18.286898678633147,78.10679626464844,15.0,180.0
52.54365058987936,-11.54940826742889,-18.26836934321904,78.20633697509766,15.0,180.0
52.68243706444225,-11.206229691129046,-18.17080755378176,78.20633697509766,15.0,180.0
52.74876692309225,-10.987070688012167,-18.11656720070464,78.30599212646484,15.0,180.0
52.86296680337513,-10.92415327026276,-18.05412082140265,78.40631103515625,15.0,180.0
53.04832258372897,-10.810815382762629,-17.956572482029912,78.50684356689453,15.0,180.0
53.19268564409956,-10.62883125872175,-17.8698729168891,78.60647583007812,15.0,180.0
53.20013130112143,-10.546573672943053,-17.91745294584097,78.70626831054688,15.0,180.0
53.34032268889361,-10.54894536532824,-17.981643060742968,78.80661010742188,15.0,180.0
53.79444041826913,-10.537711037827195,-17.870053346612572,78.80661010742188,15.0,180.0
54.23038552230673,-10.566042204442525,-17.678127631038222,78.90685272216797,15.0,180.0
54.38551096694879,-10.73183896507028,-17.416813892816624,79.00692749023438,15.0,180.0
54.42973047727248,-11.10611821552758,-17.166449676253023,79.10661315917969,15.0,180.0
54.67454233176942,-11.658691083849162,-17.263107917938555,79.2062759399414,15.0,180.0
55.07479662519816,-12.194006197808156,-17.56857737192002,79.30658721923828,15.0,180.0
55.27506971051842,-12.555510775668086,-17.76198907944315,79.40690612792969,15.0,180.0
55.32754709849483,-12.56912294290423,-17.918587568504165,79.50677490234375,15.0,180.0
55.50376232169794,-12.300684871048611,-18.008046545542385,79.50677490234375,15.0,180.0
55.82289068087682,-12.164456190447062,-17.9423380826344,79.60649108886719,15.0,180.0
56.25739130492542,-12.22134914920505,-17.745101404744617,79.70660400390625,15.0,180.0
56.679302869905634,-12.174885239297229,-17.554026542113554,79.80679321289062,15.0,180.0
56.96956579728421,-11.921869556369025,-17.50742034078728,79.90674591064453,15.0,180.0
57.189354628433776,-11.623468698423812,-17.503516802562967,80.00672912597656,15.0,180.0
57.43346498177342,-11.385342726297736,-17.521242081272273,80.1067123413086,15.0,180.0
57.79913039395579,-11.247928499086797,-17.64355309825673,80.20660400390625,15.0,180.0
58.23285982935508,-11.292371433568771,-17.785703106460964,80.20660400390625,15.0,180.0
58.52504387646511,-11.363515731970296,-17.763087031691796,80.30672454833984,15.0,180.0
58.82864664675346,-11.30889513339687,-17.476335567285872,80.40670013427734,15.0,180.0
59.27739793269319,-11.22818028422839,-17.155931113121405,80.50640106201172,15.0,180.0
59.632602178715686,-11.289705779165686,-17.00349469725834,80.6065673828125,15.0,180.0
59.95167894430936,-11.63540429752956,-16.855626273870023,80.7066421508789,15.0,180.0
60.24764806037143,-12.04881362328828,-16.77855424673229,80.80668640136719,15.0,180.0
60.36821723842384,-12.26936898715483,-16.922032138328284,80.80668640136719,15.0,180.0
60.39802836423348,-12.271692070592795,-17.305266687103476,80.9067153930664,15.0,180.0
60.41255651036327,-12.100065087333682,-17.997099512733122,81.00662231445312,15.0,180.0
60.44497865921275,-11.99512108234335,-18.766458567260017,81.10649108886719,15.0,180.0
60.5608170688933,-12.010690780577203,-19.39008450811665,81.20661163330078,15.0,180.0
60.813618985115234,-11.947932572224612,-19.96104483717652,81.30659484863281,15.0,180.0
61.14850169847381,-11.763070556174515,-20.46523736254686,81.40663146972656,15.0,180.0
61.38643301237591,-11.695391039825598,-20.7545045013648,81.5066146850586,15.0,180.0
61.44044351147276,-11.95525159875902,-20.65901170699577,81.5066146850586,15.0,180.0
61.490194759795,-12.30731881726806,-20.07197660456699,81.60655975341797,15.0,180.0
61.68434696160976,-12.454255799598114,-19.244464605742376,81.70658111572266,15.0,180.0
61.962025785116,-12.424343033057628,-18.58153281030989,81.80664825439453,15.0,180.0
62.26057812884264,-12.248396248768206,-18.17380225136285,81.90647888183594,15.0,180.0
62.57036706855746,-11.8813902666278,-17.984840748501583,82.006591796875,15.0,180.0
62.9236146234459,-11.462740133728628,-18.20397943370763,82.10661315917969,15.0,180.0
63.24486931200028,-11.248875549580651,-18.832523058533425,82.10661315917969,15.0,180.0
63.445252285714645,-11.374276624934009,-19.403782198746324,82.2065658569336,15.0,180.0
63.62738925803518,-11.67151093797657,-19.470750003796333,82.30674743652344,15.0,180.0
63.94297716846732,-11.89880093589519,-19.197617923857788,82.40672302246094,15.0,180.0
64.36363003259554,-12.072134503037637,-19.12169603036881,82.50657653808594,15.0,180.0
64.74931459629376,-12.334466444690914,-19.39275783006727,82.6065902709961,15.0,180.0
65.04557778292157,-12.603457685299688,-19.81360610699572,82.70641326904297,15.0,180.0
65.2398605187827,-12.665026922133617,-20.278532999388336,82.80660247802734,15.0,180.0
65.4773637130753,-12.701777076833867,-20.88997881978706,82.80660247802734,15.0,180.0
65.88725894522017,-12.954917826176398,-21.637834946335275,82.90672302246094,15.0,180.0
66.26468683229547,-13.168018245613606,-22.06739792667788,83.00650024414062,15.0,180.0
66.29709680849747,-13.233388136858416,-21.97196337362923,83.10662078857422,15.0,180.0
66.04964186251136,-13.293258870174874,-21.703009491513424,83.20658874511719,15.0,180.0
65.76549321924851,-13.37726423401392,-21.51812155452207,83.30656433105469,15.0,180.0
65.48803585708053,-13.5683953780278,-21.377793150857336,83.40664672851562,15.0,180.0
65.31478627273614,-13.68543538032325,-21.196078373261106,83.40664672851562,15.0,180.0
65.35375201903008,-13.407282395184795,-21.01017060289609,83.5064926147461,15.0,180.0
65.62992192445708,-12.760028554768116,-20.88229861789552,83.60651397705078,15.0,180.0
65.93500436685484,-12.048293007272356,-20.9314649851582,83.7066421508789,15.0,180.0
66.07379185906727,-11.672044010773696,-21.06534628512492,83.80665588378906,15.0,180.0
66.16277209787651,-11.759512313144786,-20.996447340027657,83.90667724609375,15.0,180.0
66.18862224051675,-12.08845239369714,-20.77331052015352,84.00666809082031,15.0,180.0
66.17492506939941,-12.511891438725044,-20.709019759811355,84.10653686523438,15.0,180.0
66.39080187119686,-12.851640550347174,-20.827107915348503,84.10653686523438,15.0,180.0
66.92989010979286,-12.982181446001889,-20.914856837604905,84.20659637451172,15.0,180.0
67.5670037660235,-13.133758176935103,-21.06204674307667,84.30661010742188,15.0,180.0
67.98751618453909,-13.447063762110886,-21.18620119587021,84.40663146972656,15.0,180.0
68.22416461632338,-13.753161906746907,-21.049734221030263,84.50675201416016,15.0,180.0
68.69090742488385,-13.862015289962414,-20.847119299807613,84.606689453125,15.0,180.0
69.40728437739176,-13.85907158428393,-20.689763894776867,84.7067642211914,15.0,180.0
69.9851086537255,-13.77776028822272,-20.59177957939624,84.80669403076172,15.0,180.0
70.32776788287698,-13.51119469160498,-20.62418644118264,84.80669403076172,15.0,180.0
70.4498762531659,-13.341221837765934,-20.718365756417853,84.9066162109375,15.0,180.0
70.40490366946807,-13.467756302619025,-20.91377661700209,85.0066909790039,15.0,180.0
70.32112358990523,-13.621521240154667,-21.158226137488708,85.10669708251953,15.0,180.0
70.21083876886402,-13.729505295944351,-21.27714301927305,85.20664978027344,15.0,180.0
70.21607211396145,-13.826117113483456,-21.337928375180528,85.30653381347656,15.0,180.0
70.49047686091414,-13.720535701639111,-21.427579860719487,85.40673065185547,15.0,180.0
70.82778372070342,-13.456184353954914,-21.381364670308777,85.40673065185547,15.0,180.0
70.88545216976823,-13.335480074736754,-21.17362602796676,85.50662231445312,15.0,180.0
70.71032926666263,-13.400314361360548,-21.067977563725023,85.6065444946289,15.0,180.0
70.54985025519215,-13.456648177185231,-21.16007667503195,85.70645904541016,15.0,180.0
70.60198188600039,-13.635515682760731,-21.412733636889048,85.80640411376953,15.0,180.0
70.99444250393168,-14.13123032119362,-21.881333749688075,85.90669250488281,15.0,180.0
71.49201750017635,-14.721892128144734,-22.4393226890618,86.00675201416016,15.0,180.0
71.89044419881495,-15.215542305946736,-22.867299710350963,86.10653686523438,15.0,180.0
72.28100714182096,-15.5734031244777,-23.110993772867666,86.10653686523438,15.0,180.0
72.62176911058275,-15.75318624736718,-23.14847320453454,86.20661926269531,15.0,180.0
72.95742177499446,-15.86779540962,-22.987934183568747,86.30665588378906,15.0,180.0
73.46453376000287,-16.01337317255751,-22.64306360874889,86.40670776367188,15.0,180.0
73.90915606105271,-16.156770175650195,-22.33812782777694,86.5067138671875,15.0,180.0
74.00009280057621,-16.18312966560095,-22.27595064974048,86.60655212402344,15.0,180.0
73.96047901610913,-15.975974866100785,-22.454656358213555,86.70658874511719,15.0,180.0
74.05119418694305,-15.731397895575768,-22.94757989414574,86.70658874511719,15.0,180.0
74.1388234307131,-15.600971676347328,-23.503244292121245,86.8067855834961,15.0,180.0
74.2118470531461,-15.391285383438778,-23.723711731087462,86.90658569335938,15.0,180.0
74.44059152507926,-15.043528136805689,-23.635583514934908,87.0062255859375,15.0,180.0
74.75643069407793,-14.75996950258385,-23.53990089230412,87.10647583007812,15.0,180.0
75.18098504597118,-14.7187923385906,-23.584155934109727,87.20672607421875,15.0,180.0
75.73663284023138,-14.85779487070602,-23.64984589647425,87.30690002441406,15.0,180.0
76.18394533067888,-15.132939813782308,-23.6970141352755,87.40673828125,15.0,180.0
76.4151466826178,-15.524099313488732,-23.785684677426342,87.40673828125,15.0,180.0
76.52472983302881,-15.798760434472328,-24.005523947822063,87.50658416748047,15.0,180.0
76.6967593747187,-15.804328175577748,-24.459418590918048,87.60663604736328,15.0,180.0
76.93823946531529,-15.57496379842777,-24.917359856633404,87.70642852783203,15.0,180.0
77.07982004026898,-15.273916864729763,-25.200667969245348,87.80652618408203,15.0,180.0
77.23743569307041,-15.06739037890384,-25.469537904951387,87.90645599365234,15.0,180.0
77.61010176563585,-14.917220322527784,-25.628066655428977,88.0063705444336,15.0,180.0
78.06200834977349,-14.852034067539698,-25.51829146731769,88.1067123413086,15.0,180.0
78.34309081878077,-14.970137024476076,-25.3116789663274,88.1067123413086,15.0,180.0
78.53234445938011,-15.194789448931203,-25.144461242129,88.20672607421875,15.0,180.0
78.82171036240678,-15.44980616792398,-24.927664132416314,88.3066177368164,15.0,180.0
79.08727066258268,-15.753728765247484,-24.64369852776177,88.4066162109375,15.0,180.0
79.15175992934778,-15.916132261369278,-24.446441139779523,88.50653839111328,15.0,180.0
79.04169731962526,-15.711946893971334,-24.34572411623656,88.60652923583984,15.0,180.0
79.01043145038633,-15.469889162287664,-24.259253651109777,88.7065658569336,15.0,180.0
79.16645482194099,-15.5046673293078,-24.131629868104923,88.7065658569336,15.0,180.0
79.27044953677087,-15.731112153790724,-23.95422422892638,88.80638885498047,15.0,180.0
79.21024192898963,-16.042635242537624,-23.78977308933012,88.9063949584961,15.0,180.0
79.18301478229962,-16.38196470102663,-23.625922258837583,89.00679016113281,15.0,180.0
79.34851460710613,-16.684442958740874,-23.60315347798289,89.10681915283203,15.0,180.0
79.71274893464347,-16.993732157146134,-23.62153261651405,89.20674133300781,15.0,180.0
80.24063175906636,-17.456031268579068,-23.356096502110663,89.30651092529297,15.0,180.0
80.74804493622429,-17.805175514868555,-22.96252922218033,89.40647888183594,15.0,180.0
81.08698127948503,-17.77377126766097,-22.71090683306264,89.40647888183594,15.0,180.0
81.4438222340197,-17.565319642874844,-22.73283098433517,89.5066909790039,15.0,180.0
81.91761154961715,-17.355279434736,-23.060162465831507,89.6067886352539,15.0,180.0
82.35179714864728,-17.15597792867014,-23.47545241242725,89.70642852783203,15.0,180.0
82.72840877140969,-17.00119168868925,-23.61733386454435,89.80661010742188,15.0,180.0
83.09494784981766,-16.908810714527093,-23.5042822216775,89.90672302246094,15.0,180.0
83.44695201699517,-16.780788107742865,-23.4855510073382,90.00679779052734,15.0,180.0
83.65370069461142,-16.60714765525326,-23.461554163622992,90.00679779052734,15.0,180.0
83.71240145169321,-16.49553420875363,-23.35763229031661,90.10665130615234,15.0,180.0
83.94652424974765,-16.488544826353113,-23.498478045948463,90.20654296875,15.0,180.0
84.51386856826008,-16.557838600040608,-23.85150544475313,90.30642700195312,15.0,180.0
85.1016338655591,-16.63183522021247,-24.22727263221216,90.4067153930664,15.0,180.0
85.33794470025003,-16.649609810087156,-24.51501536066681,90.5068130493164,15.0,180.0
85.21524359487086,-16.564935041993174,-24.67147810069396,90.60601806640624,15.0,180.0
85.0054991349515,-16.575884721770304,-24.843870208468104,90.70610809326172,15.0,180.0
84.9413250659176,-16.79850177574415,-25.002755987507072,90.70610809326172,15.0,180.0
85.0051708304818,-16.850711284733986,-25.0154772472472,90.80658721923828,15.0,180.0
85.07014790222141,-16.689741226891194,-25.0911211313022,90.90705871582033,15.0,180.0
85.14187083184996,-16.556882447844654,-25.36872244954872,91.00704956054688,15.0,180.0
85.36920879707856,-16.44162039739863,-25.600256634832395,91.10645294189452,15.0,180.0
85.86577349234624,-16.426879532679045,-25.838610427100743,91.20659637451172,15.0,180.0
86.54822268721225,-16.646457799443652,-26.36652387293292,91.30670166015624,15.0,180.0
87.1278563765512,-16.982769701992158,-26.96119286231548,91.30670166015624,15.0,180.0
87.40743958855732,-17.228141937377405,-27.15190208587153,91.40686798095705,15.0,180.0
87.45483741708784,-17.37962110204365,-27.089249442073328,91.50626373291016,15.0,180.0
87.48763290373952,-17.65904668468325,-27.22930491628754,91.60597229003906,15.0,180.0
87.70154362198063,-18.097446517442243,-27.5393000120837,91.70655059814452,15.0,180.0
88.06607719654032,-18.46686735854141,-27.74895926970032,91.80719757080078,15.0,180.0
88.36219830018823,-18.68517738845877,-27.85798228627353,91.90695190429688,15.0,180.0
88.48617610496392,-18.69574472169436,-28.110549798826312,92.00665283203124,15.0,180.0
88.60209148821377,-18.645064661931933,-28.48521032450726,92.00665283203124,15.0,180.0
88.84263361398018,-18.826233390646383,-28.794571351364787,92.10625457763672,15.0,180.0
89.19006889250527,-19.10756169408561,-29.022893743692944,92.2064971923828,15.0,180.0
89.6577904973748,-19.14337562004833,-29.14625961379813,92.30674743652344,15.0,180.0
90.1490727547464,-18.940101069650648,-29.20655124866428,92.40582275390624,15.0,180.0
90.43713236661138,-18.74487201585294,-29.31567423379812,92.50607299804688,15.0,180.0
90.37652570880743,-18.71396002028912,-29.412205586788623,92.60677337646484,15.0,180.0
90.11256254955065,-18.90816089850893,-29.357054501518448,92.70719909667967,15.0,180.0
89.99410392632626,-19.16651442862697,-29.12314583645949,92.70719909667967,15.0,180.0
90.16058035398622,-19.334524352707824,-28.81815360902141,92.80711364746094,15.0,180.0
90.53568032174744,-19.493030148689265,-28.74628539412992,92.90642547607422,15.0,180.0
91.19651634251852,-19.70153719000787,-29.1079303948622,93.00609588623048,15.0,180.0
92.15732097226056,-19.902362573426217,-29.612448321562265,93.10646057128906,15.0,180.0
93.218100328683,-19.97593124806823,-29.88174364135832,93.20684051513672,15.0,180.0
94.28058684385032,-19.82038760616031,-29.81955776345649,93.30604553222656,15.0,180.0
95.19573428211044,-19.494106402161435,-29.703617131760303,93.30604553222656,15.0,180.0
95.66465876337884,-19.11972465556196,-29.755293172662743,93.40573120117188,15.0,180.0
95.39183862327636,-18.66224283351358,-29.70357975917816,93.50647735595705,15.0,180.0
94.2844878433101,-18.129204389735925,-29.547137350649123,93.6071548461914,15.0,180.0
92.76149480462996,-17.622383662632952,-29.52869436174194,93.70735931396484,15.0,180.0
91.70144550637404,-17.307306599257874,-29.5738602807224,93.8060302734375,15.0,180.0
91.58906302143724,-17.33827265121478,-29.51279674421233,93.90594482421876,15.0,180.0
92.07518369140108,-17.578536026389543,-29.34319136079037,94.0068817138672,15.0,180.0
92.68763230355071,-17.810596509236966,-29.230024559001507,94.0068817138672,15.0,180.0
93.1706569995678,-17.97908915969442,-29.19117880474146,94.10717010498048,15.0,180.0
93.43876979935544,-18.16483073196711,-28.997387497129367,94.20689392089844,15.0,180.0
93.63942439470712,-18.3994455470947,-28.65838858826537,94.30616760253906,15.0,180.0
93.86232153901663,-18.60744167486289,-28.52576084027979,94.40663146972656,15.0,180.0
94.01604329532891,-18.741194735801503,-28.71724922413743,94.50725555419922,15.0,180.0
94.02254353481813,-18.81688741232989,-29.02678334825897,94.60726165771484,15.0,180.0
93.98243049705472,-18.85502860291679,-29.031016389592395,94.60726165771484,15.0,180.0
94.08325721951624,-18.8315942494972,-28.58137232841643,94.70689392089844,15.0,180.0
94.19828430125476,-18.75708832143593,-28.145554466767827,94.8066177368164,15.0,180.0
94.24292205516608,-18.677601977878385,-27.86162655292681,94.90664672851562,15.0,180.0
94.40555855523696,-18.638719422106124,-27.501007254944504,95.0068817138672,15.0,180.0
94.70311850461354,-18.669743497206127,-27.311182962892527,95.1068344116211,15.0,180.0
95.12281942994883,-18.6949815536819,-27.607782162243232,95.20648193359376,15.0,180.0
95.5393992653992,-18.587225630232,-28.220739360497284,95.3066177368164,15.0,180.0
95.72285643941164,-18.45030301674304,-28.83363666363065,95.3066177368164,15.0,180.0
95.75068490722424,-18.45639329787648,-29.435605850925448,95.4068832397461,15.0,180.0
95.83998946988676,-18.466158191498604,-30.116523750145287,95.50680541992188,15.0,180.0
96.06890713391137,-18.43229411911462,-30.66865754964516,95.60675048828124,15.0,180.0
96.5219892434113,-18.537358406931467,-30.845817414851645,95.70655059814452,15.0,180.0
97.15103834206018,-18.784389238891105,-30.66955851106341,95.80654907226562,15.0,180.0
97.68621832876764,-19.099066273977648,-30.32950015830829,95.9066390991211,15.0,180.0
97.99334561850851,-19.42407086420373,-29.998737351394084,96.0065460205078,15.0,180.0
98.06035874965382,-19.7540480275861,-29.64758610905549,96.0065460205078,15.0,180.0
97.91207231067864,-20.124880972629548,-29.244298989690662,96.10657501220705,15.0,180.0
97.5617519293821,-20.46452782116165,-28.85371825349867,96.20671081542967,15.0,180.0
97.12703801425,-20.779280404015505,-28.36371496115156,96.30660247802734,15.0,180.0
96.99458942483852,-21.23588203836597,-27.779445548420235,96.40658569335938,15.0,180.0
97.26067794509558,-21.862592524938844,-27.300262613165444,96.50650024414062,15.0,180.0
97.56774348193645,-22.28467006214036,-27.03425369152769,96.60655975341795,15.0,180.0
97.89335957705944,-22.340998228256524,-27.009140269486423,96.60655975341795,15.0,180.0
98.40282961523992,-22.378495464542294,-27.073218824489235,96.70665740966795,15.0,180.0
98.87764639370668,-22.52828173188941,-27.13469970097903,96.8065948486328,15.0,180.0
99.16708151281352,-22.561025688336127,-27.381623740334128,96.9065399169922,15.0,180.0
99.33849994465312,-22.317071872258943,-27.84247884643564,97.00653839111328,15.0,180.0
99.35567254213524,-21.97044131102355,-28.287218178021213,97.1066436767578,15.0,180.0
99.24827516493738,-21.817206648235764,-28.58601710193449,97.2066650390625,15.0,180.0
99.27020880366464,-21.895382871650423,-28.74710949960541,97.3066864013672,15.0,180.0
99.42356905118274,-21.90982347600139,-28.917617945745214,97.3066864013672,15.0,180.0
99.3926521141065,-21.721916553270525,-29.19468002936876,97.40657806396484,15.0,180.0
99.28112102740054,-21.60042916618037,-29.40607091740093,97.50655364990234,15.0,180.0
99.39073989810686,-21.75970763078296,-29.44932720130754,97.60675048828124,15.0,180.0
99.61775902378876,-22.096098908952847,-29.459660067305325,97.70661163330078,15.0,180.0
99.71745996389708,-22.4015782682006,-29.69627129428838,97.80655670166016,15.0,180.0
99.72763844729695,-22.55666726029412,-30.110145268631097,97.90664672851562,15.0,180.0
99.82981942967584,-22.49801530507916,-30.41549720667162,97.90664672851562,15.0,180.0
100.04162722941304,-22.324051484984462,-30.748472720623365,98.006591796875,15.0,180.0
100.31023149352792,-22.23361154570797,-31.19706794987905,98.10678100585938,15.0,180.0
100.63943063192582,-22.31172245641747,-31.657221034168835,98.20665740966795,15.0,180.0
100.97799503660062,-22.62984489806273,-32.12788191038325,98.30648040771484,15.0,180.0
101.1533887407117,-23.077380250440942,-32.481734156838705,98.4066390991211,15.0,180.0
101.14974930157882,-23.403991922359708,-32.68152921693679,98.5066375732422,15.0,180.0
101.00443399191228,-23.57631641325427,-32.62354895341555,98.60663604736328,15.0,180.0
100.80160125177235,-23.64728119277587,-32.2035380103068,98.60663604736328,15.0,180.0
100.79273647201168,-23.64685546279318,-31.68814494639552,98.70654296875,15.0,180.0
101.0349639939198,-23.597803837969064,-31.359855966245306,98.8063507080078,15.0,180.0
101.2847674615329,-23.40594207001502,-31.26537993931608,98.90660095214844,15.0,180.0
101.32992507341882,-23.06453410638009,-31.2967490406658,99.00668334960938,15.0,180.0
101.20237523475964,-22.847136071131963,-31.3586769669156,99.1067123413086,15.0,180.0
100.94717214891632,-22.91757749071922,-31.43534155581764,99.2067642211914,15.0,180.0
100.6473997001192,-23.26499748886908,-31.385080775938988,99.2067642211914,15.0,180.0
100.52421805473033,-23.774047628369093,-31.002499088297977,99.30664825439452,15.0,180.0
100.63323044943412,-24.16233364184693,-30.507028081756648,99.40664672851562,15.0,180.0
100.859904485605,-24.122546320771185,-30.18309912239566,99.50666046142578,15.0,180.0
101.13210279331685,-23.66069603329301,-30.02687021385512,99.6064682006836,15.0,180.0
101.29058392967023,-23.11199692712185,-30.00047440595518,99.7064208984375,15.0,180.0
101.30721024240415,-22.55844953669753,-29.977274415350426,99.80569458007812,15.0,180.0
101.46544832546812,-22.038271584423565,-29.88187473655065,99.8913345336914,15.0,180.0
101.86949517344884,-21.643966984002965,-29.784373515450408,99.8913345336914,15.0,180.0
102.37330129919717,-21.358501208305192,-29.7291858333868,99.9487533569336,15.0,180.0
102.7593670437858,-21.31840489046092,-29.637667986648577,99.9763412475586,15.0,180.0
103.022373981447,-21.521977939264545,-29.52935970454218,99.98796081542967,15.0,180.0
103.45013197744696,-21.73744925970949,-29.574881586105462,99.99421691894533,15.0,180.0
104.15351408744222,-21.90739433967132,-29.83304016842129,99.99716186523438,15.0,180.0
104.9248547757139,-22.21424286096149,-30.205830462705435,99.9986343383789,15.0,180.0
105.54294374103272,-22.566485080465263,-30.63226224557886,99.99934387207033,15.0,180.0
106.01554137828896,-22.653103398663003,-31.10767365415743,99.99934387207033,15.0,180.0
106.30515454429292,-22.64046933425176,-31.42862527395413,99.99970245361328,15.0,180.0
106.37618300322094,-22.725682365990068,-31.37609500860169,99.99988555908205,15.0,180.0
106.38485279654869,-22.75666615287961,-31.100810309848896,99.9999771118164,15.0,180.0
106.55237310035798,-22.685363802102565,-30.832883754705488,100.0000228881836,15.0,180.0
107.06501646103908,-22.58580931198462,-30.62491696546344,100.0000457763672,15.0,180.0
107.72622589260834,-22.60557286774061,-30.535549716423542,100.0000610351562,15.0,180.0
108.17106000681638,-22.6979952866927,-30.58444571898075,100.0000610351562,15.0,180.0
108.29537776051916,-22.658224901769792,-30.85612970538172,100.0000686645508,15.0,180.0
108.21732746290054,-22.497246922941542,-31.20294750042973,100.0000610351562,15.0,180.0
108.26379652803269,-22.366600410107345,-31.306568122277348,100.0000610351562,15.0,180.0
108.61123380979548,-22.3266619332888,-31.30793803163254,100.0000610351562,15.0,180.0
109.05389860427788,-22.192313102129777,-31.36314897563437,100.0000534057617,15.0,180.0
109.43636651930184,-21.870764385073365,-31.353614454247737,100.0000457763672,15.0,180.0
109.74225796067566,-21.57627825365424,-31.205138613573464,100.0000457763672,15.0,180.0
109.7819308258902,-21.36287358744118,-31.135070519451467,100.0000457763672,15.0,180.0
109.49419908969324,-21.099216396551498,-31.292266758455227,100.0000381469727,15.0,180.0
109.15660353772512,-20.872979551960068,-31.49200194581533,100.0000305175781,15.0,180.0
108.86338418812775,-20.795974667685755,-31.63022284183627,100.0000305175781,15.0,180.0
108.45604589136563,-20.832088835951,-31.647592632196417,100.0000305175781,15.0,180.0
108.02428724928464,-20.80382866988637,-31.67628916726936,100.0000228881836,15.0,180.0
107.79791294433532,-20.659614958005548,-31.84962438449393,100.0000228881836,15.0,180.0
107.81096957681204,-20.590806887690214,-32.03538736332704,100.0000228881836,15.0,180.0
107.93573506206356,-20.59265326480181,-32.12807581185289,100.0000228881836,15.0,180.0
108.08628027922032,-20.616594887589187,-32.08918495600003,100.0000152587891,15.0,180.0
108.30401968954172,-20.76907671553412,-32.096106366691934,100.0000152587891,15.0,180.0
108.48178797771514,-20.98616196222736,-32.330842900165244,100.0000152587891,15.0,180.0
108.68406054673412,-21.149310210260545,-32.74372502763712,100.0000152587891,15.0,180.0
109.13308392198284,-21.32806019115403,-33.226647413415655,100.0000152587891,15.0,180.0
109.65326258117996,-21.48147873086848,-33.856803855321374,100.0000076293945,15.0,180.0
110.11943624143709,-21.606814690024443,-34.6752987583575,100.0000076293945,15.0,180.0
110.57666990489392,-21.92255924235789,-35.33480167109835,100.0000076293945,15.0,180.0
110.99525480584236,-22.43213285044349,-35.67565013899685,100.0000076293945,15.0,180.0
111.38229872185394,-22.903859225803046,-35.88799515684346,100.0000076293945,15.0,180.0
111.58637306054185,-23.234650680837976,-35.84345828150546,100.0000076293945,15.0,180.0
111.48849856406652,-23.44725234538696,-35.51506741733012,100.0000076293945,15.0,180.0
111.25751562886344,-23.48118790749708,-35.38195429324563,100.0,15.0,180.0
111.04881450700972,-23.354721077649057,-35.48458792954608,100.0,15.0,180.0
110.83666624747612,-23.24308790064368,-35.50524604060387,100.0,15.0,180.0
110.61533698208176,-23.23898443770678,-35.44895786927245,100.0000076293945,15.0,180.0
110.53346674781362,-23.31353291332007,-35.36391199696608,100.0,15.0,180.0
110.72317341768236,-23.47633672413556,-35.14260681753125,100.0,15.0,180.0
111.10457338593048,-23.590564685315268,-34.71471933448149,100.0,15.0,180.0
111.42356097418929,-23.51448155978518,-34.19279571176627,100.0,15.0,180.0
111.60559310074984,-23.59133505504154,-33.730818415257346,100.0,15.0,180.0
111.75581180038569,-23.892049734061576,-33.43787870883204,100.0,15.0,180.0
111.78259975210575,-24.008484584319515,-33.210931860403285,100.0,15.0,180.0
111.71427584178122,-23.91368896743416,-32.97904254199427,100.0,15.0,180.0
111.7528778055978,-23.77330096824701,-32.87447721114954,100.0,15.0,180.0
111.85656104873256,-23.689789125168524,-32.8386239472213,100.0,15.0,180.0
111.94927329420328,-23.791721846461712,-32.8707181381668,100.0,15.0,180.0
112.03531105774368,-24.07103283431682,-32.92591109883949,100.0,15.0,180.0
112.11826942520852,-24.35419777225903,-32.80889350214961,100.0,15.0,180.0
112.0893648161548,-24.373859622756704,-32.587082300982665,100.0,15.0,180.0
111.9812870471278,-24.070349988952028,-32.36824651655405,100.0,15.0,180.0
112.08353530250928,-23.68243408871969,-32.20951977555305,100.0,15.0,180.0
112.43178175194193,-23.470916303149213,-32.27594281118005,100.0,15.0,180.0
112.90313735184424,-23.41391175406996,-32.47515161253349,100.0,15.0,180.0
113.37691266944094,-23.270844909481305,-32.70269971245048,100.0,15.0,180.0
113.75300446215184,-23.10311188626147,-33.11162569321462,100.0,15.0,180.0
113.90106003822716,-23.071469999035955,-33.51675885701987,100.0,15.0,180.0
113.74918748042498,-23.15432378885055,-33.70707408385361,100.0,15.0,180.0
113.50078590698364,-23.412914992879188,-33.65358539563044,100.0,15.0,180.0
113.3800484521611,-23.80142825573469,-33.37910527312537,100.0,15.0,180.0
113.44067458860548,-24.0426925288918,-33.1897170983592,100.0,15.0,180.0
113.54072859871602,-24.08404061575264,-33.09451305952452,100.0,15.0,180.0
113.6848176464456,-24.05634946834687,-32.73012028104633,100.0,15.0,180.0
113.94307287671988,-24.050425784042226,-32.08796772627333,100.0,15.0,180.0
114.15265810115385,-24.06759618990636,-31.53888561174487,100.0,15.0,180.0
114.30876748929094,-24.142066163593952,-31.28483565554521,100.0,15.0,180.0
114.5030283494944,-24.290895598083893,-31.25195794334597,100.0,15.0,180.0
114.6373627832258,-24.406225634775325,-31.31229556518208,100.0,15.0,180.0
114.7196609327398,-24.626356389158524,-31.47460081098375,100.0,15.0,180.0
114.81364939496586,-25.07977839052102,-31.88521768296048,100.0,15.0,180.0
114.8416084192102,-25.722430076108388,-32.25717611487151,100.0,15.0,180.0
114.81079996776022,-26.45547992633301,-32.35052701111168,100.0,15.0,180.0
114.66141852294,-26.962579294180184,-32.40649145839219,100.0,15.0,180.0
114.37260039134634,-27.123576072511504,-32.40787677986011,100.0,15.0,180.0
114.29643913731567,-27.26467395928577,-32.382905791838326,100.0,15.0,180.0
114.50087944493144,-27.419778552400807,-32.50991691264597,100.0,15.0,180.0
114.69508483258518,-27.43322408289291,-32.67700241676248,100.0,15.0,180.0
114.8927206041426,-27.44316301663625,-32.750823610935385,100.0,15.0,180.0
115.03647084547366,-27.368400544570743,-32.76687431265342,100.0,15.0,180.0
114.93114641082128,-27.01733982510691,-32.80574194717313,100.0,15.0,180.0
114.6823475135918,-26.52191414189167,-32.74659775945415,100.0,15.0,180.0
114.36080724378633,-26.10389368498189,-32.56057604326104,100.0,15.0,180.0
113.96878220907148,-25.8146019738684,-32.384254232858524,100.0,15.0,180.0
113.70510131813924,-25.69541891048916,-32.15147099333104,100.0,15.0,180.0
113.63890998567612,-25.746304348171808,-31.91768140754727,100.0,15.0,180.0
113.65552982729152,-25.87232057044957,-31.992866653590163,100.0,15.0,180.0
113.82175608565235,-25.95554276965855,-32.41259207540045,100.0,15.0,180.0
113.96480482607645,-25.73876754509555,-32.86520263773872,100.0,15.0,180.0
113.64470498376166,-25.252829654175365,-33.2205960267686,100.0,15.0,180.0
112.93495408553632,-25.015780768966582,-33.41524951693751,100.0,15.0,180.0
112.12436649888124,-25.272838801649428,-33.39488748937657,100.0,15.0,180.0
111.2878515828857,-25.74610765958316,-33.31271714306276,100.0,15.0,180.0
110.60971560342648,-26.22786700887216,-33.18838696044192,100.0,15.0,180.0
110.31057740591284,-26.72514012325496,-32.935431534780655,100.0,15.0,180.0
110.37423700359632,-27.259239719378662,-32.5817251128085,100.0,15.0,180.0
110.60715472052668,-27.730413581162345,-32.17043803649818,100.0,15.0,180.0
110.7920881076334,-27.94088866218472,-31.789853440632942,100.0,15.0,180.0
110.92082220590947,-27.67932938390298,-31.45495142674245,100.0,15.0,180.0
111.12204314856751,-27.05601780942153,-31.134383235053942,100.0,15.0,180.0
111.409492896427,-26.575086457755543,-30.90009174914752,100.0,15.0,180.0
111.69354027180997,-26.373064141398945,-30.781784422293352,99.99999237060548,15.0,180.0
111.85362645619804,-26.171530248513537,-30.719001709885543,100.0,15.0,180.0
111.8585190794923,-25.92127887968368,-30.60594787260178,100.0,15.0,180.0
111.77334832628117,-25.78717184616715,-30.6118496422011,100.0,15.0,180.0
111.6439491160198,-25.79044787301256,-30.94338431493574,100.0,15.0,180.0
111.45055569324263,-25.882162221379147,-31.330784799032216,100.0,15.0,180.0
111.38081519015677,-26.13432090990544,-31.5608364631848,100.0,15.0,180.0
111.54314599563384,-26.428846678086508,-31.735477074175584,100.0,15.0,180.0
111.54988199770376,-26.47622901686947,-31.849194782146235,100.0,15.0,180.0
111.40505670580038,-26.374540150684247,-31.813935867839124,100.0,15.0,180.0
111.49462453441956,-26.34177108656441,-31.73032521502884,100.0,15.0,180.0
111.84110008803704,-26.414425150601016,-31.770494855938303,100.0,15.0,180.0
112.2993515289544,-26.51740405949656,-31.81348714503537,100.0,15.0,180.0
112.7049331444665,-26.5939387420352,-31.764084564266003,100.0,15.0,180.0
112.97972867514504,-26.71699750075816,-31.823307859526288,100.0,15.0,180.0
113.20555787685198,-26.775802652752382,-32.07580502201897,100.0,15.0,180.0
113.39816178612008,-26.693832507396,-32.34560522399085,100.0,15.0,180.0
113.53934618083878,-26.535691447908967,-32.40754708329757,100.0,15.0,180.0
113.70755751621098,-26.3302865397797,-32.21921042016428,100.0,15.0,180.0
113.90245522690893,-26.338563542771617,-32.018493140446324,100.0,15.0,180.0
114.00413562704914,-26.5832794734199,-32.11842730479461,100.0,15.0,180.0
113.92400836926711,-26.77236020582171,-32.556789834316554,100.0,15.0,180.0
113.6162343653389,-27.10210826752704,-33.023520961250306,100.0,15.0,180.0
113.27681225554304,-27.77027164222584,-33.13502245193963,100.0,15.0,180.0
113.25130207674204,-28.4637947147434,-32.95567638080101,100.0,15.0,180.0
113.44835834043568,-28.83397657930973,-32.77516484198249,100.0,15.0,180.0
113.5342278995523,-28.90946886913699,-32.57748116998985,100.0,15.0,180.0
113.42873857872544,-28.892909777677605,-32.42126956560897,100.0,15.0,180.0
113.13424821064334,-28.835052250037982,-32.5221291896957,100.0,15.0,180.0
112.7256969831387,-28.711179609955103,-32.892400316355534,100.0,15.0,180.0
112.44983288959617,-28.48991129952114,-33.31694505255548,100.0,15.0,180.0
112.5056420992298,-28.30319098233888,-33.53516263108734,100.0,15.0,180.0
112.98293014891097,-28.31954134498082,-33.67305621990608,100.0,15.0,180.0
113.63711250173458,-28.52424571856076,-33.924911811113724,100.0,15.0,180.0
114.04788973390264,-28.74332770817249,-34.06361734416601,100.0,15.0,180.0
114.15743639464998,-28.885736863660554,-34.07981494056072,100.0,15.0,180.0
114.11178869715263,-29.00801201192557,-34.07910298508151,100.0,15.0,180.0
113.89870901417537,-29.02205844826133,-34.11443900976351,100.0,15.0,180.0
113.57053136409428,-28.9001589841032,-34.44611533955325,100.0,15.0,180.0
113.37166365956044,-28.661993681501823,-34.95687962682702,100.0,15.0,180.0
113.2743317971119,-28.28750179637677,-35.29289319137833,100.0,15.0,180.0
113.128560573906,-27.956762978966392,-35.38825055562791,100.0,15.0,180.0
113.08502458039187,-27.69638734013235,-35.28008884074107,100.0,15.0,180.0
113.27412218331833,-27.45095038417529,-35.08686885091875,100.0,15.0,180.0
113.5644883852638,-27.37532820982294,-35.04578354105434,100.0,15.0,180.0
113.81456988819716,-27.4632680270931,-35.23111228518339,100.0,15.0,180.0
113.8761761469968,-27.485645107978566,-35.51078362135329,100.0,15.0,180.0
113.76542075532318,-27.517372396413613,-35.68583935937486,100.0,15.0,180.0
113.78147866256626,-27.77944104389225,-35.67408135963856,100.0,15.0,180.0
113.95109100586882,-28.001697264848016,-35.603637420059066,100.0,15.0,180.0
114.01852973322652,-27.88959492114176,-35.596708750179246,100.0,15.0,180.0
113.99274189098666,-27.63941568612604,-35.680037724010255,100.0,15.0,180.0
113.95218226041956,-27.4640676074672,-35.787604420181054,100.0,15.0,180.0
113.77007860712682,-27.35737143636111,-35.77943312633805,100.0,15.0,180.0
113.61601292454463,-27.381175969008748,-35.580259450085705,100.0,15.0,180.0
113.72347808190877,-27.53663759336828,-35.35018612833366,100.0,15.0,180.0
113.8710477597722,-27.72614152674971,-35.29711828039487,100.0,15.0,180.0
113.82093981024288,-27.91915754887064,-35.443091624521614,100.0,15.0,180.0
113.68208602306592,-28.065131681094,-35.75381230419279,100.0,15.0,180.0
113.58499699413842,-28.09857401081515,-36.007881002115106,100.0,15.0,180.0
113.4606571841342,-28.108153703492867,-35.92724973836312,100.0,15.0,180.0
113.35949957014004,-28.3456398536632,-35.658456598134656,100.0,15.0,180.0
113.27060694911044,-28.826046678129167,-35.43091173978874,100.0,15.0,180.0
113.0620449212808,-29.298591110416485,-35.19807619361288,100.0,15.0,180.0
112.88006833259026,-29.58553433309789,-34.88740494279998,100.0,15.0,180.0
112.93469662004378,-29.69667013579415,-34.59674056811594,100.0,15.0,180.0
113.13893734600472,-29.77683888524692,-34.37500702072403,100.0,15.0,180.0
113.319001123622,-29.84552573065957,-33.99797073276664,100.0,15.0,180.0
113.40303264118629,-29.8191962057119,-33.60768322196313,100.0,15.0,180.0
113.26872279762796,-29.64546911223597,-33.49763264167403,100.0,15.0,180.0
112.89394264229072,-29.39968901735432,-33.63306598092821,100.0,15.0,180.0
112.49710806896422,-29.20085472281924,-33.8766569669985,100.0,15.0,180.0
112.36822684422629,-28.948611854661447,-33.92373173868996,100.0,15.0,180.0
112.3634062950958,-28.7536536015964,-33.755355211787666,100.0,15.0,180.0
112.25701953065492,-28.8037400410709,-33.58549462235899,100.0,15.0,180.0
112.24605056048894,-29.02359439407452,-33.47517755665244,100.0,15.0,180.0
112.30281137900796,-29.365236363785176,-33.51689065590354,100.0,15.0,180.0
112.2307162959897,-29.607074526308693,-33.665660423918055,100.0,15.0,180.0
112.07479380010356,-29.55818811179354,-33.683591216594586,100.0,15.0,180.0
112.00400182584056,-29.4388537495091,-33.59968514081606,100.0,15.0,180.0
112.073628753924,-29.502978740160216,-33.68730287301705,100.0,15.0,180.0
112.13919951063416,-29.64610095740649,-33.95699267605778,100.0,15.0,180.0
112.18821215489824,-29.608749519094097,-34.1830175726683,100.0,15.0,180.0
112.26503288023969,-29.357698452775274,-34.415328365670554,100.0,15.0,180.0
112.17999217278606,-29.11317268774878,-34.780891731883976,100.0,15.0,180.0
111.98679934465922,-29.05530595646239,-35.06361196992693,100.0,15.0,180.0
111.90392848513808,-29.17933757970811,-35.115421871760645,100.0,15.0,180.0
111.9037673675356,-29.3664304477522,-34.99413389194495,100.0,15.0,180.0
112.03067424092544,-29.44298618166951,-34.79102457991825,100.0,15.0,180.0
112.301049997024,-29.38721992322539,-34.716429102017095,100.0,15.0,180.0
112.66170383008368,-29.326963662799308,-34.91724162832428,100.0,15.0,180.0
113.15000295530191,-29.389589187013435,-35.31348225557559,100.0,15.0,180.0
113.5284185916223,-29.5416991941538,-35.844867999002176,100.0,15.0,180.0
113.48465432213244,-29.70798484781418,-36.41380697612385,100.0,15.0,180.0
113.2596624667867,-29.89604263270524,-36.90102127283216,100.0,15.0,180.0
113.20341051726592,-30.023987999408995,-37.280837404350905,100.0,15.0,180.0
113.27034204051355,-30.064980014540872,-37.5676702874774,100.0,15.0,180.0
113.20830621406826,-30.15910093023277,-37.86840380272634,100.0,15.0,180.0
112.90999333364005,-30.41104084582121,-38.03667822020952,100.0,15.0,180.0
112.70767724670117,-30.68166726925941,-37.91276782801462,100.0,15.0,180.0
112.86943851243495,-30.762426218813467,-37.613037995837495,100.0,15.0,180.0
113.11437824944268,-30.6929783597753,-37.23611590682695,100.0,15.0,180.0
113.1368534934509,-30.620055758227664,-37.0001534640969,100.0,15.0,180.0
113.0518267720578,-30.60854888406753,-36.98472519491552,100.0,15.0,180.0
113.03723641286608,-30.74990408192115,-37.03699783010496,100.0,15.0,180.0
113.03873683624616,-30.916708737477464,-37.11280955230921,100.0,15.0,180.0
113.09779148746784,-30.72947286990353,-36.94119052464845,100.0,15.0,180.0
113.37622461642296,-30.180416525154904,-36.3789935156531,100.0,15.0,180.0
113.70655525023128,-29.72690056032185,-35.803877014315525,100.0,15.0,180.0
113.9163212377446,-29.56090529454337,-35.566723979624065,100.0,15.0,180.0
114.07805664746252,-29.42977288282737,-35.69599644168717,100.0,15.0,180.0
114.16775465868828,-29.186207627041643,-35.900605499985346,100.0,15.0,180.0
114.20504282742034,-28.94912226027977,-35.947976823684144,100.0,15.0,180.0
114.32646019137466,-29.003588724476145,-35.86977137527464,100.0,15.0,180.0
114.58533101371412,-29.389063339047404,-35.786832886531464,100.0,15.0,180.0
114.86547278391258,-29.633451448659383,-35.66673729554826,100.0,15.0,180.0
115.00189159369424,-29.61964644138021,-35.54969547949266,100.0,15.0,180.0
114.89655566301673,-29.71631737672682,-35.65446219742642,100.0,15.0,180.0
114.5390666644106,-29.81945763137313,-35.865658986907654,100.0,15.0,180.0
114.14820725437248,-29.75440736163704,-36.078630096721895,100.0,15.0,180.0
113.8578827133672,-29.70894708267617,-36.316207448644754,100.0,15.0,180.0
113.55747094295914,-29.811712517554582,-36.603694950574365,100.0,15.0,180.0
113.31100246334012,-30.185907169732307,-37.0987377934185,100.0,15.0,180.0
113.26940171782482,-30.67653337160057,-37.52155618174298,100.0,15.0,180.0
113.40560613565104,-30.92643202992804,-37.585078228625136,100.0,15.0,180.0
113.62896975323108,-31.043063364694103,-37.44980115166908,100.0,15.0,180.0
113.81941106586564,-31.11025645013744,-37.179776214528914,100.0,15.0,180.0
113.9553543337295,-31.03369513211677,-37.02916660416104,100.0,15.0,180.0
114.06062682112643,-30.989752057461875,-37.264167185765615,100.0,15.0,180.0
114.0744507788627,-31.02567044158011,-37.57872026077271,100.0,15.0,180.0
114.04902354281036,-30.94210264781872,-37.700243834694966,100.0,15.0,180.0
114.0936682171794,-30.68042634269927,-37.74409962129174,100.0,15.0,180.0
114.23307572010285,-30.337204255864226,-37.74141749858829,100.0,15.0,180.0
114.36905273756692,-30.11535482712696,-37.48945300739207,100.0,15.0,180.0
114.43358733846291,-30.17910013077091,-37.04041529337489,100.0,15.0,180.0
114.47365989326045,-30.390425784351823,-36.73219519682054,100.0,15.0,180.0
114.59486769733692,-30.47340941233803,-36.66223761853853,100.0,15.0,180.0
114.73780787844636,-30.304692920275464,-36.74829449538419,100.0,15.0,180.0
114.77394183348945,-30.04109344501668,-36.8983764343927,100.0,15.0,180.0
114.76764072940476,-29.85022386657282,-36.976013466884886,100.0,15.0,180.0
114.85026571149588,-29.733870783929184,-37.11752065745757,100.0,15.0,180.0
115.06026126783009,-29.711512438835378,-37.46564396359746,100.0,15.0,180.0
115.35721714588308,-29.74079937921751,-37.6492188012686,100.0,15.0,180.0
115.79094587144844,-29.80495306638896,-37.58604188555613,100.0,15.0,180.0
116.16020087275096,-29.931444880191087,-37.6782908886076,100.0,15.0,180.0
116.27757590725864,-30.0827264284386,-38.0127796978957,100.0,15.0,180.0
116.2969126546948,-30.30522480122434,-38.267857885373445,100.0,15.0,180.0
116.35195226648406,-30.56087166162258,-38.241175955058026,100.0,15.0,180.0
116.56982100535592,-30.71307918038943,-38.13484446141446,100.0,15.0,180.0
116.77828599479062,-30.78797387322684,-38.04107858263365,100.0,15.0,180.0
116.7124676900491,-30.824249563161285,-37.87510584650163,100.0,15.0,180.0
116.55851501762628,-30.78540014859098,-37.62125394350198,100.0,15.0,180.0
116.51403120393744,-30.60696568675506,-37.204052603570496,100.0,15.0,180.0
116.56354862149068,-30.302072376086496,-36.63340513535577,100.0,15.0,180.0
116.6195651474426,-29.972941596738515,-36.23475927850014,100.0,15.0,180.0
116.54427725660362,-29.688786790829617,-36.29996992477591,100.0,15.0,180.0
116.40050589678644,-29.655759475813458,-36.78570164303128,100.0,15.0,180.0
116.30524955234633,-29.952544364598463,-37.48730399222264,100.0,15.0,180.0
116.095177103709,-30.32439944878756,-38.01817569200303,100.0,15.0,180.0
115.76850284847966,-30.49358845168504,-38.15273551713796,100.0,15.0,180.0
115.58666078737176,-30.37582579726609,-38.05831165357443,100.0,15.0,180.0
115.6321363790282,-30.09214858063017,-37.93006042621073,100.0,15.0,180.0
115.83715477668068,-29.74685637105447,-37.88332683506605,100.0,15.0,180.0
116.04814481754228,-29.438028218382627,-37.81249383832319,100.0,15.0,180.0
116.1426643680594,-29.328525010884675,-37.53311402185594,100.0,15.0,180.0
116.2207625340656,-29.295736004233625,-37.14526465640613,99.99999237060548,15.0,180.0
116.28913424594728,-29.196768473009435,-36.9672482329856,100.0,15.0,180.0
116.2821661732897,-29.16724123327253,-37.23666180017829,100.0,15.0,180.0
116.26921467139589,-29.2530060495554,-37.65054696411672,100.0,15.0,180.0
116.18659266786328,-29.40967834089737,-37.74225850568459,100.0,15.0,180.0
116.0654127202878,-29.50070804510515,-37.72563566377683,100.0,15.0,180.0
116.126393101149,-29.41347492326621,-37.75265717079412,100.0,15.0,180.0
116.38451111999372,-29.366227258964457,-37.64866656520224,100.0,15.0,180.0
116.66069875798236,-29.448827180697204,-37.607740932933126,100.0,15.0,180.0
116.88972020649211,-29.412825096752297,-37.6775254541651,100.0,15.0,180.0
117.10340838553292,-29.19132799017826,-37.71311051798871,100.0,15.0,180.0
117.28109328574172,-28.80313183734492,-37.89715493353309,100.0,15.0,180.0
117.30677595928864,-28.392812295628843,-38.29995981069839,100.0,15.0,180.0
117.05928613817584,-28.163819498577865,-38.65738509294867,100.0,15.0,180.0
116.79729589337856,-28.14435710452053,-38.904413783733496,100.0,15.0,180.0
116.68631658577168,-28.302265961286125,-39.21952308315095,100.0,15.0,180.0
116.47926892835233,-28.348258223018025,-39.533409420991376,100.0,15.0,180.0
116.21473451450544,-28.13453530901469,-39.49653665313157,100.0,15.0,180.0
116.21066077464612,-27.87414965340514,-39.00408948829482,100.0,15.0,180.0
116.62789118589636,-27.622659923918143,-38.36364957172151,100.0,15.0,180.0
117.29286059659924,-27.469617369074257,-37.91879310513472,100.0,15.0,180.0
117.95510045421112,-27.56542018651234,-37.67631797648469,100.0,15.0,180.0
118.53698949896804,-27.825823211066663,-37.48517434151841,100.0,15.0,180.0
119.03425787714332,-28.23409871077712,-37.35226018640847,100.0,15.0,180.0
119.47481473046894,-28.72985623413323,-37.26487191628805,100.0,15.0,180.0
119.68729738651372,-29.057810734437723,-37.16395986273062,100.0,15.0,180.0
119.58935495286292,-29.098531074024898,-37.19280982636264,100.0,15.0,180.0
119.40342394227578,-28.97862238165888,-37.27861043046305,100.0,15.0,180.0
119.2208131290813,-28.839041832821213,-37.12511125713286,100.0,15.0,180.0
119.1229503391612,-28.645603360687264,-36.81934005956996,100.0,15.0,180.0
119.1895931831506,-28.53438152647356,-36.5857424205509,100.0,15.0,180.0
119.30316276981702,-28.71084642142773,-36.554177827943455,100.0,15.0,180.0
119.38133804943035,-29.01733045041044,-36.69662325617599,100.0,15.0,180.0
119.5419073271916,-29.31945449881216,-36.90073822172711,100.0,15.0,180.0
120.0535327246997,-29.627534818793578,-37.1622455996447,100.0,15.0,180.0
120.88412522166009,-29.850626522686703,-37.48264600048262,100.0,15.0,180.0
121.5244565679608,-30.05217433445232,-37.86936901636714,100.0,15.0,180.0
121.8331293618362,-30.29344304608071,-38.28559514857532,100.0,15.0,180.0
121.89754772541492,-30.385059305593245,-38.62107948200491,100.0,15.0,180.0
121.47489284880476,-30.38737318755181,-38.910207309574105,100.0,15.0,180.0
120.73663850583524,-30.433205778807363,-39.25907053194341,100.0,15.0,180.0
120.12796738149616,-30.344010309982902,-39.55060237036913,100.0,15.0,180.0
119.67676351484012,-30.15169632074492,-39.6619451329505,100.0,15.0,180.0
119.35546048966076,-29.98980752522269,-39.57937978297765,100.0,15.0,180.0
119.241228786394,-29.862537296205225,-39.39694256642537,100.0,15.0,180.0
119.32004868173442,-29.84886012440889,-39.40229779516297,100.0,15.0,180.0
119.5260383307682,-29.83548836988328,-39.52008203447386,100.0,15.0,180.0
119.7653669099065,-29.68878675426785,-39.53347706813352,100.0,15.0,180.0
119.91697866407615,-29.455191408428973,-39.44430083285375,100.0,15.0,180.0
119.90186975327988,-29.297140599695865,-39.19309142162116,100.0,15.0,180.0
119.83808881442972,-29.24208656189567,-39.06052849710154,100.0,15.0,180.0
119.7572628252036,-29.1190583620231,-39.2119274990395,100.0,15.0,180.0
119.57722990476616,-29.04560099020124,-39.30649191374705,100.0,15.0,180.0
119.53172808531188,-28.983829956382976,-39.27778372325115,100.0,15.0,180.0
119.6541363322161,-28.76462119766797,-39.32702417552741,100.0,15.0,180.0
119.58731713273367,-28.66385890260279,-39.48503940501825,100.0,15.0,180.0
119.2707703627359,-28.81658194173137,-39.61536874009676,100.0,15.0,180.0
118.90397655142496,-29.001428234833504,-39.60421338252648,100.0,15.0,180.0
118.64057763099208,-29.14286350965468,-39.37442516850132,100.0,15.0,180.0
118.563127631166,-29.295925766352088,-38.95411813871451,100.0,15.0,180.0
118.74234413845797,-29.46589085601461,-38.53043059159504,100.0,15.0,180.0
119.13219932607636,-29.629175284951497,-38.239222921177,100.0,15.0,180.0
119.52453702545768,-29.55780585907713,-38.17877706069336,100.0,15.0,180.0
119.89475887607227,-29.24713745375218,-38.11414383310674,100.0,15.0,180.0
120.3484167307406,-29.04524886804975,-37.809942141952426,100.0,15.0,180.0
120.721892243482,-28.959782865597035,-37.668677487056016,100.0,15.0,180.0
120.92493485444946,-28.88788903258828,-37.82917604814378,100.0,15.0,180.0
121.15054810519182,-28.91396222236085,-38.078728816566354,100.0,15.0,180.0
121.40045757460533,-29.050784921052987,-38.51915974234692,100.0,15.0,180.0
121.59477818243056,-29.16951814477895,-39.06782151892827,100.0,15.0,180.0
121.58432985845369,-29.28208751189829,-39.42379824651921,100.0,15.0,180.0
121.35203545243212,-29.47108771533476,-39.57229779607562,100.0,15.0,180.0
121.20981465011307,-29.67403139827425,-39.68130587861303,100.0,15.0,180.0
121.24437393782904,-29.941869420226425,-39.91481608123458,100.0,15.0,180.0
121.38451581135806,-30.362644946799406,-40.29658451767048,100.0,15.0,180.0
121.61040001419198,-30.876847964436163,-40.737988764063104,100.0,15.0,180.0
121.71473170228114,-31.29178540408329,-41.30919091864662,100.0,15.0,180.0
121.61033912669356,-31.496415884793304,-41.991576479130366,100.0,15.0,180.0
121.45888703218247,-31.62330516708828,-42.5994865054995,100.0,15.0,180.0
121.2746680910413,-31.695317775129187,-43.14345032310018,100.0,15.0,180.0
121.12720635437564,-31.658478771694543,-43.55114777853521,100.0,15.0,180.0
121.25266833072284,-31.69227954055957,-43.53279891208238,100.0,15.0,180.0
121.72118659628715,-31.82035944768764,-43.11214281093804,100.0,15.0,180.0
122.39300435965586,-31.831406048994417,-42.67975846507405,100.0,15.0,180.0
123.05461819847754,-31.604152188570964,-42.42132273260715,100.0,15.0,180.0
123.53984551078312,-31.20718787440704,-42.2599422559505,100.0,15.0,180.0
123.8505707980956,-31.03828711500104,-42.15396294471446,100.0,15.0,180.0
124.13911106284428,-31.294133097427206,-42.067306298472126,100.0,15.0,180.0
124.36199171334336,-31.7660711245244,-41.9149043510578,100.0,15.0,180.0
124.3341289949589,-32.185744530124765,-41.68143982107548,100.0,15.0,180.0
124.22453138759944,-32.44248540551287,-41.44526522205659,100.0,15.0,180.0
124.10990437175472,-32.65363884747457,-41.15713135581549,100.0,15.0,180.0
123.90090153698397,-32.718050945272914,-40.915320685651565,100.0,15.0,180.0
123.71506905716934,-32.50957756570825,-40.97555761548866,100.0,15.0,180.0
123.4965593608909,-32.108815030136206,-41.21659563935007,100.0,15.0,180.0
123.0232316355651,-31.576962138817425,-41.331700149592834,100.0,15.0,180.0
122.42917301616436,-31.03328919193352,-41.332454155852346,100.0,15.0,180.0
122.20548745025197,-30.667164616446502,-41.37168120512302,100.0,15.0,180.0
122.45025959269483,-30.604368426868326,-41.40236515688892,100.0,15.0,180.0
122.8682596934471,-30.75680834289712,-41.351154362398006,100.0,15.0,180.0
123.34466104251996,-30.905305978227872,-41.13642889561471,100.0,15.0,180.0
123.78831907056576,-30.92194648682609,-40.76192480113854,100.0,15.0,180.0
124.06146818858804,-30.838663803518024,-40.444428733703866,100.0,15.0,180.0
124.19500238795864,-30.707864654811424,-40.30461105242012,100.0,15.0,180.0
124.2082526077624,-30.505858663701595,-40.22641212868047,100.0,15.0,180.0
124.07783327036694,-30.30362188566764,-40.09997536434023,100.0,15.0,180.0
123.92116830146897,-30.08043049905768,-40.03974209713464,100.0,15.0,180.0
123.84281825341476,-29.711585763057567,-40.09042832548093,100.0,15.0,180.0
123.88136466280804,-29.393813667050832,-40.25699718615206,100.0,15.0,180.0
124.02603218445458,-29.20675736292968,-40.6834044049112,100.0,15.0,180.0
124.16212855799728,-28.95804110976028,-41.28516027938592,100.0,15.0,180.0
124.30902271638686,-28.72407092715681,-41.81720086196247,100.0,15.0,180.0
124.46931635879452,-28.654030392892587,-42.078349205605775,100.0,15.0,180.0
124.59345725065847,-28.658989732839927,-42.0947383526688,100.0,15.0,180.0
124.8650273691044,-28.667759860201297,-42.04605564671237,100.0,15.0,180.0
125.42133035771668,-28.884535258742943,-41.97809843156059,100.0,15.0,180.0
126.07695159002274,-29.24928510483909,-42.03656414629943,100.0,15.0,180.0
126.50113145680996,-29.42151464000758,-42.303496575421455,100.0,15.0,180.0
126.6580358695732,-29.46909713027977,-42.65277719238525,100.0,15.0,180.0
126.82351371964305,-29.589925732390128,-42.94111665045425,100.0,15.0,180.0
127.17239195047765,-29.71426522723928,-42.96814269457487,100.0,15.0,180.0
127.6433225636528,-29.650501751717727,-42.68536792528495,100.0,15.0,180.0
128.05482172154228,-29.422311612205966,-42.19130061731409,100.0,15.0,180.0
128.35179106023728,-29.27104867553386,-41.71591419381964,100.0,15.0,180.0
128.66107437628878,-29.31340563217844,-41.61837290046355,100.0,15.0,180.0
128.94775768658272,-29.36984289046472,-41.78665853987646,100.0,15.0,180.0
129.04220492366235,-29.252047761001293,-41.93183813844736,100.0,15.0,180.0
128.83684680652988,-29.22520766537767,-42.11912826526533,100.0,15.0,180.0
128.36700304722245,-29.47200509002364,-42.34159029663835,100.0,15.0,180.0
127.89592726152536,-29.657786584861235,-42.493967146934665,100.0,15.0,180.0
127.65615996461852,-29.67600361522653,-42.56577831156581,100.0,15.0,180.0
127.6488972199062,-29.79279660360384,-42.64026303795246,100.0,15.0,180.0
127.6746675912321,-30.03978793939111,-42.67360148992344,100.0,15.0,180.0
127.69007953829072,-30.26819770471624,-42.643277640942266,100.0,15.0,180.0
127.82381692939497,-30.500517000593373,-42.69859032440613,100.0,15.0,180.0
127.93127042248608,-30.800365175244224,-42.8192176059766,100.0,15.0,180.0
127.87533335115774,-31.12612331540408,-42.9404854942217,100.0,15.0,180.0
127.66535813277302,-31.347108430452973,-42.997773723934976,100.0,15.0,180.0
127.41735760677186,-31.38317752952916,-42.91999981072653,100.0,15.0,180.0
127.26384882531396,-31.400355017499425,-42.64791508395965,100.0,15.0,180.0
127.17369217524929,-31.49145441376256,-42.10266685780565,100.0,15.0,180.0
127.2239580761808,-31.532655660873573,-41.48341035086283,100.0,15.0,180.0
127.3938043026856,-31.40528471125628,-41.16007256088194,100.0,15.0,180.0
127.47070550549046,-31.116257726945705,-41.09952785922264,100.0,15.0,180.0
127.36514256791077,-30.80896392484312,-41.116893615900025,100.0,15.0,180.0
127.07101973532126,-30.563830133691223,-41.23884136962865,100.0,15.0,180.0
126.61412283712946,-30.49809948723951,-41.50257763524508,100.0,15.0,180.0
126.13620288126484,-30.6757992792083,-41.93413197848527,100.0,15.0,180.0
125.86088869119894,-30.941044806594583,-42.37273660121495,100.0,15.0,180.0
125.98382581848968,-31.268996310085445,-42.70925111460637,100.0,15.0,180.0
126.39957323103872,-31.58001649087328,-43.10432953157056,100.0,15.0,180.0
126.85393811650049,-31.61960056524784,-43.393493803283576,100.0,15.0,180.0
127.3232153297698,-31.380872355463,-43.29972090950746,100.0,15.0,180.0
127.70623411901524,-31.07333464014124,-42.94024450113521,100.0,15.0,180.0
127.77086848901529,-30.746762462484813,-42.55827674957719,100.0,15.0,180.0
127.42600837673832,-30.469374517408166,-42.36928746358132,100.0,15.0,180.0
126.89571037572912,-30.52823514759187,-42.50634013257548,100.0,15.0,180.0
126.43622745224482,-30.75540562208084,-42.93165499585449,100.0,15.0,180.0
126.11994412740584,-30.714718784807367,-43.40733595344391,100.0,15.0,180.0
126.03365220627217,-30.411520313630405,-43.70055461887748,100.0,15.0,180.0
126.0886865466578,-30.07931374315616,-43.86563607559288,100.0,15.0,180.0
126.22078592577384,-29.8977427423951,-44.071291602636485,100.0,15.0,180.0
126.55931196895118,-29.8579239363938,-44.286604003374194,100.0,15.0,180.0
127.1627402101943,-29.75136577760881,-44.32883719716092,100.0,15.0,180.0
127.93288746076776,-29.650577924071943,-44.226963764348326,100.0,15.0,180.0
128.58464060187302,-29.81198205018688,-44.17365920841247,100.0,15.0,180.0
128.9329556210018,-30.004065974751047,-44.21370375910516,100.0,15.0,180.0
129.06772188818368,-29.947476367827925,-44.223034179076414,100.0,15.0,180.0
129.0980048059381,-29.849595373967496,-43.972624690193065,100.0,15.0,180.0
129.1630432670981,-29.91363396386249,-43.512810572190325,100.0,15.0,180.0
129.07961419932082,-29.99244706674679,-43.25475444876871,100.0,15.0,180.0
128.58837860718003,-30.021855224616964,-43.17160763441538,100.0,15.0,180.0
128.1323803325687,-30.217881689879007,-42.89765723368874,100.0,15.0,180.0
127.94428968191174,-30.528150854062392,-42.531747806459975,100.0,15.0,180.0
127.8152288709354,-30.565494384981186,-42.392612591903145,100.0,15.0,180.0
127.78669015056256,-30.444858358524208,-42.49081411729832,100.0,15.0,180.0
127.92045479441096,-30.631926845384243,-42.606200013359285,100.0,15.0,180.0
128.21315389123265,-31.002092059620203,-42.698584903916085,100.0,15.0,180.0
128.54500146444468,-31.245492216822228,-42.929161900631385,100.0,15.0,180.0
128.67790133749918,-31.32466746339793,-43.32026629088399,100.0,15.0,180.0
128.57774347165758,-31.287444865360857,-43.6812369148297,100.0,15.0,180.0
128.45170620014522,-31.281946407962323,-43.94568097599408,100.0,15.0,180.0
128.494140268626,-31.32707442474065,-44.16477930374565,100.0,15.0,180.0
128.68208657230215,-31.3755301704852,-44.30873846584632,100.0,15.0,180.0
128.75259023021954,-31.42108421308708,-44.34017724327264,100.0,15.0,180.0
128.67527179693744,-31.36553770360893,-44.08303943386669,100.0,15.0,180.0
128.65944939527148,-31.314383465823155,-43.61225857534015,100.0,15.0,180.0
128.7678279347673,-31.41429096885677,-43.36316814484101,100.0,15.0,180.0
128.86170932233694,-31.50122014650661,-43.36056372344856,100.0,15.0,180.0
128.87219897992532,-31.40981430336876,-43.47583902497841,100.0,15.0,180.0
128.82381519792983,-31.211362258991954,-43.7450444696568,100.0,15.0,180.0
128.5110276735241,-30.98672183062339,-43.91417794612504,100.0,15.0,180.0
128.0275462735986,-30.62057908106779,-43.795526309555136,100.0,15.0,180.0
127.71465767215116,-30.13612541216592,-43.52883678950903,100.0,15.0,180.0
127.56414213578088,-29.77887957126411,-43.23891825903658,100.0,15.0,180.0
127.4109679299332,-29.738427873173823,-43.02276269724554,100.0,15.0,180.0
127.23239886558802,-29.92054436402616,-42.95932534431472,100.0,15.0,180.0
127.25010240836332,-29.952967803078938,-43.06655897671159,100.0,15.0,180.0
127.6545775192065,-29.80482523973829,-43.20136988013365,100.0,15.0,180.0
128.1507409491076,-29.765694463614444,-43.19797056017429,100.0,15.0,180.0
128.39160976433374,-29.738906046126253,-43.02940771618573,100.0,15.0,180.0
128.42457510084844,-29.537358668983195,-42.75391728920089,100.0,15.0,180.0
128.469554937511,-29.404480719192904,-42.52079666291605,100.0,15.0,180.0
128.71708983715416,-29.519319289527072,-42.45814110902856,100.0,15.0,180.0
129.0114367234283,-29.821071077645648,-42.58390590275761,100.0,15.0,180.0
129.0182023586937,-30.165918188815795,-42.7822532665306,100.0,15.0,180.0
128.71008197756336,-30.34308262487757,-42.97011697187435,100.0,15.0,180.0
128.43795040035303,-30.48136065130716,-43.03789924967519,100.0,15.0,180.0
128.40349723152568,-30.70561976259595,-42.88934671584385,100.0,15.0,180.0
128.3587230623915,-30.83364122091492,-42.76287119705236,100.0,15.0,180.0
128.13603861870536,-30.90775934632336,-43.02641761045008,100.0,15.0,180.0
127.8987336050722,-31.08709049852035,-43.705293864063535,100.0,15.0,180.0
127.84933266917848,-31.358014508313524,-44.484722685464895,100.0,15.0,180.0
127.98519565692172,-31.644840978234097,-45.136445537182375,100.0,15.0,180.0
128.0880659786648,-32.077183642661915,-45.5720969348269,100.0,15.0,180.0
128.0483675000701,-32.79932117193317,-45.78336689752781,100.0,15.0,180.0
127.9458243876491,-33.54677179093161,-45.84116290941044,100.0,15.0,180.0
127.71119542630186,-34.05759781725551,-45.82636902653902,100.0,15.0,180.0
127.44522591656492,-34.38211243181897,-45.83800171865336,100.0,15.0,180.0
127.32695198572252,-34.50090651490465,-46.10504838365469,100.0,15.0,180.0
127.33637612304013,-34.39418947056262,-46.78038488456957,100.0,15.0,180.0
127.55801365833628,-34.22313135866057,-47.52330981333292,100.0,15.0,180.0
127.9245936124154,-33.99980973809885,-47.92353437488786,100.0,15.0,180.0
128.13897743991575,-33.78195069259543,-47.994546204129776,100.0,15.0,180.0
128.10254160597506,-33.67874963465677,-47.86940639947153,100.0,15.0,180.0
127.95616008021824,-33.60724623237238,-47.55953084696825,100.0,15.0,180.0
127.86014434898031,-33.66082010049678,-47.28686780955297,100.0,15.0,180.0
127.93911028360117,-33.92508349640482,-47.30256933503399,100.0,15.0,180.0
128.1010205167874,-34.191136479228604,-47.30119021882254,100.0,15.0,180.0
128.2010562304415,-34.341919810855984,-47.12833237959793,100.0,15.0,180.0
128.31220648304668,-34.46263649697048,-47.09610274487325,100.0,15.0,180.0
128.57984651915984,-34.46229679228021,-47.25067706985944,100.0,15.0,180.0
129.02250248376342,-34.135841321600275,-47.4533467470198,100.0,15.0,180.0
129.44205055536275,-33.65273559928624,-47.64663153719824,100.0,15.0,180.0
129.76022925406974,-33.268495108207894,-47.74662926838157,100.0,15.0,180.0
129.98019163574466,-32.94303288211352,-47.60909202877638,100.0,15.0,180.0
130.04422713744245,-32.652365782366765,-47.29498036203055,100.0,15.0,180.0
130.12331978605764,-32.42693798347594,-47.02568304671082,100.0,15.0,180.0
130.30845543735683,-32.37506171071409,-46.8743142253977,100.0,15.0,180.0
130.50775649519164,-32.64291169756509,-46.72215871262613,100.0,15.0,180.0
130.61036978272836,-33.042218260692515,-46.50133724578959,100.0,15.0,180.0
130.2919510059733,-33.33684613777734,-46.34074342962254,100.0,15.0,180.0
129.62364186073543,-33.6162156808267,-46.27347776368912,100.0,15.0,180.0
129.14035618467375,-34.0293127976292,-46.21472176326201,100.0,15.0,180.0
128.93728724122377,-34.392294545972845,-46.258748272066754,100.0,15.0,180.0
128.84247341931004,-34.42458715428424,-46.45925522058658,100.0,15.0,180.0
128.86798846473135,-34.35209118664287,-46.55468088474696,100.0,15.0,180.0
129.06856293856842,-34.51235737678376,-46.45110100106386,100.0,15.0,180.0
129.2822817485555,-34.75712659977226,-46.26368513677773,100.0,15.0,180.0
129.3281515779293,-34.87535373815416,-45.97181969309905,100.0,15.0,180.0
129.31378429996568,-35.00990056893413,-45.64620155977253,100.0,15.0,180.0
129.48328102614823,-35.264523878583525,-45.43050326066257,100.0,15.0,180.0
129.87517033053854,-35.53099990679016,-45.47946938114046,100.0,15.0,180.0
130.22443890191266,-35.89581425300021,-45.92359297992572,100.0,15.0,180.0
130.26174284770565,-36.445173906801024,-46.55124725431439,100.0,15.0,180.0
130.10385120206536,-36.99869315563266,-47.11837271637249,100.0,15.0,180.0
129.9700427490444,-37.33565474765925,-47.68035758076487,100.0,15.0,180.0
129.7866142048423,-37.35609169120637,-48.19020546366794,100.0,15.0,180.0
129.5664947702991,-37.21330311440148,-48.46833283753836,100.0,15.0,180.0
129.47166245464106,-37.0339345652059,-48.56641438564639,100.0,15.0,180.0
129.5340995621726,-36.7881522058882,-48.64527562736346,100.0,15.0,180.0
129.55716332546876,-36.510714038114514,-48.73647383080748,100.0,15.0,180.0
129.53373108403832,-36.355401896870056,-48.89826147383344,100.0,15.0,180.0
129.57418406830746,-36.41700479130515,-49.06867860858348,100.0,15.0,180.0
129.57123298495043,-36.41494315714987,-49.18662302099478,100.0,15.0,180.0
129.61688763296053,-36.08257950096692,-49.56764260672817,100.0,15.0,180.0
129.73672802472788,-35.73108719058161,-50.222773228513454,100.0,15.0,180.0
129.83137113217495,-35.65951618872182,-50.73233354375704,100.0,15.0,180.0
130.06368141479712,-35.71641777902893,-50.91658676735212,100.0,15.0,180.0
130.46777588953591,-35.6716197260595,-50.86854412378757,100.0,15.0,180.0
130.86079536157376,-35.41709653451265,-50.63231703777691,100.0,15.0,180.0
131.1300287883537,-35.19034169804628,-50.23302864730138,100.0,15.0,180.0
131.31321694639846,-35.180712566610445,-49.679347128046665,100.0,15.0,180.0
131.62272877179387,-35.23277574266766,-49.040750559867774,100.0,15.0,180.0
132.12067071318765,-35.24823672204417,-48.65824139840777,100.0,15.0,180.0
132.62329479789764,-35.247326464968395,-48.59306907250479,100.0,15.0,180.0
133.00840421155118,-35.26898706718415,-48.55651538228145,100.0,15.0,180.0
133.1622898699558,-35.3544275859381,-48.466444106816354,100.0,15.0,180.0
132.96826458869248,-35.45961044246387,-48.464482469320096,100.0,15.0,180.0
132.58008903542677,-35.420254631023745,-48.650202685092026,100.0,15.0,180.0
132.23376748600126,-35.26120432882198,-48.86199006181534,100.0,15.0,180.0
131.99633857079658,-35.29060290454279,-49.06816387744429,100.0,15.0,180.0
131.91523113927542,-35.54020936890273,-49.44017355405266,100.0,15.0,180.0
131.9619341818546,-35.65656103154423,-49.88607863583814,100.0,15.0,180.0
132.01893654444618,-35.66998131581739,-50.27045013512148,100.0,15.0,180.0
132.06140096110096,-35.783743345721064,-50.57895959447304,100.0,15.0,180.0
132.09354702547247,-35.85473902084572,-50.942397767619966,100.0,15.0,180.0
132.0675932246215,-35.81702229231993,-51.34429980954406,100.0,15.0,180.0
132.00116408399882,-35.73627212138669,-51.568357823382485,100.0,15.0,180.0
132.01980904080676,-35.70437543489689,-51.736808191222686,100.0,15.0,180.0
132.14558266036315,-35.767209031218,-51.96626706882449,100.0,15.0,180.0
132.19741418765503,-35.919080096530934,-52.07392633099663,100.0,15.0,180.0
132.1089686049922,-36.15307930614076,-51.99200099447048,100.0,15.0,180.0
132.09511009537664,-36.29741722446753,-51.86274845700034,100.0,15.0,180.0
132.3068922115808,-36.28329406105694,-51.72178644023134,100.0,15.0,180.0
132.64308061750242,-36.29074371937576,-51.42529377800336,100.0,15.0,180.0
132.92328290506384,-36.37974101502193,-50.89014413017433,100.0,15.0,180.0
132.9003151228971,-36.42495116518082,-50.238305541148144,100.0,15.0,180.0
132.63250891726275,-36.367912927769424,-49.75821194570509,100.0,15.0,180.0
132.4692224880139,-36.190772855380295,-49.67921152869855,100.0,15.0,180.0
132.4036440569448,-35.79225992630263,-49.91459362040452,100.0,15.0,180.0
132.40822421447547,-35.26266605296725,-50.12923605885883,100.0,15.0,180.0
132.57449403011913,-34.80128180775701,-50.11323061689163,100.0,15.0,180.0
132.8472878994788,-34.53278322302678,-49.93896208930641,100.0,15.0,180.0
133.10066437150826,-34.458690906050755,-49.79016212855776,100.0,15.0,180.0
133.22706120109927,-34.3964108607782,-49.72579994170864,100.0,15.0,180.0
133.31997251675296,-34.368240006241685,-49.711491997479214,99.9999771118164,15.0,180.0
133.50003844237054,-34.399905894146016,-49.76881645432515,99.9999771118164,15.0,180.0
133.7438719646622,-34.45186292151336,-49.824707536394286,99.9969253540039,15.0,180.0
133.96318411680647,-34.63938422685017,-49.75501515639731,99.9742202758789,15.0,180.0
134.10792111515389,-34.83676795141952,-49.49930422647449,99.92282104492188,15.0,180.0
134.19177347195716,-34.888741622881405,-49.054760769094464,99.84471893310548,15.0,180.0
134.25281470985303,-34.92073910753418,-48.679616821537365,99.75365447998048,15.0,180.0
134.26567158031742,-35.01542942197801,-48.61362622127948,99.65834045410156,15.0,180.0
134.16952185166346,-35.08864198639299,-48.82214071744375,99.56050872802734,15.0,180.0
134.11659709170743,-35.10495879338197,-49.06900698759177,99.56050872802734,15.0,180.0
134.24308249709313,-35.125070198866965,-49.14739004961686,99.46197509765624,15.0,180.0
134.48932583913412,-35.33226542281352,-49.26633438504486,99.36270904541016,15.0,180.0
134.69567675565744,-35.71479515106192,-49.66442552566275,99.26297760009766,15.0,180.0
134.667871950299,-35.89153445696984,-50.20096679674435,99.1631317138672,15.0,180.0
134.5241222616456,-35.81708871555772,-50.67281866775112,99.06340789794922,15.0,180.0
134.48295289013117,-35.75684538228507,-50.9466966990217,98.96334075927734,15.0,180.0
134.4880064482952,-35.865575184583804,-50.92026825653369,98.96334075927734,15.0,180.0
134.6403336904707,-36.182667417842,-50.86832386372395,98.86320495605467,15.0,180.0
135.00487427118034,-36.64628712404745,-51.08853181882184,98.7633285522461,15.0,180.0
135.1484750832672,-37.10751080851204,-51.32032751740758,98.66323852539062,15.0,180.0
134.89067711722217,-37.406978645282976,-51.355228971017965,98.56334686279295,15.0,180.0
134.4994130486356,-37.40975263018228,-51.372304714176025,98.46350860595705,15.0,180.0
134.20875254560443,-36.99171017692857,-51.42149494485099,98.36331176757812,15.0,180.0
134.21194824254704,-36.3835183714766,-51.42864718603159,98.263427734375,15.0,180.0
134.37535935864415,-35.9087011269852,-51.34082062630457,98.263427734375,15.0,180.0
134.48979733242584,-35.49680463334549,-51.09548431552188,98.1635513305664,15.0,180.0
134.64666421642585,-35.073525082599915,-50.665139092282885,98.0635223388672,15.0,180.0
134.78882476144145,-34.74673958405691,-50.10547194396744,97.96349334716795,15.0,180.0
134.93911007714462,-34.52200649675581,-49.739216264143614,97.8632354736328,15.0,180.0
135.34521575504715,-34.41516570471965,-49.883131591748416,97.76317596435548,15.0,180.0
135.83243962064836,-34.596531880363514,-50.31974520404722,97.66329956054688,15.0,180.0
135.9363008060055,-35.07194884406627,-50.657377047988,97.66329956054688,15.0,180.0
135.65271403430893,-35.530597335478205,-50.92723431927099,97.5634994506836,15.0,180.0
135.4222995152494,-35.69051464886277,-51.28099524457068,97.46337890625,15.0,180.0
135.41599800455054,-35.677580279796686,-51.8533218851836,97.3634033203125,15.0,180.0
135.4580922687938,-35.7835730775657,-52.49533924775212,97.26399993896484,15.0,180.0
135.469379500839,-36.088175285559885,-52.91240492785087,97.1636962890625,15.0,180.0
135.5915955592257,-36.517934333284586,-53.16913403139976,97.06317138671876,15.0,180.0
135.8859584423361,-36.77774367326841,-53.26303372228094,96.96302795410156,15.0,180.0
136.1356325241406,-36.68776137322281,-53.200642513722826,96.96302795410156,15.0,180.0
136.19053954452505,-36.51158047588404,-53.12550741335901,96.86316680908205,15.0,180.0
136.0540798586813,-36.40223867724711,-53.17987690852252,96.76332092285156,15.0,180.0
135.78162100233203,-36.38709347442783,-53.34079944688845,96.66350555419922,15.0,180.0
135.6286766607866,-36.52336219505192,-53.34141840870619,96.56322479248048,15.0,180.0
135.63869772898784,-36.61869943096861,-53.102408180920186,96.46329498291016,15.0,180.0
135.46411594881715,-36.476623221387975,-52.87675688249304,96.36353302001952,15.0,180.0
135.14613157259248,-36.23319300437237,-52.944249759787134,96.26377868652344,15.0,180.0
135.04756978592536,-36.1059079001898,-53.13040962698018,96.26377868652344,15.0,180.0
135.1968566885692,-36.1304460443678,-53.09446650634502,96.16349792480467,15.0,180.0
135.42329621406884,-36.11333504026239,-52.90612216033868,96.06315612792967,15.0,180.0
135.6148647267705,-35.95874796547182,-52.74701552669754,95.9633331298828,15.0,180.0
135.70691518207323,-35.92366193113708,-52.72532954832967,95.8634033203125,15.0,180.0
135.75714189648914,-36.11412781224954,-52.83577257787826,95.7633285522461,15.0,180.0
135.7986166303814,-36.322811485595935,-52.93358123268681,95.66338348388672,15.0,180.0
135.77182532605593,-36.32383577423866,-52.8981683184419,95.66338348388672,15.0,180.0
135.73256107468256,-36.135196330987526,-52.74828138986476,95.56333923339844,15.0,180.0
135.54180165402607,-35.95946363516122,-52.720283868110855,95.4635009765625,15.0,180.0
135.1368834003764,-35.82734813557032,-52.960962080086645,95.36380767822266,15.0,180.0
134.95297066045595,-35.80450553401021,-53.23676343030346,95.26363372802734,15.0,180.0
135.152100885113,-35.916673706967735,-53.39405420305465,95.16336059570312,15.0,180.0
135.5682255429109,-35.938373949228904,-53.5218730136356,95.0631866455078,15.0,180.0
136.08769848403523,-35.91000279126763,-53.5534917130749,94.96326446533205,15.0,180.0
136.57670387274712,-35.86689874589759,-53.46339547884237,94.96326446533205,15.0,180.0
137.05110060586804,-35.59845533548093,-53.315637193249394,94.86334228515624,15.0,180.0
137.5252398654146,-35.299123153302865,-53.09205115853787,94.76326751708984,15.0,180.0
137.86063064614723,-35.25189798366732,-52.81773928085356,94.66333770751952,15.0,180.0
137.98623991588596,-35.27628698775286,-52.51267510459418,94.56332397460938,15.0,180.0
137.94225713731268,-35.127711512317624,-52.168254319812526,94.46337890625,15.0,180.0
137.7822924051573,-34.737666418397794,-51.89920867132261,94.36354064941406,15.0,180.0
137.61952389013643,-34.25773962333549,-51.80239345968571,94.36354064941406,15.0,180.0
137.55662664454042,-33.962857682475374,-51.864699617112,94.26331329345705,15.0,180.0
137.62482776713097,-33.973444957223414,-52.01265903933724,94.16333770751952,15.0,180.0
137.77686974067444,-34.2064539750847,-52.00318220090798,94.06333923339844,15.0,180.0
137.8822452539366,-34.39754771240384,-51.90831790785839,93.96328735351562,15.0,180.0
137.8973753249252,-34.40037913136532,-51.94427325266648,93.86351776123048,15.0,180.0
137.86121503457642,-34.33480125321038,-51.95847961401981,93.7633819580078,15.0,180.0
137.85843979962132,-34.27301867308956,-51.89801644249812,93.66334533691406,15.0,180.0
138.02798353592794,-34.236682819854245,-51.80427507054145,93.66334533691406,15.0,180.0
138.17726981448672,-34.27037317456131,-51.71527808610512,93.56333923339844,15.0,180.0
138.0199756694642,-34.1914566735541,-51.72044046902061,93.46345520019533,15.0,180.0
137.77356438906986,-33.80593696380657,-51.91865853048355,93.36334991455078,15.0,180.0
137.564994764723,-33.1537141694366,-52.275500576466975,93.2632293701172,15.0,180.0
137.379863973678,-32.4514957002806,-52.51788068276021,93.16334533691406,15.0,180.0
137.40980628892638,-31.93131014942401,-52.51393944818404,93.06328582763672,15.0,180.0
137.4912468967785,-31.6398243815893,-52.41252947078028,92.96334838867188,15.0,180.0
137.3639145879959,-31.524532701643288,-52.30173471778658,92.96334838867188,15.0,180.0
137.21498160601885,-31.418277144343577,-52.09043453807283,92.863525390625,15.0,180.0
137.20903638873077,-31.24647175312898,-51.83014208678834,92.7633819580078,15.0,180.0
137.25004397362449,-31.243661255098825,-51.72019865234143,92.66352081298828,15.0,180.0
137.18555643078062,-31.50864142567049,-51.79684763698376,92.5634536743164,15.0,180.0
136.944122368119,-31.74959989542046,-51.8604984300407,92.46337127685548,15.0,180.0
136.51789679464397,-31.868363607005897,-51.73570018780874,92.36339569091795,15.0,180.0
135.87018127775286,-31.937767793333045,-51.50808615107994,92.36339569091795,15.0,180.0
135.09469047178936,-31.77611946851552,-51.30383625518253,92.26325988769533,15.0,180.0
134.51667076115555,-31.44324076882588,-50.996837529269726,92.16327667236328,15.0,180.0
134.3793917321979,-31.06570972594112,-50.6033848509198,92.0633316040039,15.0,180.0
134.45107354871968,-30.65610055574327,-50.43660553840721,91.96334838867188,15.0,180.0
134.29689316419768,-30.4274536094599,-50.399589688554094,91.86344909667967,15.0,180.0
133.83607971415137,-30.442989005556683,-50.17932699763665,91.76335144042967,15.0,180.0
133.2726575372345,-30.55627613033005,-49.8771976128489,91.66336822509766,15.0,180.0
132.7900851316277,-30.67402140687824,-49.63724115089814,91.66336822509766,15.0,180.0
132.5188269915179,-30.733929322814745,-49.43150869686972,91.56338500976562,15.0,180.0
132.35598582114412,-30.68823547049622,-49.23548967745995,91.46338653564452,15.0,180.0
132.1382647915651,-30.6949597714378,-48.97471327002784,91.3633804321289,15.0,180.0
131.92087916941367,-30.866472739525825,-48.746411424362286,91.26335144042967,15.0,180.0
131.75904450156125,-31.08221036931312,-48.60015105052762,91.16341400146484,15.0,180.0
131.69317341191376,-31.276987312592965,-48.31365994568162,91.06338500976562,15.0,180.0
131.77332146415543,-31.365672282391905,-48.00700357864308,91.06338500976562,15.0,180.0
132.0133073311637,-31.170944949694963,-47.84912895850124,90.96344757080078,15.0,180.0
132.28006644443732,-30.907048405136056,-47.79480099864165,90.86341094970705,15.0,180.0
132.44320037834663,-30.84235579977337,-47.86014062867686,90.76325988769533,15.0,180.0
132.61646392800645,-30.83243821270932,-47.8696146148062,90.66336822509766,15.0,180.0
132.83311624619876,-30.779123791019696,-47.61658085021004,90.56326293945312,15.0,180.0
132.93723472895402,-30.64351591524037,-47.148014694998096,90.4634017944336,15.0,180.0
132.84299926159133,-30.49045190299054,-46.82017289611142,90.36343383789062,15.0,180.0
132.57696575973526,-30.45429912747504,-46.95256287551316,90.36343383789062,15.0,180.0
132.14833335072262,-30.44694096930281,-47.2744978202194,90.26333618164062,15.0,180.0
131.64154088797758,-30.29148769031907,-47.40707369625616,90.1634750366211,15.0,180.0
131.24515221876402,-29.99981739657856,-47.41062496692673,90.06334686279297,15.0,180.0
131.11808850666966,-29.55987978063624,-47.56163616262709,89.9634017944336,15.0,180.0
131.4056529760541,-28.947212902347346,-48.07505802291638,89.86358642578125,15.0,180.0
132.1014009999748,-28.489152158357548,-48.71856461585885,89.76339721679688,15.0,180.0
132.93445046902252,-28.424214490976887,-49.06922617630465,89.76339721679688,15.0,180.0
133.54587609383776,-28.62058622669461,-49.005598309505615,89.66333770751953,15.0,180.0
133.81919280101474,-28.86839467924399,-48.56815832279565,89.5633316040039,15.0,180.0
133.939907935764,-29.102996114934644,-47.963386727294925,89.46336364746094,15.0,180.0
134.06792203253914,-29.332252118918976,-47.38087900424284,89.36347198486328,15.0,180.0
134.17031445646876,-29.464169953723147,-46.75782768406959,89.26334381103516,15.0,180.0
134.1708052921837,-29.43767616423361,-46.12917939284493,89.16336059570312,15.0,180.0
133.97262000256603,-29.392156922015268,-45.68208596169863,89.06339263916016,15.0,180.0
133.50984384791622,-29.47525794479364,-45.57106725512369,89.06339263916016,15.0,180.0
132.98522579544644,-29.577672901495507,-45.88266498206534,88.96337890625,15.0,180.0
132.58505973386673,-29.55129376231216,-46.26221546889754,88.86357116699219,15.0,180.0
132.46995941925076,-29.50493205007167,-46.38735891187658,88.76338958740234,15.0,180.0
132.77832210467943,-29.58611858232351,-46.546660230144674,88.66331481933594,15.0,180.0
133.24814468282435,-29.685324003163984,-46.93026254896844,88.5633316040039,15.0,180.0
133.54200211474637,-29.694828362109064,-47.26710644098684,88.46336364746094,15.0,180.0
133.6128015174128,-29.632816200959432,-47.35779645022486,88.36341094970703,15.0,180.0
133.798341463807,-29.52043866233775,-47.36005805715512,88.36341094970703,15.0,180.0
134.21369147963625,-29.424687974836115,-47.47361528516165,88.26326751708984,15.0,180.0
134.57945718197772,-29.404039995344924,-47.705693926134416,88.163330078125,15.0,180.0
134.74362091979563,-29.43286714962604,-47.92267726255392,88.06339263916016,15.0,180.0
134.74769657908092,-29.52362581646934,-48.09126864118007,87.96338653564453,15.0,180.0
134.88184269501514,-29.756122276166565,-48.24967041292464,87.86347961425781,15.0,180.0
135.33725939302013,-30.11750028575849,-48.10401881491894,87.76336669921875,15.0,180.0
135.95046122443807,-30.56714996444025,-47.558951101156325,87.76336669921875,15.0,180.0
136.40068618550583,-30.94349034289472,-47.11540694791835,87.66342163085938,15.0,180.0
136.51367103514076,-31.036798912170536,-46.85167023738403,87.56341552734375,15.0,180.0
136.33574839780044,-31.00858419836248,-46.50765355988104,87.46343231201172,15.0,180.0
135.995922626162,-31.04883489743401,-46.22257983772175,87.36347198486328,15.0,180.0
135.67813614401953,-31.00303816315145,-46.141603637559,87.26334381103516,15.0,180.0
135.466664871748,-30.77929477266992,-46.3031298816753,87.163330078125,15.0,180.0
135.44628504112822,-30.41289694099454,-46.617222814388725,87.06336975097656,15.0,180.0
135.64970899357647,-29.996042668456425,-46.882000959289314,87.06336975097656,15.0,180.0
135.91828769015066,-29.65912258917298,-47.043379841895565,86.96337890625,15.0,180.0
136.140649185427,-29.532940729586173,-47.11322765390986,86.86343383789062,15.0,180.0
136.2923956355254,-29.733894146374784,-46.96685334458342,86.76336669921875,15.0,180.0
136.39290139464794,-30.080332283196004,-46.585069245550336,86.66336822509766,15.0,180.0
136.31374341387263,-30.33651518393125,-46.30689207012183,86.56340026855469,15.0,180.0
136.1527981257756,-30.524961984501388,-46.15074735034914,86.46350860595703,15.0,180.0
136.2848524456502,-30.71228117012408,-45.86725457224039,86.46350860595703,15.0,180.0
136.57437528100786,-30.86310548415389,-45.55067052556915,86.36346435546875,15.0,180.0
136.71834138870594,-30.958750811798733,-45.41922150044076,86.26338958740234,15.0,180.0
136.66383496316408,-31.05644472449601,-45.582472249893335,86.16340637207031,15.0,180.0
136.5416013165469,-31.19324264399294,-45.95051957478187,86.06333923339844,15.0,180.0
136.63848873810426,-31.37957883176886,-46.25039056338087,85.96333312988281,15.0,180.0
136.8559885274475,-31.498464189815408,-46.27861687227296,85.86334991455078,15.0,180.0
136.934566823134,-31.53050097288926,-45.95710885863468,85.76329040527344,15.0,180.0
136.95713704923665,-31.559565879549087,-45.27435434231434,85.76329040527344,15.0,180.0
136.93981778381772,-31.53172464495205,-44.46250288015656,85.66332244873047,15.0,180.0
136.94559777378214,-31.509522074701174,-43.91892019707701,85.56336212158203,15.0,180.0
137.17217077509974,-31.538239038340123,-43.88976631376392,85.46334075927734,15.0,180.0
137.63575062410132,-31.566428531663995,-44.36749909941586,85.36344146728516,15.0,180.0
138.22363323062723,-31.49165521233413,-45.16650449551601,85.26338195800781,15.0,180.0
138.601348631607,-31.231649869232065,-45.90438020151611,85.16339111328125,15.0,180.0
138.5659812339955,-30.97319600166841,-46.268939225134986,85.06336212158203,15.0,180.0
138.37201353703338,-30.893040193692222,-46.13951209495229,85.06336212158203,15.0,180.0
138.25790057839242,-31.01020100607264,-45.49838847310824,84.96336364746094,15.0,180.0
138.37844547672785,-31.427244298826043,-44.81098498029728,84.86347198486328,15.0,180.0
138.78985257827117,-31.95867172423621,-44.53804010772336,84.76345825195312,15.0,180.0
139.251686146802,-32.23189488859192,-44.62187385367415,84.66343688964844,15.0,180.0
139.58967249104973,-32.237874205342145,-44.86252528707183,84.56336212158203,15.0,180.0
139.75961058167553,-32.09848881454573,-45.22861613067986,84.46329498291016,15.0,180.0
139.65957727687766,-31.88021026340314,-45.70140526736446,84.46329498291016,15.0,180.0
139.33354398252845,-31.534599838496582,-46.09465389590746,84.36334228515625,15.0,180.0
139.04710849115668,-31.00037136243965,-46.443263390609694,84.26332092285156,15.0,180.0
138.90685916324392,-30.477310859064325,-46.904940151863975,84.16332244873047,15.0,180.0
138.8405664345081,-30.26053781402524,-47.39414407724309,84.06330108642578,15.0,180.0
138.93620425415662,-30.27372368865484,-47.726244538472166,83.96339416503906,15.0,180.0
139.15544341309348,-30.22436233642176,-47.72622109230148,83.86345672607422,15.0,180.0
139.3603429228486,-30.15484492260656,-47.28740611789058,83.76331329345703,15.0,180.0
139.63555999292032,-30.158996029339303,-46.691755551444665,83.76331329345703,15.0,180.0
139.9913234210837,-30.1623622166607,-46.25632612487703,83.66339111328125,15.0,180.0
140.2626106413257,-30.243184680924845,-45.95782842209898,83.56327819824219,15.0,180.0
140.39807063732766,-30.52824889927048,-45.68491435638491,83.46336364746094,15.0,180.0
140.45484594935456,-31.012145730953343,-45.37973102008253,83.36344146728516,15.0,180.0
140.5024802542026,-31.45232527084683,-45.18486865641636,83.26329803466797,15.0,180.0
140.61974528310537,-31.673119560617017,-45.1267122211386,83.1634750366211,15.0,180.0
140.7701730924835,-31.78484041705796,-45.09263835750283,83.1634750366211,15.0,180.0
140.89004769127075,-31.930081389766016,-45.023367740485945,83.0634765625,15.0,180.0
141.02457627838314,-32.22679799491342,-44.88152414574753,82.96340942382812,15.0,180.0
141.1694807641841,-32.62996651474775,-44.72425639499639,82.86347961425781,15.0,180.0
141.34186436417693,-32.89648771674661,-44.58168306671316,82.76338958740234,15.0,180.0
141.6634195800663,-32.812763475463406,-44.63817452135672,82.66338348388672,15.0,180.0
142.19954659157065,-32.24445677305299,-44.99630799370778,82.56339263916016,15.0,180.0
142.78261000570254,-31.41832343920745,-45.22886652926452,82.46337127685547,15.0,180.0
143.05614796213226,-30.9043352577178,-45.048740977152896,82.46337127685547,15.0,180.0
142.96857085691866,-30.697897819485856,-44.63646961198874,82.36356353759766,15.0,180.0
142.60499242393365,-30.44346682306723,-44.301952539537766,82.26341247558594,15.0,180.0
142.14488496250036,-30.23390239579848,-44.159210221782445,82.16336059570312,15.0,180.0
141.92091804187356,-30.179312796178984,-43.98509925395842,82.06343841552734,15.0,180.0
141.87193353034434,-30.097316094612005,-43.62969271756411,81.96343994140625,15.0,180.0
141.97475229346733,-29.91734521415102,-43.23033466266271,81.86347961425781,15.0,180.0
142.2112806759202,-29.69899596934401,-43.07270769902698,81.86347961425781,15.0,180.0
142.34260657886236,-29.617665533092367,-43.11036813491424,81.76338958740234,15.0,180.0
142.29232612445065,-29.74288089035245,-43.18923507455199,81.66333770751953,15.0,180.0
142.1286540908305,-29.75502480504789,-43.4140074228464,81.56329345703125,15.0,180.0
142.06111685915607,-29.58025314206793,-43.573058887438215,81.4634017944336,15.0,180.0
142.0542626534879,-29.456893232286884,-43.49905240802377,81.36339569091797,15.0,180.0
142.0277954003709,-29.47312115164268,-43.434020459223206,81.26332092285156,15.0,180.0
142.11329932190705,-29.66752175458424,-43.51903511955768,81.16333770751953,15.0,180.0
142.22953363983197,-30.12719455214628,-43.60472435462047,81.16333770751953,15.0,180.0
142.30850559926128,-30.739354160448823,-43.59270024971988,81.06339263916016,15.0,180.0
142.3599124675939,-31.15958673329225,-43.62934673300863,80.96338653564453,15.0,180.0
142.2989670315811,-31.17944566201608,-43.63677215687371,80.8635482788086,15.0,180.0
142.2026693163814,-30.932058779907017,-43.38134588748576,80.76363372802734,15.0,180.0
142.3073853861801,-30.76040979232644,-43.01033901625529,80.66337585449219,15.0,180.0
142.71693278020828,-30.81649563266344,-42.93945648108332,80.56333923339844,15.0,180.0
143.13804222722106,-30.8627589393076,-43.15631070196667,80.4632797241211,15.0,180.0
143.2276469317497,-30.71411758731845,-43.42288109470477,80.4632797241211,15.0,180.0
143.06756115743732,-30.507040495419552,-43.73532135430877,80.36332702636719,15.0,180.0
142.8671669812382,-30.372096481573568,-43.9161543814097,80.2633056640625,15.0,180.0
142.6789642736271,-30.36309029035416,-43.698230783363,80.16328430175781,15.0,180.0
142.5159042383615,-30.56943497706773,-43.15613542187656,80.06327056884766,15.0,180.0
142.44436424367336,-31.02076712959021,-42.68824457927964,79.96330261230469,15.0,180.0
142.39731779910807,-31.53206103674124,-42.547624478248,79.86331176757812,15.0,180.0
142.31017203870465,-31.91414386299243,-42.612913329770926,79.86331176757812,15.0,180.0
142.1855525854703,-32.24235885504065,-42.6816468599076,79.7632827758789,15.0,180.0
142.10375375455789,-32.4923942339784,-42.72994232983766,79.663330078125,15.0,180.0
142.1697224002281,-32.58111973411555,-42.73184531728306,79.56343841552734,15.0,180.0
142.25881898013043,-32.54408827184956,-42.52939475314432,79.4635238647461,15.0,180.0
142.4320376712817,-32.35578313749458,-42.19864868220037,79.36344146728516,15.0,180.0
142.85048776660977,-32.01616756031083,-41.87910853430349,79.26344299316406,15.0,180.0
143.39440717375538,-31.629618124847926,-41.53314995434397,79.16339111328125,15.0,180.0
143.87516567002214,-31.30595619340492,-41.06954693713501,79.16339111328125,15.0,180.0
144.20976759436508,-31.10022371817875,-40.53798182351316,79.0633544921875,15.0,180.0
144.43285380594426,-31.14300492687749,-40.26137294815065,78.9633560180664,15.0,180.0
144.5779694224259,-31.45752418239825,-40.23184657100375,78.86329650878906,15.0,180.0
144.58927738627222,-31.804113622940523,-40.18633372643746,78.76343536376953,15.0,180.0
144.54000760089187,-31.92341394870994,-40.2166332806638,78.66344451904297,15.0,180.0
144.68058270275563,-31.83360949619513,-40.60042337182495,78.56327819824219,15.0,180.0
145.04626657277885,-31.72786115653085,-41.269062171470736,78.56327819824219,15.0,180.0
145.3079386580028,-31.639839903430246,-41.95344780050061,78.46331024169922,15.0,180.0
145.25836425249383,-31.67884051053828,-42.538837157126295,78.3632583618164,15.0,180.0
145.13760273597856,-31.96186511790924,-42.798640016504265,78.26322937011719,15.0,180.0
145.19886940071257,-32.28930184295691,-42.70259735056757,78.16341400146484,15.0,180.0
145.32665100463566,-32.57550230210541,-42.5155844176577,78.06354522705078,15.0,180.0
145.30006469120457,-32.88597969684374,-42.39143845649284,77.96366882324219,15.0,180.0
145.1780026406781,-33.13335910343317,-42.41393431839407,77.86359405517578,15.0,180.0
145.1013618222746,-33.33593455451149,-42.6816225644068,77.86359405517578,15.0,180.0
145.10354263486263,-33.459093125449726,-43.06313096899017,77.76333618164062,15.0,180.0
145.10363139035096,-33.29723864759582,-43.23484482163057,77.66336822509766,15.0,180.0
144.95935404400254,-32.89358042228515,-43.15754695020076,77.56338500976562,15.0,180.0
144.64625329958483,-32.564861083536854,-42.86875467223267,77.46337890625,15.0,180.0
144.357076812929,-32.40619914081201,-42.33372139474712,77.363525390625,15.0,180.0
144.44991476865005,-32.19118687070872,-41.772959501328906,77.26337432861328,15.0,180.0
144.94447984294277,-31.89398124114817,-41.58262132391216,77.1633529663086,15.0,180.0
145.47316774043273,-31.673966325234783,-41.839709844613154,77.1633529663086,15.0,180.0
145.91622841374257,-31.60917903726446,-42.20798896457191,77.06342315673828,15.0,180.0
146.25728048307357,-31.61760180832929,-42.54066875980941,76.96331024169922,15.0,180.0
146.27609644906994,-31.571117600187755,-42.7892132653687,76.8633041381836,15.0,180.0
145.9949259473923,-31.40990922496784,-42.79473773532321,76.76335144042969,15.0,180.0
145.65018297432192,-31.123695968955765,-42.73033192190217,76.66337585449219,15.0,180.0
145.39035077368845,-30.906024784124103,-42.889341235294175,76.56343841552734,15.0,180.0
145.15854349227274,-30.86313086803649,-43.10382017562319,76.56343841552734,15.0,180.0
144.75806822659564,-30.81839488920924,-43.05862413849047,76.46332550048828,15.0,180.0
144.3011215084476,-30.783434380032404,-42.794367127724286,76.36334991455078,15.0,180.0
144.1589900474191,-30.928718901858524,-42.3804905871126,76.26336669921875,15.0,180.0
144.4698468228167,-31.14241485401013,-41.74402050947385,76.163330078125,15.0,180.0
145.01008763405548,-31.2661054746542,-41.12055360044726,76.06343078613281,15.0,180.0
145.45697615131365,-31.307989160488194,-40.82337784937313,75.96348571777344,15.0,180.0
145.661663885208,-31.24509024245571,-40.68940056459119,75.86339569091797,15.0,180.0
145.79714796391715,-31.138074684126263,-40.57197463341236,75.86339569091797,15.0,180.0
145.9988541794154,-31.055883850970467,-40.50435656391916,75.7633285522461,15.0,180.0
146.17458388254383,-30.98592458824599,-40.473887741878336,75.66336822509766,15.0,180.0
146.38226349015966,-30.990673577276247,-40.42071803021414,75.56348419189453,15.0,180.0
146.62189137503452,-31.099391043391968,-40.2826979988218,75.46333312988281,15.0,180.0
146.642014494297,-31.214309600553275,-40.218284324379816,75.36331176757812,15.0,180.0
146.34216135901323,-31.207722961589337,-40.39334547622604,75.26336669921875,15.0,180.0
145.99697596659573,-31.05425114960607,-40.76871474365508,75.26336669921875,15.0,180.0
145.95797757333514,-30.73151975972666,-41.24902229649429,75.16341400146484,15.0,180.0
146.22047610333925,-30.35540719327773,-41.67307857603702,75.06352996826172,15.0,180.0
146.66754954044896,-30.2044609996092,-41.72123007913738,74.96336364746094,15.0,180.0
147.17029387760937,-30.36348506053541,-41.41786236782879,74.86347961425781,15.0,180.0
147.4118582399365,-30.71171987805477,-41.21024966788949,74.76342010498047,15.0,180.0
147.4055086181529,-31.02270560164931,-41.35160246130084,74.6633529663086,15.0,180.0
147.50615089831356,-31.23937090957288,-41.64650044138377,74.5633773803711,15.0,180.0
147.80443537552696,-31.5548543530294,-41.78767750335642,74.5633773803711,15.0,180.0
148.06459934859205,-32.10095276938777,-41.68152884570329,74.46330261230469,15.0,180.0
148.1488530517378,-32.691496920060565,-41.38774524931873,74.36335754394531,15.0,180.0
148.14608171519455,-33.10404933919354,-41.17625910584312,74.26343536376953,15.0,180.0
148.07524531402717,-33.345213317062814,-41.1215820923965,74.163330078125,15.0,180.0
147.82617780225172,-33.43485826054091,-41.084854956724605,74.0633773803711,15.0,180.0
147.51515410771984,-33.418308571256134,-41.05633583032938,73.96341705322266,15.0,180.0
147.37438950169053,-33.256327781431004,-40.89978219705563,73.96341705322266,15.0,180.0
147.3985939734445,-32.793152260951025,-40.61881233635355,73.86327362060547,15.0,180.0
147.47684943307158,-32.21440745883041,-40.43366092730116,73.76344299316406,15.0,180.0
147.5749485543282,-31.86720949302037,-40.472359796912286,73.6633529663086,15.0,180.0
147.7217600667923,-31.55672275918664,-40.75818434509048,73.56343841552734,15.0,180.0
147.8084310941599,-31.25731852613133,-41.00829190064782,73.46351623535156,15.0,180.0
147.73019249277155,-31.32643113963916,-40.91076438952682,73.36334228515625,15.0,180.0
147.64061570535222,-31.71812619682345,-40.6024278092126,73.26333618164062,15.0,180.0
147.86779005670033,-32.17963100935646,-40.45347679816316,73.26333618164062,15.0,180.0
148.41521663343028,-32.45247224276713,-40.49367713860764,73.16331481933594,15.0,180.0
148.8450288188187,-32.508687721718374,-40.38990362185196,73.06338500976562,15.0,180.0
148.98246939267585,-32.609119400200505,-40.17645690741226,72.96345520019531,15.0,180.0
148.95174247004488,-32.820443603981055,-40.13120435432426,72.86338806152344,15.0,180.0
148.89061365002524,-32.96078166519748,-40.16700920538862,72.763427734375,15.0,180.0
148.92355975212493,-32.94548942357248,-40.10304356083189,72.6633529663086,15.0,180.0
149.00116802102272,-32.78880761753713,-39.97758123224568,72.56340026855469,15.0,180.0
148.9970079283879,-32.52381440400236,-39.87361204629877,72.56340026855469,15.0,180.0
148.88840582221275,-32.205760798344095,-39.79989220111767,72.46337890625,15.0,180.0
148.6624897918826,-31.831065769925075,-39.6663636414598,72.36335754394531,15.0,180.0
148.29452091214563,-31.43880952544953,-39.37692746270319,72.26349639892578,15.0,180.0
147.8676239280327,-31.198704005376143,-39.04892607247147,72.16333770751953,15.0,180.0
147.5302419961258,-31.18375540289269,-38.94858464001267,72.06338500976562,15.0,180.0
147.38887974785723,-31.28595686269352,-39.18682925783401,71.96344757080078,15.0,180.0
147.3762466458183,-31.46003346015911,-39.60315421489119,71.96344757080078,15.0,180.0
147.4176241473674,-31.61702263532532,-40.00407324610072,71.86331176757812,15.0,180.0
147.52518583629472,-31.62548913427572,-40.34731803212644,71.76341247558594,15.0,180.0
147.59551633852843,-31.501980421426666,-40.61025815232683,71.6633529663086,15.0,180.0
147.50103780929703,-31.30065550189626,-40.68576479163384,71.5634765625,15.0,180.0
147.27066889589517,-31.098375159226112,-40.52418989345495,71.46345520019531,15.0,180.0
147.1665851039074,-31.063564755741247,-40.28114137033113,71.36331176757812,15.0,180.0
147.22939350993042,-31.289859547774824,-40.129465116732575,71.26341247558594,15.0,180.0
147.18546578130773,-31.6731357248389,-39.94564735084327,71.26341247558594,15.0,180.0
147.1170490429532,-31.97994821653405,-39.45014171228412,71.16337585449219,15.0,180.0
147.2490261034261,-32.02006092586266,-38.76484373242688,71.06336975097656,15.0,180.0
147.480144328533,-31.988847136569,-38.2726007264073,70.96343994140625,15.0,180.0
147.60707077940586,-32.125407020415714,-37.96829949160373,70.86327362060547,15.0,180.0
147.48722702219024,-32.326713527384904,-37.763913724261,70.76338195800781,15.0,180.0
147.16955471956254,-32.36130317209278,-37.73426378944371,70.66339874267578,15.0,180.0
146.87653342513408,-31.988532620986906,-37.71714403566971,70.66339874267578,15.0,180.0
146.69813405787215,-31.30862819604276,-37.55160270076471,70.56342315673828,15.0,180.0
146.6034374541869,-30.7116796070878,-37.21449395712986,70.46343231201172,15.0,180.0
146.56992729233207,-30.42043472541823,-36.818144069240965,70.36332702636719,15.0,180.0
146.54047799067294,-30.39053512589222,-36.69806849572296,70.26326751708984,15.0,180.0
146.42523359178406,-30.45118569305261,-36.91206829584141,70.16337585449219,15.0,180.0
146.30134854009532,-30.63423728050679,-37.19513132135462,70.06330871582031,15.0,180.0
146.22724434143015,-30.95331889958787,-37.34012711646394,69.96343231201172,15.0,180.0
146.16956338758789,-31.07673184788811,-37.35516608119993,69.96343231201172,15.0,180.0
146.1474941201403,-30.846562681965835,-37.260708654082805,69.86344146728516,15.0,180.0
146.094656239375,-30.55304488670184,-36.98977412253894,69.76335906982422,15.0,180.0
146.09685762484492,-30.398532993115733,-36.7122131680251,69.66337585449219,15.0,180.0
146.23523346914044,-30.34220819971668,-36.64812606079831,69.56342315673828,15.0,180.0
146.29395729547696,-30.31240286243205,-36.73356628139478,69.46334075927734,15.0,180.0
146.2044616787701,-30.28085741302744,-36.81780114265391,69.36338806152344,15.0,180.0
146.10982231288713,-30.351539706423257,-36.902748530322654,69.26338958740234,15.0,180.0
146.04561211014197,-30.689645081442684,-37.06677955062624,69.26338958740234,15.0,180.0
146.00969347128515,-31.222505331246943,-37.21798524458048,69.1633529663086,15.0,180.0
146.02820804907947,-31.58897312329616,-37.16129972476016,69.06338500976562,15.0,180.0
146.13529550703424,-31.71667807217893,-36.96078447383272,68.96336364746094,15.0,180.0
146.3612578069937,-31.74597760988193,-36.76784291837451,68.86325073242188,15.0,180.0
146.6515848566564,-31.65451707656376,-36.50546063177581,68.7634048461914,15.0,180.0
146.9149314892448,-31.47141597560338,-36.16600259265347,68.66336822509766,15.0,180.0
147.15140999278245,-31.247101585584804,-35.73405266333326,68.66336822509766,15.0,180.0
147.3609325029088,-31.086403717221348,-35.15939563343098,68.56334686279297,15.0,180.0
147.3573180002829,-31.049631807120576,-34.78483467392183,68.46337890625,15.0,180.0
147.01434005461138,-31.06698733267501,-34.718704772517235,68.36334991455078,15.0,180.0
146.53055186548704,-31.16579063433256,-34.59116094022947,68.26351165771484,15.0,180.0
146.17430065846597,-31.32045429023279,-34.40811036309564,68.16351318359375,15.0,180.0
145.9364717874084,-31.378605006702784,-34.39902664130345,68.0633773803711,15.0,180.0
145.6314240513888,-31.36146748769339,-34.581744244298186,67.96334075927734,15.0,180.0
145.2856879930537,-31.43544830251732,-34.8406475515317,67.96334075927734,15.0,180.0
145.22212458823978,-31.70483587447531,-34.889549256900104,67.86332702636719,15.0,180.0
145.60612642720753,-32.12046198058884,-34.77756794810608,67.76347351074219,15.0,180.0
146.0217751011119,-32.53585643376764,-34.79222662198982,67.66346740722656,15.0,180.0
146.08686260440285,-32.93692811499442,-34.77546473984133,67.56333923339844,15.0,180.0
145.87524236922584,-33.28776256715382,-34.66789896591719,67.4632797241211,15.0,180.0
145.52449808391853,-33.3818581316764,-34.60468960917239,67.36339569091797,15.0,180.0
145.25236320659553,-33.13959815028557,-34.5217522263699,67.36339569091797,15.0,180.0
145.16223560173034,-32.62314009708878,-34.40393148247761,67.26349639892578,15.0,180.0
145.08809039671718,-32.101249439705846,-34.46171801085182,67.1634292602539,15.0,180.0
144.91640458692444,-31.895609077651628,-34.821446589810655,67.0633773803711,15.0,180.0
144.73767695215952,-31.9218090636316,-35.10515421793138,66.9633560180664,15.0,180.0
144.774070013351,-32.02459350533169,-35.05452142971119,66.8634262084961,15.0,180.0
145.04532157376028,-32.17864586906074,-34.8867784542614,66.76344299316406,15.0,180.0
145.3299932330193,-32.36381103796206,-34.73094722473291,66.6633529663086,15.0,180.0
145.435972905861,-32.5223212366862,-34.691778354119606,66.6633529663086,15.0,180.0
145.33643113056965,-32.61408360836315,-34.73299572472676,66.5633773803711,15.0,180.0
145.1416521492995,-32.63300831285748,-34.54632077000285,66.46337890625,15.0,180.0
144.95228017317888,-32.5452818658382,-34.25883114473643,66.36343383789062,15.0,180.0
144.87710685394393,-32.33688473380467,-34.24206592650583,66.26349639892578,15.0,180.0
145.01603129037704,-32.093661145423184,-34.36011866728634,66.16334533691406,15.0,180.0
145.3784644023018,-31.89793543329822,-34.51613202374204,66.06342315673828,15.0,180.0
145.76969175677576,-31.79607146405334,-34.84623980564951,66.06342315673828,15.0,180.0
145.9673091686781,-31.77259145081758,-35.14763166304305,65.9633560180664,15.0,180.0
146.07056488140935,-31.646761001184025,-35.08727499685492,65.86334228515625,15.0,180.0
146.27100951997446,-31.45159670469682,-34.49936034902634,65.76348114013672,15.0,180.0
146.54333077346098,-31.41682449853032,-33.6741450762033,65.66333770751953,15.0,180.0
146.69627450792666,-31.584626715788698,-32.95434054501707,65.56336212158203,15.0,180.0
146.70984981524043,-31.79352464592088,-32.387715677012935,65.46332550048828,15.0,180.0
146.6390979925556,-31.967658836749106,-32.01201316189589,65.36326599121094,15.0,180.0
146.39810948353934,-32.03784183115631,-31.73143747971977,65.36326599121094,15.0,180.0
146.09257317716884,-31.94476710959531,-31.56163128844372,65.26342010498047,15.0,180.0
145.86237391206885,-31.908035551797106,-31.682179951655048,65.16328430175781,15.0,180.0
145.76074075376306,-32.00013979313618,-32.22554772083079,65.0632553100586,15.0,180.0
145.94549843128286,-32.02136337094714,-32.959408145488325,64.96333312988281,15.0,180.0
146.29774971028158,-31.96854310891004,-33.64517114355774,64.86347961425781,15.0,180.0
146.39715468547013,-31.95326672261215,-34.29402414489883,64.7634506225586,15.0,180.0
146.21544343054347,-31.98904521734146,-34.81156996770843,64.66336059570312,15.0,180.0
146.1186581200716,-32.08434412236755,-35.166553226947805,64.66336059570312,15.0,180.0
146.145248067576,-32.22306623596254,-35.28585430801329,64.56339263916016,15.0,180.0
146.07869839217204,-32.434226461652386,-35.1998977772617,64.46336364746094,15.0,180.0
145.9578866433218,-32.73376488426695,-35.12211089899195,64.3634033203125,15.0,180.0
145.8976652678587,-33.044670583990815,-35.01210005096341,64.26341247558594,15.0,180.0
145.89673407908344,-33.280885110216204,-34.77528628084289,64.16326141357422,15.0,180.0
146.0106614654952,-33.33862479173612,-34.609858589581904,64.06331634521484,15.0,180.0
146.3065604234573,-33.28962434638795,-34.46655955942521,64.06331634521484,15.0,180.0
146.6661472107989,-33.357813871575374,-34.22196358836448,63.96342468261719,15.0,180.0
146.97752284231825,-33.53193508092612,-34.14983932618626,63.86346054077148,15.0,180.0
147.1646315020251,-33.60769414393197,-34.31216557770557,63.76346206665039,15.0,180.0
147.0369954492965,-33.477817484608806,-34.51445374090533,63.66334915161133,15.0,180.0
146.71866723891046,-33.197625666115144,-34.61716316660778,63.5633544921875,15.0,180.0
146.56906959599692,-32.8658401052611,-34.5470942495214,63.46334457397461,15.0,180.0
146.6488534639219,-32.545415105552365,-34.366398118040465,63.36338424682617,15.0,180.0
146.81768257738972,-32.33099844577291,-34.32977073990498,63.36338424682617,15.0,180.0
146.96453308725043,-32.32791888024049,-34.60457208486148,63.26347732543945,15.0,180.0
147.06779655215294,-32.73410490876426,-34.982138819755335,63.16336059570312,15.0,180.0
147.16254474983796,-33.39915201265459,-35.28962463793413,63.06341171264648,15.0,180.0
147.1810992085746,-33.750590456585705,-35.39803496581551,62.96335601806641,15.0,180.0
146.97676318512762,-33.780167245314374,-35.2856105753611,62.86343383789062,15.0,180.0
146.56366538238433,-33.905510558443765,-35.13748778028834,62.763427734375,15.0,180.0
146.03670122012758,-34.19486013606438,-34.982412889855524,62.763427734375,15.0,180.0
145.42832017905027,-34.35357726900884,-34.873885860462,62.66336822509766,15.0,180.0
144.7321688012353,-34.12476953310961,-34.79370065333298,62.56341552734375,15.0,180.0
144.1265296428713,-33.624970015394254,-34.62464590282107,62.46332168579102,15.0,180.0
143.9108149463102,-33.2285699951166,-34.44424893127891,62.36344146728516,15.0,180.0
144.01630081467124,-33.093752593575296,-34.37981173778963,62.26346588134766,15.0,180.0
144.3047604426418,-33.03839344739508,-34.519393111517715,62.16328430175781,15.0,180.0
144.73786386469183,-32.918928168053085,-34.844297241946954,62.06343078613281,15.0,180.0
145.02700832845954,-32.8195847798796,-35.12533421961645,62.06343078613281,15.0,180.0
145.0829324103935,-32.71457219948351,-35.205272712685776,61.9633903503418,15.0,180.0
145.05764250914297,-32.55714850772038,-35.2630849470711,61.86336898803711,15.0,180.0
144.94213763522566,-32.62121239816275,-35.29725812429852,61.76351928710938,15.0,180.0
144.72846867956605,-32.917795744027764,-35.100178292434705,61.66326141357422,15.0,180.0
144.3885660445918,-33.31840111930913,-34.797394414765506,61.56330108642578,15.0,180.0
144.0547470564886,-33.82723684191614,-34.45286084596996,61.46322631835938,15.0,180.0
143.92101840492927,-34.14366775766433,-33.948068312257945,61.36328887939453,15.0,180.0
143.98763209441017,-34.17172863764472,-33.30112069317123,61.36328887939453,15.0,180.0
144.14259432238114,-34.26508327767881,-32.744951353832825,61.26347351074219,15.0,180.0
144.15037268825333,-34.498778608102505,-32.4197844444376,61.16335678100586,15.0,180.0
144.03556366683932,-34.595328512626075,-32.18356580815078,61.06338882446289,15.0,180.0
144.04463104855083,-34.467117791361275,-31.90320206215406,60.96343612670898,15.0,180.0
144.24296985225268,-34.10571326031193,-31.390213184149168,60.86354827880859,15.0,180.0
144.54187121743286,-33.5097154285349,-30.68729028004584,60.76359558105469,15.0,180.0
144.78124635453122,-32.827213482488766,-30.27630900967451,60.76359558105469,15.0,180.0
144.88663638529988,-32.21793641246595,-30.43940270588664,60.66328811645508,15.0,180.0
144.89226058909335,-31.75731956481927,-30.879993920757112,60.56331253051758,15.0,180.0
144.90372512338905,-31.49503838425252,-31.176697204549715,60.46327590942383,15.0,180.0
145.02718827156926,-31.54150093411908,-31.199173361228763,60.36340713500977,15.0,180.0
145.27821050384398,-31.78360339403822,-31.018596042147426,60.26346588134766,15.0,180.0
145.573138039917,-31.91406706336208,-30.76204702061138,60.16339874267578,15.0,180.0
145.70029678831577,-31.807871351844422,-30.44708538006236,60.06341934204102,15.0,180.0
145.7977343739108,-31.53001828877478,-30.03444527639674,60.06341934204102,15.0,180.0
146.08194797120382,-31.32171610093379,-29.75510313787866,59.9633674621582,15.0,180.0
146.32988679078963,-31.441363528503803,-29.87893229852771,59.86347961425781,15.0,180.0
146.3657323817482,-31.71189006343045,-30.28357114118096,59.76344299316406,15.0,180.0
146.1246535387487,-31.859391227609297,-30.69672059454358,59.66336822509766,15.0,180.0
145.59534196241466,-31.8623705224186,-31.05064064274096,59.56337738037109,15.0,180.0
145.02258064432647,-31.79679037709547,-31.42439258314515,59.46332168579102,15.0,180.0
144.69766155831496,-32.01688403382907,-31.695320975114026,59.46332168579102,15.0,180.0
144.5192281742076,-32.55937768039611,-31.730394300241343,59.36330413818359,15.0,180.0
144.26824738163072,-33.096266493772056,-31.78020797207523,59.26349258422852,15.0,180.0
144.16903938984382,-33.56379338834477,-32.02044495809512,59.16339111328125,15.0,180.0
144.2472976222221,-33.92175513123719,-32.213100547357186,59.06334686279297,15.0,180.0
144.09332192387205,-34.20037552007603,-32.16629122853094,58.9633903503418,15.0,180.0
143.8367034317862,-34.41168401332994,-31.867687712411936,58.86333084106445,15.0,180.0
143.73160376989912,-34.63221207061971,-31.355953868271712,58.76346969604492,15.0,180.0
143.65528726598228,-34.92922663254577,-30.87742686710745,58.76346969604492,15.0,180.0
143.64066552150865,-34.960095686072805,-30.605393578090823,58.66343307495117,15.0,180.0
143.64789752254686,-34.71183187932975,-30.42839172731144,58.56332778930664,15.0,180.0
143.55782596057583,-34.57108095256637,-30.295460810789525,58.46348190307617,15.0,180.0
143.4960812957156,-34.57883075841224,-30.31285788402232,58.3632698059082,15.0,180.0
143.65222643654482,-34.5465839846183,-30.50013618116712,58.2634391784668,15.0,180.0
143.89145395893712,-34.434582967982536,-30.741189593876545,58.16341018676758,15.0,180.0
143.90395977262756,-34.307059064727206,-31.001717346722263,58.06329345703125,15.0,180.0
143.70334661805475,-34.094259077584844,-31.198447389402062,58.06329345703125,15.0,180.0
143.38354538006956,-33.84004752983242,-31.3435211213549,57.96332931518555,15.0,180.0
143.12064748624908,-33.64521717593168,-31.54571760672046,57.86322402954102,15.0,180.0
143.23140269371575,-33.22949350984255,-31.614004989003533,57.76340484619141,15.0,180.0
143.59657888083365,-32.61625368132613,-31.445695116811137,57.66355133056641,15.0,180.0
143.92394596527402,-32.297850678274514,-31.117943369696803,57.56338882446289,15.0,180.0
144.18479249250362,-32.36857073614734,-30.61542927727561,57.46339416503906,15.0,180.0
144.35639473424183,-32.58506781546814,-30.08344750928779,57.46339416503906,15.0,180.0
144.3153246503793,-32.78998493360448,-29.868022207193786,57.36331176757812,15.0,180.0
144.04908355470323,-33.04886862644719,-30.01606305677366,57.26340484619141,15.0,180.0
143.7668815549798,-33.40214248057762,-30.254631857298303,57.16349411010742,15.0,180.0
143.62790200627748,-33.66547455227626,-30.625473953232326,57.06336212158203,15.0,180.0
143.71661094743425,-33.80842210417999,-31.13273749845556,56.96337127685547,15.0,180.0
144.05382053540544,-33.9004347319191,-31.36143804182281,56.86345291137695,15.0,180.0
144.496933302128,-33.87340690202397,-31.275911798456693,56.76340866088867,15.0,180.0
144.91654020475832,-33.71851916464314,-31.26714661846928,56.76340866088867,15.0,180.0
145.10188825859123,-33.434421714715334,-31.479226802257344,56.66342544555664,15.0,180.0
144.97389425258876,-33.108581758733635,-31.5182988115508,56.5633544921875,15.0,180.0
144.75796180045418,-32.93628867732405,-31.125837463424592,56.46337127685547,15.0,180.0
144.5229018160798,-32.89404130892674,-30.86555785673014,56.36344909667969,15.0,180.0
144.31773526479077,-32.94088686325298,-31.085323435887943,56.26340484619141,15.0,180.0
144.28103684836535,-33.075404076833365,-31.366560312657377,56.16342544555664,15.0,180.0
144.29841806552105,-33.07073873041213,-31.37327581938252,56.16342544555664,15.0,180.0
144.03173469707886,-32.767477319833,-31.12374185590668,56.06344604492188,15.0,180.0
143.40444728363588,-32.36313564470114,-30.8650194501726,55.96338272094727,15.0,180.0
142.85872457870892,-32.21818116446019,-30.639526639480795,55.86326599121094,15.0,180.0
142.72015191753644,-32.383108987952376,-30.263852140127884,55.76332473754883,15.0,180.0
142.76967072990664,-32.532235525571416,-29.844996358901923,55.66342544555664,15.0,180.0
142.62126813709455,-32.48087167119881,-29.61291574789035,55.56333541870117,15.0,180.0
142.33237485908433,-32.350037563436345,-29.51082958028481,55.46335220336914,15.0,180.0
142.12191784199547,-32.29347351602604,-29.291348878026746,55.46335220336914,15.0,180.0
141.9289585649878,-32.32980456393255,-28.924411978309337,55.36328506469727,15.0,180.0
141.78850201869477,-32.37497480057336,-28.517862635011745,55.26333999633789,15.0,180.0
141.76118208292738,-32.305069686455816,-28.201006555271203,55.16345596313477,15.0,180.0
141.7942331480168,-32.25956955413562,-28.137649903954696,55.06330490112305,15.0,180.0
141.86131192457785,-32.40077824465035,-28.26251729880033,54.96333694458008,15.0,180.0
142.00058285478684,-32.60425511719285,-28.427451291821463,54.86331176757812,15.0,180.0
142.19634121527392,-32.81294262682573,-28.61564519836726,54.86331176757812,15.0,180.0
142.48946923413718,-32.94992950334982,-28.68531264141888,54.76329803466797,15.0,180.0
142.95100206896075,-32.72735770793255,-28.53363563864315,54.66341400146484,15.0,180.0
143.33025410655014,-32.177595149880226,-28.41742349347933,54.56333160400391,15.0,180.0
143.3249186795572,-31.768539247475907,-28.393345743412148,54.46336364746094,15.0,180.0
142.9961977314356,-31.56466465795807,-28.37457354704662,54.36331939697266,15.0,180.0
142.56107903648268,-31.26408090134971,-28.52944156572701,54.26341247558594,15.0,180.0
142.16212663841742,-30.860700797282497,-28.86554107109589,54.16345977783203,15.0,180.0
141.97352511493082,-30.60288503024472,-29.35780322843424,54.16345977783203,15.0,180.0
141.95636859080616,-30.53977026095816,-29.92050764949049,54.06335830688477,15.0,180.0
141.90566489988757,-30.47529668792557,-30.22039373382812,53.9633674621582,15.0,180.0
141.89819516894056,-30.345670323909605,-30.12686444030779,53.8632926940918,15.0,180.0
142.14747453451616,-30.233301272913305,-29.87706261038545,53.76342010498047,15.0,180.0
142.43198046217674,-30.30381549249904,-29.641438720153552,53.66348648071289,15.0,180.0
142.42166664782388,-30.629232382038992,-29.490010987361853,53.56338119506836,15.0,180.0
142.33219955385346,-31.0424453251733,-29.3739620695702,53.46346664428711,15.0,180.0
142.44252616120494,-31.44630532642625,-29.04432593961625,53.46346664428711,15.0,180.0
142.6417397799161,-31.844566709113984,-28.56161872759872,53.36327362060547,15.0,180.0
142.69544981050402,-32.108000704415154,-28.02184158020001,53.26334381103516,15.0,180.0
142.62956433845554,-32.134517003360536,-27.59162452811263,53.16347503662109,15.0,180.0
142.6208628132256,-31.991650961928748,-27.55049215516317,53.0633544921875,15.0,180.0
142.5462916866464,-31.740035723407743,-27.58060565007173,52.96341705322266,15.0,180.0
142.15389416911603,-31.55155585333207,-27.473157500603467,52.86336517333984,15.0,180.0
141.6077884929474,-31.5331560430509,-27.4383430549566,52.86336517333984,15.0,180.0
141.1889683914744,-31.56447251361413,-27.464502472007265,52.76335906982422,15.0,180.0
141.00788863204835,-31.71348429514785,-27.52065360662553,52.66340637207031,15.0,180.0
141.0869007138647,-31.998917510212056,-27.527904378908485,52.56344223022461,15.0,180.0
141.24028155282136,-32.208795838750206,-27.529742773249406,52.46358108520508,15.0,180.0
141.28977114648563,-32.398522931521164,-27.747349046409624,52.36355972290039,15.0,180.0
141.27067732276328,-32.611276906549016,-27.93984530141069,52.26346588134766,15.0,180.0
141.23172737005723,-32.61754296069847,-27.88927822970132,52.1634521484375,15.0,180.0
141.05664368003175,-32.49291076114608,-27.76059557082896,52.1634521484375,15.0,180.0
140.8394653400107,-32.432173291451484,-27.63447056547856,52.06337356567383,15.0,180.0
140.8023616444085,-32.330995167722506,-27.38811872222616,51.96331024169922,15.0,180.0
140.84950460752106,-32.08095498425975,-26.937552737965703,51.86331558227539,15.0,180.0
140.86296913747694,-31.82343394308088,-26.509213094415163,51.76337814331055,15.0,180.0
140.97603419258144,-31.71942163739456,-26.28084745888677,51.66345977783203,15.0,180.0
141.18939007894315,-31.670371881923177,-26.06840733807297,51.56341171264648,15.0,180.0
141.19805573167983,-31.62401424631777,-25.68944339995849,51.56341171264648,15.0,180.0
140.84952682608872,-31.66075229801874,-25.250271322406075,51.46343994140625,15.0,180.0
140.27099417540185,-31.818433295314307,-25.00391067789227,51.36340713500977,15.0,180.0
139.74975838791423,-31.93319759824641,-25.070035124271804,51.26337051391602,15.0,180.0
139.56867650550996,-31.877591748774083,-25.319721766331032,51.16349411010742,15.0,180.0
139.58652483547627,-31.66994196027739,-25.54069634911712,51.06332397460938,15.0,180.0
139.570063450721,-31.292864310034325,-25.61963733336198,50.96326065063477,15.0,180.0
139.74090172427182,-31.109114499980283,-25.63260347639219,50.86334228515625,15.0,180.0
140.21727461087306,-31.27685485062897,-25.69992167674308,50.86334228515625,15.0,180.0
140.6389183880197,-31.439668740089097,-25.71822070073637,50.7633171081543,15.0,180.0
140.75205491288617,-31.48508515393201,-25.604643568676643,50.66335296630859,15.0,180.0
140.70973580478565,-31.51286689224185,-25.59405563211689,50.56340408325195,15.0,180.0
140.73078518920065,-31.55987801470752,-25.8298462557503,50.46341323852539,15.0,180.0
140.81630172686275,-31.68528441478568,-26.04736088283412,50.36333847045898,15.0,180.0
140.84143825345996,-31.9052217323268,-25.95463198696096,50.26335906982422,15.0,180.0
140.87893209253417,-32.15368062476342,-25.737673819657687,50.16333770751953,15.0,180.0
140.97217456698112,-32.36751959332372,-25.69728538508166,50.16333770751953,15.0,180.0
140.94606315193585,-32.56158154873928,-25.87196406977377,50.06330871582031,15.0,180.0
140.74583519912008,-32.87093214262664,-26.22003250625487,49.96334838867188,15.0,180.0
140.40098972340158,-33.20798889535607,-26.411727452405813,49.86339950561523,15.0,180.0
139.98752023811906,-33.36572955399797,-26.356146988762923,49.76343154907227,15.0,180.0
139.71706100001262,-33.36349259268712,-26.3448659109908,49.66335678100586,15.0,180.0
139.6119224330718,-33.33688742555239,-26.36835632963563,49.56339263916016,15.0,180.0
139.38511569430776,-33.40887242727557,-26.420589814490103,49.56339263916016,15.0,180.0
138.91050052122026,-33.57992816433661,-26.549356664374365,49.46331787109375,15.0,180.0
138.43669187193447,-33.70773497574734,-26.708303339056755,49.36336517333984,15.0,180.0
138.26327791634034,-33.655789147545455,-26.85411270939951,49.26347351074219,15.0,180.0
138.36870435247562,-33.39167839701202,-26.865745462111786,49.16333389282227,15.0,180.0
138.59653148595515,-32.9634427699506,-26.76140735130901,49.06338500976562,15.0,180.0
138.7236895665262,-32.51460420304027,-26.67492138011196,48.96338653564453,15.0,180.0
138.73336317971737,-32.35975108714703,-26.56365884912817,48.86337661743164,15.0,180.0
139.02464330627197,-32.59865696464769,-26.43341311651265,48.86337661743164,15.0,180.0
139.39857730556628,-32.851334537741025,-26.38991093921032,48.76342010498047,15.0,180.0
139.36913411603885,-32.8308457510479,-26.36937404638008,48.6634635925293,15.0,180.0
139.1683876652819,-32.5893752270111,-26.284869575372245,48.56338500976562,15.0,180.0
139.0824013304073,-32.2790419503681,-26.0939350146431,48.46331787109375,15.0,180.0
139.11085107214456,-32.04501293254552,-25.743369417738545,48.36331939697266,15.0,180.0
139.1121351485877,-32.070697336784185,-25.265723283779963,48.2632942199707,15.0,180.0
139.0029898624723,-32.37216096000747,-24.70619012187384,48.2632942199707,15.0,180.0
138.96398776905198,-32.70807734079556,-24.101700038020333,48.16343307495117,15.0,180.0
138.8848151499339,-32.901698382588066,-23.713815841433043,48.06349945068359,15.0,180.0
138.5899598872204,-32.96562807383114,-23.59676328734195,47.96335601806641,15.0,180.0
138.23352379133823,-33.001239056408686,-23.602898970892,47.8633918762207,15.0,180.0
137.9226223413209,-33.02555668467399,-23.851630780543783,47.76327896118164,15.0,180.0
137.654341287198,-33.05445918320718,-24.334041094021472,47.66338348388672,15.0,180.0
137.51405874302435,-33.18576213784695,-24.83559679738493,47.56340789794922,15.0,180.0
137.54655097069326,-33.354445887323216,-25.143689104771536,47.56340789794922,15.0,180.0
137.59754051436823,-33.47888074060209,-25.33175812980572,47.46335983276367,15.0,180.0
137.65208345628616,-33.646119047128366,-25.58845305094552,47.36354064941406,15.0,180.0
137.76431090292624,-33.70307039772777,-25.72738283994043,47.2634162902832,15.0,180.0
137.8184369220524,-33.53644232288757,-25.728520264607194,47.16347503662109,15.0,180.0
137.88121245867262,-33.35669400127967,-25.812573148230776,47.06353759765625,15.0,180.0
138.0380501416564,-33.27109884124613,-25.87757702530043,46.96334457397461,15.0,180.0
138.1470010280034,-33.21307789107331,-25.81964009239209,46.96334457397461,15.0,180.0
138.11472602686973,-33.08826788202378,-25.75163953086908,46.86337661743164,15.0,180.0
138.07806092299398,-32.877045945987675,-25.73450406727417,46.76331329345703,15.0,180.0
138.19373463105157,-32.71403443004142,-25.68150338092381,46.66336059570312,15.0,180.0
138.28749734461587,-32.596112573044124,-25.527747761039475,46.56342315673828,15.0,180.0
138.27707002863735,-32.38210186843603,-25.24910860931546,46.46332550048828,15.0,180.0
138.19949688023056,-32.17576225071093,-24.78339477881869,46.36338806152344,15.0,180.0
137.97043034216264,-32.0205063654931,-24.25325382456015,46.26340484619141,15.0,180.0
137.68882797557782,-31.86303537233977,-23.825757717437337,46.26340484619141,15.0,180.0
137.44831492754415,-31.751673237116336,-23.52554091652064,46.16344451904297,15.0,180.0
137.10981336423131,-31.780126891667766,-23.33913875860962,46.0634651184082,15.0,180.0
136.65674057727057,-32.046007953328626,-23.13723912068399,45.96333694458008,15.0,180.0
136.38686012495535,-32.436595837318905,-22.967206294940752,45.86342239379883,15.0,180.0
136.42284972484492,-32.698955064456285,-23.10878411326322,45.76338195800781,15.0,180.0
136.57188995940734,-32.7505498497749,-23.49117790555464,45.66350173950195,15.0,180.0
136.7645658431486,-32.619994483234755,-23.73684310571873,45.56361389160156,15.0,180.0
137.0071256829226,-32.34808431565939,-23.73454160805161,45.56361389160156,15.0,180.0
137.05617733595895,-32.124319926573456,-23.67905227666728,45.46341323852539,15.0,180.0
136.81174856165592,-32.04119412027424,-23.607003375501385,45.36325836181641,15.0,180.0
136.50072957101966,-32.01184953184085,-23.50242024579745,45.26324081420898,15.0,180.0
136.11918185371638,-31.99558535123595,-23.47335954790337,45.16321563720703,15.0,180.0
135.61527884714764,-31.99375330854614,-23.457242188480425,45.06337356567383,15.0,180.0
135.19982846298916,-32.11100655354174,-23.443715389568013,44.96329879760742,15.0,180.0
135.0314106395801,-32.341772801077056,-23.499072354488632,44.96329879760742,15.0,180.0
135.04902995856563,-32.406725558806805,-23.54376471786077,44.86334991455078,15.0,180.0
135.04744871411833,-32.22370451423957,-23.446235650047672,44.76330947875977,15.0,180.0
134.96205486207558,-32.05221240987666,-23.187899465994107,44.66339874267578,15.0,180.0
134.91327408066414,-32.06123745443283,-23.03951259347504,44.56351470947266,15.0,180.0
134.9640770553828,-32.10184280906634,-23.13013075663028,44.4632453918457,15.0,180.0
135.1059582140276,-32.08938043857685,-23.383731489156844,44.36329650878906,15.0,180.0
135.18678005922672,-32.15792257508954,-23.63886633302692,44.26340103149414,15.0,180.0
135.01765766262346,-32.14413843159735,-23.734235585259377,44.26340103149414,15.0,180.0
134.61873379582798,-31.82546063106674,-23.747059481826703,44.16342926025391,15.0,180.0
134.14991204357204,-31.28468917845688,-23.66983814357832,44.06335830688477,15.0,180.0
133.7538283138085,-30.6433340023056,-23.51144962275381,43.96332168579102,15.0,180.0
133.37671033962545,-30.043311126764305,-23.34897227737963,43.86337280273438,15.0,180.0
132.9768497245021,-29.65106735416404,-23.309993351434915,43.76344680786133,15.0,180.0
132.63243613810732,-29.674363900803627,-23.3817655540349,43.66363906860352,15.0,180.0
132.36610386309658,-30.02673585236353,-23.409921710020523,43.66363906860352,15.0,180.0
132.24906847795148,-30.26784641578213,-23.388472170350845,43.56343841552734,15.0,180.0
132.27589729092313,-30.24150970128784,-23.204565115215487,43.46337509155273,15.0,180.0
132.26210727815533,-30.18216697612124,-22.98359729008348,43.36339569091797,15.0,180.0
132.14131123561597,-30.22925484321421,-23.00000400575581,43.26329803466797,15.0,180.0
131.96870912980108,-30.13570231952345,-23.195660122619284,43.1634407043457,15.0,180.0
131.77387271941006,-29.874514298712185,-23.45411836377233,43.06336212158203,15.0,180.0
131.5739128646944,-29.79901641968204,-23.61433100299943,42.96333694458008,15.0,180.0
131.35483407362312,-29.97568772727648,-23.428947152694388,42.96333694458008,15.0,180.0
131.18216305349745,-30.20104946330575,-22.92132495860277,42.86342239379883,15.0,180.0
131.0853309309192,-30.56171692524465,-22.41335051326144,42.76337814331055,15.0,180.0
130.92823037189876,-31.178312009824,-22.07408713432037,42.66345977783203,15.0,180.0
130.75198139239004,-31.70835444022012,-21.86043209147671,42.56332397460938,15.0,180.0
130.6975942569659,-31.922853732725784,-21.84379692428152,42.46324157714844,15.0,180.0
130.61277097331703,-31.907298496542207,-22.039063190844587,42.36336135864258,15.0,180.0
130.46688288615942,-31.723971938148345,-22.227838026925564,42.26340866088867,15.0,180.0
130.426819367684,-31.4895301294704,-22.0637505528288,42.26340866088867,15.0,180.0
130.3696372188249,-31.325652368206867,-21.546797351948907,42.16345596313477,15.0,180.0
130.2011902837134,-31.16760205389868,-21.25251432486632,42.06340408325195,15.0,180.0
130.12673564122446,-30.87992423473388,-21.447858160480287,41.96340560913086,15.0,180.0
130.14708091982598,-30.466866636299432,-21.736171105088104,41.86344528198242,15.0,180.0
130.10704654151309,-30.11354976621385,-21.85748226558809,41.76363372802734,15.0,180.0
130.13052359356152,-29.86851428182134,-21.967856528102093,41.66339874267578,15.0,180.0
130.1618901622158,-29.546761332634485,-22.12039612846841,41.66339874267578,15.0,180.0
129.94257825005377,-29.07777391444072,-22.092350119840926,41.56322860717773,15.0,180.0
129.56047809304675,-28.641002453809328,-21.74460707782801,41.46323013305664,15.0,180.0
129.2296283762597,-28.60247618343646,-21.364157979357607,41.36328506469727,15.0,180.0
128.92984509547628,-29.02206909693781,-21.183763256140303,41.26340103149414,15.0,180.0
128.61603406477795,-29.56786842530424,-20.89615157799605,41.16345596313477,15.0,180.0
128.26457111510908,-29.961421637236363,-20.48879800786862,41.06336212158203,15.0,180.0
127.8047147665793,-30.031142274033773,-20.24266113633284,40.96343231201172,15.0,180.0
127.28971818794336,-29.87834584008157,-20.022069724071027,40.96343231201172,15.0,180.0
126.93020896935762,-29.856909536983714,-19.79577753440619,40.86343383789062,15.0,180.0
126.87861642973972,-29.94690222977508,-19.71020342776221,40.76344299316406,15.0,180.0
126.9822669518616,-29.935912443465835,-19.645851092793905,40.66336822509766,15.0,180.0
127.04299590454538,-29.87634523091196,-19.510822662596745,40.56325531005859,15.0,180.0
126.96013276703356,-29.74440178975959,-19.43526089287686,40.46339416503906,15.0,180.0
126.6694229643862,-29.51916318462509,-19.50437269744633,40.36336135864258,15.0,180.0
126.2587739982451,-29.343447909504444,-19.843411633485985,40.36336135864258,15.0,180.0
125.91600700338992,-29.23265001754769,-20.3502083881733,40.2633056640625,15.0,180.0
125.76445786761354,-29.055920549982737,-20.684868560349244,40.16337966918945,15.0,180.0
125.7837448969386,-28.71649670561109,-20.84662539903748,40.06335830688477,15.0,180.0
125.92993883836866,-28.31509720951432,-20.868199528051733,39.96330642700195,15.0,180.0
126.18206046221708,-27.80358824110561,-20.819098253689656,39.863525390625,15.0,180.0
126.38718366906878,-27.04124258940954,-20.838087826387,39.76332855224609,15.0,180.0
126.4589093009284,-26.452788033687245,-20.841622922181188,39.66323852539062,15.0,180.0
126.51124913217592,-26.460108751809464,-20.693667446377127,39.66323852539062,15.0,180.0
126.45251950833442,-26.832176519433823,-20.446613209963537,39.56332015991211,15.0,180.0
126.06776537332156,-27.069172394666225,-20.295635692834686,39.46318435668945,15.0,180.0
125.42487354982832,-27.034511676879973,-20.31827511220378,39.3633918762207,15.0,180.0
124.70826583503464,-26.92070061744042,-20.354937279979023,39.26332473754883,15.0,180.0
123.98285940651388,-26.85114499125868,-20.221973246440616,39.16324996948242,15.0,180.0
123.21079828679044,-26.800924750884768,-20.126041988417946,39.06346893310547,15.0,180.0
122.3291197944618,-26.73687726687378,-20.2266043637842,39.06346893310547,15.0,180.0
121.49804169616368,-26.828147435779904,-20.29551217719972,38.96366882324219,15.0,180.0
120.96433637779424,-27.10675321738457,-20.12688381871504,38.86358261108398,15.0,180.0
120.59731348088071,-27.39951610352638,-19.77098012652321,38.76345062255859,15.0,180.0
120.35435718925515,-27.6772742307418,-19.361027416113863,38.6633415222168,15.0,180.0
120.29700006082876,-27.84823321699748,-18.92294271823762,38.5633544921875,15.0,180.0
120.19989591953596,-27.92186240021554,-18.47980149073884,38.46353530883789,15.0,180.0
120.02718336239352,-28.111703917318795,-18.079628091608804,38.36336517333984,15.0,180.0
119.82701544634251,-28.40874609149669,-17.92755624069501,38.36336517333984,15.0,180.0
119.5225211804016,-28.519402126134977,-18.12641425534757,38.26338958740234,15.0,180.0
119.17906096149628,-28.182211114702977,-18.330603649373607,38.16337966918945,15.0,180.0
119.06174434274712,-27.711857919724416,-18.37330393045832,38.06337356567383,15.0,180.0
119.18344698371018,-27.379036697822336,-18.555214260165915,37.96344757080078,15.0,180.0
119.2042546913958,-27.040514433213207,-18.96189407432407,37.86333465576172,15.0,180.0
118.9573871148576,-26.919151753232327,-19.42146318413405,37.7633171081543,15.0,180.0
118.47312234020217,-27.14765975253412,-19.86922391473008,37.66344833374023,15.0,180.0
117.85962486097408,-27.405120923420338,-20.26474654939701,37.66344833374023,15.0,180.0
117.18144177134866,-27.33278861237825,-20.61325610210644,37.56337738037109,15.0,180.0
116.43545517076544,-26.97662829581568,-21.093476940736576,37.46339797973633,15.0,180.0
115.74409110069668,-26.94473391554408,-21.64277343623904,37.3633918762207,15.0,180.0
115.2989127845361,-27.48065783261948,-21.74712546080088,37.26335525512695,15.0,180.0
115.16349650329636,-28.03981028992109,-21.28052263899836,37.16341400146484,15.0,180.0
115.2136370644293,-28.24290364693184,-20.72143035819944,37.06338882446289,15.0,180.0
115.25214160477194,-28.214568058683746,-20.182492507604227,37.06338882446289,15.0,180.0
115.16464450217288,-28.127388628132262,-19.447353518021444,36.96352005004883,15.0,180.0
115.00738336644945,-28.06652640777572,-18.66182256245631,36.86345672607422,15.0,180.0
114.80916113626368,-28.058676402901423,-17.966622658211392,36.7633171081543,15.0,180.0
114.60735307713462,-28.105315636645848,-17.511580519689243,36.66335296630859,15.0,180.0
114.51278810145918,-28.04025607724752,-17.445270776733402,36.56354141235352,15.0,180.0
114.43827847313491,-27.73696667792976,-17.5225802844916,36.46350479125977,15.0,180.0
114.39793758363037,-27.3708213603615,-17.563800308009103,36.36346054077148,15.0,180.0
114.58754015576234,-27.02936556363907,-17.614750777436715,36.36346054077148,15.0,180.0
114.80586902121463,-26.79244189137853,-17.69676475077108,36.26331329345703,15.0,180.0
114.6865149292882,-26.709684753466327,-17.73244877779174,36.16338348388672,15.0,180.0
114.30261205002836,-26.591631245134867,-17.74158757826625,36.06338882446289,15.0,180.0
113.8890203919994,-26.41840490697724,-17.843139003735814,35.96340179443359,15.0,180.0
113.43058065673732,-26.286784387611696,-17.936202572699123,35.86334609985352,15.0,180.0
112.97633407738611,-26.17551175737321,-17.944480983745297,35.76324462890625,15.0,180.0
112.6571993413204,-26.04500331333193,-18.03775889293082,35.76324462890625,15.0,180.0
112.3732400155069,-25.935212519598352,-18.34346008809783,35.6633415222168,15.0,180.0
112.058594233601,-25.867804412857737,-18.70486037522716,35.5633544921875,15.0,180.0
111.69520451628324,-25.787227625616893,-18.894456543017974,35.46345901489258,15.0,180.0
111.2804407571118,-25.728265237556947,-18.87112553358042,35.3633918762207,15.0,180.0
110.99998740718564,-25.69731695986967,-18.699587076212257,35.26322174072266,15.0,180.0
110.818778845122,-25.479521303424686,-18.65878392928206,35.16329193115234,15.0,180.0
110.59968879457126,-25.07543457441437,-18.9389823665081,35.06330490112305,15.0,180.0
110.50730598740354,-24.69090159497193,-19.355394605524324,35.06330490112305,15.0,180.0
110.56618603236797,-24.319838490471664,-19.736963028287285,34.96344375610352,15.0,180.0
110.60221490163276,-24.100109348139675,-19.93457523826685,34.86354446411133,15.0,180.0
110.47968804590444,-24.21538796634979,-19.93334624116474,34.76339340209961,15.0,180.0
110.14873933885688,-24.56737386668422,-19.825653909442224,34.66328048706055,15.0,180.0
109.73198177403994,-25.04088683048013,-19.616745221636585,34.56336975097656,15.0,180.0
109.37390423044964,-25.451511019784707,-19.301656082093427,34.46335601806641,15.0,180.0
109.1943283831345,-25.608482918970925,-18.839247251776428,34.36327362060547,15.0,180.0
109.13752401606732,-25.56027695665833,-18.32630120848933,34.36327362060547,15.0,180.0
109.00733128839434,-25.487453611329347,-17.930890501848864,34.26331329345703,15.0,180.0
108.81405663435793,-25.527342889575618,-17.680153140485046,34.16342163085938,15.0,180.0
108.61254516733752,-25.65548128785336,-17.513956270178294,34.06336975097656,15.0,180.0
108.37530039708736,-25.74425760659709,-17.457077817080236,33.9634895324707,15.0,180.0
108.04063884798802,-25.784310251810524,-17.519850693331957,33.8634147644043,15.0,180.0
107.49628490344485,-25.883583246315688,-17.571886854559203,33.76341247558594,15.0,180.0
106.95509600986124,-25.98283319176392,-17.63449262229439,33.76341247558594,15.0,180.0
106.65059233111369,-25.94132436215396,-17.831889924690294,33.66342163085938,15.0,180.0
106.36141760864828,-25.64486289413293,-18.174569907591525,33.56335830688477,15.0,180.0
105.94921762548282,-25.035023899486657,-18.50942360179616,33.46347045898438,15.0,180.0
105.50765634878228,-24.29678348467115,-18.682548269547286,33.36336898803711,15.0,180.0
105.16815195546089,-23.663276758296192,-18.701973714216656,33.26339721679688,15.0,180.0
104.8381217658019,-23.28652450733993,-18.53476332894804,33.16345596313477,15.0,180.0
104.35461372231772,-23.23239135136728,-18.28193797552404,33.06338500976562,15.0,180.0
103.79380911319086,-23.32426035874628,-18.137735210275363,33.06338500976562,15.0,180.0
103.2240686229392,-23.349303525258623,-18.05270506046412,32.96340942382812,15.0,180.0
102.84523613010552,-23.28147176966424,-17.93243241027023,32.86333465576172,15.0,180.0
102.75415416350616,-23.17701400440072,-17.780798214146174,32.7632942199707,15.0,180.0
102.81183300138248,-23.07829465913597,-17.623980140209905,32.66332244873047,15.0,180.0
102.93499869202914,-22.997694620381782,-17.66587364358672,32.56338500976562,15.0,180.0
103.02658362501371,-23.010528532649086,-18.028552281199293,32.46342086791992,15.0,180.0
103.04742222587063,-23.130228510142395,-18.4080868344289,32.46342086791992,15.0,180.0
102.97155999767526,-23.167102537453463,-18.578633875556186,32.36338806152344,15.0,180.0
102.85493442648465,-23.06569707167607,-18.54790800435465,32.26340866088867,15.0,180.0
102.69841938779292,-23.021430585335185,-18.405178260164405,32.16337203979492,15.0,180.0
102.34605900044488,-23.10306666395327,-18.177488038857422,32.06336975097656,15.0,180.0
101.88694462069954,-23.310574865131,-17.857845593666724,31.96344757080078,15.0,180.0
101.46048977836298,-23.57512762819967,-17.582764098714343,31.86336135864258,15.0,180.0
101.11006739611234,-23.62993491845437,-17.36592758562451,31.76337242126465,15.0,180.0
100.8357641482303,-23.45187241819921,-17.30327941185249,31.76337242126465,15.0,180.0
100.47725685348264,-23.147110076065573,-17.582696660516515,31.66339492797852,15.0,180.0
99.97010676102256,-22.72755281271993,-17.99366307909408,31.56340789794922,15.0,180.0
99.47421896643978,-22.315749601994924,-18.23706827855067,31.4635009765625,15.0,180.0
99.2193604589766,-22.014654661988747,-18.32792789701801,31.36336135864258,15.0,180.0
99.19984846188343,-21.76522739897226,-18.316798320713787,31.26345443725586,15.0,180.0
99.1485139074595,-21.55437320249119,-18.167556594487905,31.16334533691406,15.0,180.0
98.9120861910326,-21.535848278156404,-17.982930162446717,31.16334533691406,15.0,180.0
98.59361246072736,-21.76057152449598,-17.913001024695316,31.06338882446289,15.0,180.0
98.49918939284024,-22.110460885391937,-17.966630556574408,30.96341323852539,15.0,180.0
98.69265938532088,-22.581904063227427,-18.06328019960952,30.86330032348633,15.0,180.0
98.94093548577275,-23.22428161275982,-18.15220829434282,30.76338386535645,15.0,180.0
99.18958430202794,-23.951422901582948,-18.18189000239445,30.66338920593262,15.0,180.0
99.24922797359751,-24.604215028839768,-18.01843111349389,30.56350517272949,15.0,180.0
98.96233247946095,-24.98548580919,-17.584848397880926,30.46370697021484,15.0,180.0
98.610018161834,-24.94197625480818,-16.929697845979785,30.46370697021484,15.0,180.0
98.3343732276953,-24.62389336249513,-16.257434442284925,30.3636417388916,15.0,180.0
98.11967850415984,-24.306532930199666,-15.821710464151373,30.26322746276855,15.0,180.0
98.04800456988166,-23.949509049008025,-15.64538952983618,30.16329765319824,15.0,180.0
98.07322243612406,-23.437132214957845,-15.522852137342088,30.06324195861816,15.0,180.0
98.01635219821004,-22.882492298656373,-15.279361591783507,29.96330833435059,15.0,180.0
97.8123369429496,-22.38422624030673,-14.957153234604624,29.86334037780762,15.0,180.0
97.4729265319259,-21.86331184342286,-14.768766114417105,29.76337051391602,15.0,180.0
97.01656443349238,-21.370848088633657,-14.812911338187098,29.76337051391602,15.0,180.0
96.40913496094116,-21.001538913628,-15.033498400887703,29.66342544555664,15.0,180.0
95.6420068035124,-20.63842154824613,-15.443151505773894,29.56350898742676,15.0,180.0
94.95524229403772,-20.30010917288639,-15.869846726337313,29.46336555480957,15.0,180.0
94.51549943689584,-20.180863210102974,-16.117811066514076,29.3632869720459,15.0,180.0
94.2698699949798,-20.311145171914102,-16.227881096776237,29.26333236694336,15.0,180.0
94.16462409874464,-20.573420030221072,-16.30337559169094,29.16327476501465,15.0,180.0
94.13979251520774,-20.98568211290703,-16.520513538990762,29.16327476501465,15.0,180.0
94.13330517104316,-21.540302608707755,-16.86608366870877,29.0632495880127,15.0,180.0
94.21732839887348,-21.93589270317801,-17.059721534944547,28.96331977844238,15.0,180.0
94.35090602314784,-22.1503999024094,-16.856665631084148,28.86329460144043,15.0,180.0
94.27397527512149,-22.34976178773911,-16.53234853846852,28.76346397399902,15.0,180.0
93.92930249534548,-22.311336847253845,-16.426362037794675,28.66342163085938,15.0,180.0
93.40578491298729,-21.90054063957502,-16.314646663880318,28.56332778930664,15.0,180.0
92.82518943900176,-21.22024199403777,-16.150806128316756,28.4633731842041,15.0,180.0
92.28313302953768,-20.450529843162315,-16.112356174199622,28.4633731842041,15.0,180.0
91.79761169058956,-19.874511540174986,-16.160279911974406,28.36322593688965,15.0,180.0
91.5450800949637,-19.4739791375627,-16.213338614256735,28.26339912414551,15.0,180.0
91.55231058747248,-19.06507684873984,-16.216270803346774,28.1634407043457,15.0,180.0
91.60742394671549,-18.69991120452795,-16.05782928737569,28.06331634521484,15.0,180.0
91.53390221760895,-18.414623175435555,-15.763272253120116,27.96341705322266,15.0,180.0
91.27464399208414,-18.215207998965425,-15.496910188194242,27.86343574523926,15.0,180.0
90.8760212397592,-18.19015949650303,-15.247647577380054,27.86343574523926,15.0,180.0
90.30921751563788,-18.338601934540304,-14.95518203092253,27.76346206665039,15.0,180.0
89.56917667817277,-18.51927458140057,-14.758559551428242,27.66339874267578,15.0,180.0
88.7861329237439,-18.58652287696848,-14.80648657759032,27.56332969665527,15.0,180.0
88.17763042380155,-18.61242269547964,-14.992225384236049,27.46335983276367,15.0,180.0
87.7750819083761,-18.746359297988164,-15.197467016912036,27.36346435546875,15.0,180.0
87.5109660801102,-18.93980569505347,-15.433183127106702,27.26339912414551,15.0,180.0
87.40299607682994,-19.14004531555332,-15.66248722381301,27.1633186340332,15.0,180.0
87.09246859519027,-19.307773554781804,-15.720524485243343,27.1633186340332,15.0,180.0
86.36574670661813,-19.30873383699169,-15.52702089973412,27.06342315673828,15.0,180.0
85.61397961685715,-19.14463025680772,-15.256433918740182,26.96343612670898,15.0,180.0
85.15192484223779,-18.986402054416924,-15.049980858646524,26.86346435546875,15.0,180.0
84.99505090464388,-18.944463472773503,-14.826169881018537,26.7635326385498,15.0,180.0
84.88146805888265,-18.94233400448629,-14.62907292544984,26.66336250305176,15.0,180.0
84.64529905901175,-18.971201374978705,-14.734624004765656,26.56337928771973,15.0,180.0
84.43931072043986,-19.10940382523892,-15.169171303218263,26.46327590942383,15.0,180.0
84.36836446173155,-19.19675645015236,-15.788524659373476,26.46327590942383,15.0,180.0
84.32174493377721,-19.07812753612581,-16.339806915648765,26.36332893371582,15.0,180.0
84.0791286109664,-18.824607229031045,-16.563273031100508,26.26348876953125,15.0,180.0
83.77217560525715,-18.526781849212234,-16.57353599883647,26.16342735290527,15.0,180.0
83.58714994236392,-18.3649807047676,-16.540097217691766,26.06332397460938,15.0,180.0
83.42466499223498,-18.456853539034533,-16.57712011507363,25.96332740783691,15.0,180.0
83.30981092697093,-18.512743634491,-16.60216026334087,25.86329650878906,15.0,180.0
83.27245955208856,-18.40742088994999,-16.50609718658221,25.86329650878906,15.0,180.0
83.06253805206546,-18.28713315749272,-16.49862133089486,25.763427734375,15.0,180.0
82.42273698168498,-18.10054512645612,-16.46732510048136,25.66335296630859,15.0,180.0
81.52600182791556,-17.89403217471854,-16.246467664014762,25.5633716583252,15.0,180.0
80.71287264069433,-17.6381116162202,-16.05860697883131,25.46341896057129,15.0,180.0
80.09548786494553,-17.234655327783464,-16.053233351262747,25.3633861541748,15.0,180.0
79.63255083840305,-16.901680552212447,-16.092671020895768,25.26349258422852,15.0,180.0
79.34924528635294,-16.79300908051361,-15.789122921368511,25.16341972351074,15.0,180.0
79.08513908291897,-16.807522849261805,-15.076693324026213,25.16341972351074,15.0,180.0
78.50856361048344,-16.775037349568528,-14.306597682343565,25.06327056884766,15.0,180.0
77.7961504238592,-16.612293548675503,-13.696915064674904,24.96329498291016,15.0,180.0
77.23303925152024,-16.33493342197931,-13.252723824992158,24.86336708068848,15.0,180.0
76.92588162775208,-16.008150090040196,-13.021249557925051,24.76348495483398,15.0,180.0
76.90526399060022,-15.844930429643725,-13.04570000733162,24.66341018676758,15.0,180.0
76.833414463527,-16.044193732794664,-13.16591334726254,24.56339645385742,15.0,180.0
76.52015717509319,-16.47473039651089,-13.205917015032488,24.56339645385742,15.0,180.0
76.11763011182056,-16.88605093604246,-13.083501542442695,24.46341323852539,15.0,180.0
75.66709612409836,-17.280359777744074,-12.878321761703663,24.36336898803711,15.0,180.0
75.1438454400873,-17.675966206766297,-12.738074453475315,24.26332664489746,15.0,180.0
74.70933992688015,-17.948709954087484,-12.613291941309932,24.16339683532715,15.0,180.0
74.43211660950016,-18.21158055363707,-12.481526264495844,24.06340026855469,15.0,180.0
74.08080462490385,-18.49253764441221,-12.396012839854624,23.96340560913086,15.0,180.0
73.65080843803726,-18.52088981328744,-12.261866273971265,23.86331176757812,15.0,180.0
73.30273197000658,-18.33149625778572,-12.10661202171357,23.86331176757812,15.0,180.0
73.01189757896354,-18.17661290562028,-12.03203477379554,23.76344299316406,15.0,180.0
72.89179153944015,-18.08534503089643,-11.969806115555937,23.66338539123535,15.0,180.0
73.0323550856865,-17.988807242670504,-12.08201189193717,23.56343841552734,15.0,180.0
73.23404698099445,-17.848134461016244,-12.522860244389385,23.46348190307617,15.0,180.0
73.41551098331507,-17.620006735590003,-12.970423106822638,23.36342811584473,15.0,180.0
73.52388889170825,-17.405062598917592,-13.281691295836872,23.26326179504395,15.0,180.0
73.42763630871693,-17.335821751620514,-13.605472085590714,23.26326179504395,15.0,180.0
73.25974849759054,-17.44745158904165,-13.964513208598053,23.16336250305176,15.0,180.0
73.15616425205349,-17.711869572730556,-14.232332943580516,23.06333160400391,15.0,180.0
73.0759500255556,-17.994169812892036,-14.196857095602432,22.96346282958984,15.0,180.0
72.9499539055928,-18.18161592039469,-14.048306115667993,22.86349296569824,15.0,180.0
72.72475992167118,-18.23338585830451,-14.041885761460772,22.76324081420898,15.0,180.0
72.47952708598905,-18.105157643929083,-13.9887854990088,22.6633186340332,15.0,180.0
72.08766677133707,-17.907607043606156,-13.89919289598024,22.56329727172852,15.0,180.0
71.38741607145053,-17.764786038607177,-13.983320887541602,22.56329727172852,15.0,180.0
70.60350016810193,-17.602552080430648,-14.137869360408825,22.46341323852539,15.0,180.0
69.92417990234249,-17.497582065209933,-14.292098998104876,22.36338424682617,15.0,180.0
69.31398011073401,-17.48903449481176,-14.45162546517044,22.26334190368652,15.0,180.0
68.71127492466138,-17.473004644830418,-14.367959168547518,22.16331100463867,15.0,180.0
68.12647459661532,-17.472146749075176,-13.971793351347571,22.06330490112305,15.0,180.0
67.61251907214387,-17.42915702027036,-13.4678699341153,21.96336555480957,15.0,180.0
67.25239177940706,-17.249376273484053,-12.897280231832744,21.86353874206543,15.0,180.0
67.07327208387512,-17.048427167646388,-12.243462772160283,21.86353874206543,15.0,180.0
67.0467296243921,-17.092574932692543,-11.63424206605734,21.76362800598145,15.0,180.0
67.00437418030515,-17.23227473657461,-11.278327101216664,21.6634578704834,15.0,180.0
66.67434973551896,-17.10353285294047,-11.231720712037196,21.56331825256348,15.0,180.0
66.00531948890567,-16.788905611596103,-11.250585217296052,21.46341705322266,15.0,180.0
65.32934902896221,-16.44387031458111,-11.199536063747669,21.36335945129395,15.0,180.0
64.9956118824621,-16.085876902149828,-11.088917612167055,21.26337051391602,15.0,180.0
64.89887311876299,-15.79217709828492,-10.846674055794637,21.26337051391602,15.0,180.0
64.82536820591206,-15.6465015205031,-10.565719508938296,21.16339874267578,15.0,180.0
64.6655131911248,-15.513237769205006,-10.3350619518292,21.06340217590332,15.0,180.0
64.39266951075861,-15.359875298387111,-10.070533314493376,20.96347808837891,15.0,180.0
64.12157053529077,-15.498177584438336,-9.91371970681778,20.8634090423584,15.0,180.0
63.8856257824752,-15.849164951231543,-9.966138865171684,20.7633113861084,15.0,180.0
63.67084608637576,-15.958067920400984,-10.09576803951777,20.66336822509766,15.0,180.0
63.506101937603376,-15.707285408481782,-10.331148776663888,20.56332206726074,15.0,180.0
63.29288236619706,-15.309619235669595,-10.686019832430386,20.56332206726074,15.0,180.0
62.876845169798045,-14.960510022678209,-11.058848152524025,20.46342658996582,15.0,180.0
62.37855863127746,-14.687138396449663,-11.29898152561336,20.36339378356934,15.0,180.0
61.95102326693102,-14.51413267508806,-11.395166219688107,20.26332664489746,15.0,180.0
61.4080532851933,-14.547535740680196,-11.499875736193031,20.16343688964844,15.0,180.0
60.806443174700206,-14.822530935488553,-11.562731691475529,20.06336402893066,15.0,180.0
60.45169465301117,-15.164393719005885,-11.554596097275358,19.9633960723877,15.0,180.0
60.195470852686285,-15.374582021842723,-11.541023966189496,19.9633960723877,15.0,180.0
59.80768533308849,-15.485722972235294,-11.357847033672744,19.86343383789062,15.0,180.0
59.47275851686026,-15.571379609157892,-10.925646480828082,19.76328659057617,15.0,180.0
59.40079645450412,-15.682170499284616,-10.470917027056576,19.66330718994141,15.0,180.0
59.57377013765631,-15.769390350145931,-10.014170357193857,19.56326866149902,15.0,180.0
59.73351215257464,-15.680098836461138,-9.397467083507308,19.46333503723145,15.0,180.0
59.589949475543534,-15.396334735485553,-8.675908382025373,19.36341857910156,15.0,180.0
59.14834425430318,-14.962006844799236,-8.275973654597934,19.26338577270508,15.0,180.0
58.577413867897405,-14.538248696488928,-8.351007830902923,19.26338577270508,15.0,180.0
57.91059516826186,-14.409480963815152,-8.516584537327123,19.16342163085938,15.0,180.0
57.09015791077397,-14.502819360176048,-8.753895060684496,19.06339073181152,15.0,180.0
56.36880092458446,-14.502950613871263,-9.025898154988456,18.96345520019531,15.0,180.0
55.856417761983785,-14.411093064804632,-9.044412810239852,18.86329650878906,15.0,180.0
55.419138157940665,-14.382152647270718,-8.95403980645106,18.76325225830078,15.0,180.0
55.15473009812116,-14.383852663866248,-9.066643069428745,18.66343116760254,15.0,180.0
54.94411394517896,-14.417558649281204,-9.307133976851963,18.56341743469238,15.0,180.0
54.581951248061245,-14.620270354062107,-9.511462725523916,18.56341743469238,15.0,180.0
54.08187344893824,-14.911760506761652,-9.664712215610749,18.46347618103027,15.0,180.0
53.4130353277257,-15.037412278235138,-9.644958119181972,18.36341667175293,15.0,180.0
52.690528039337806,-14.980518650285632,-9.516537609371312,18.2632942199707,15.0,180.0
52.17679894652071,-14.960597749640309,-9.460146015749164,18.1634635925293,15.0,180.0
51.849771085611096,-14.84440198365382,-9.358176334339426,18.0633430480957,15.0,180.0
51.553398628125166,-14.458415902656766,-9.164814061674184,17.96346664428711,15.0,180.0
51.23656798119164,-14.060260588050726,-9.00327185669644,17.96346664428711,15.0,180.0
50.774791582498125,-13.78410122940662,-8.87265072924748,17.86343383789062,15.0,180.0
50.33706264948768,-13.65417562746778,-8.673313005364824,17.76336479187012,15.0,180.0
50.186455174614096,-13.61779454429202,-8.426007660185833,17.66338348388672,15.0,180.0
50.10061778097388,-13.448360011064317,-8.248498996040542,17.56321716308594,15.0,180.0
49.9986743110441,-13.231788035861104,-7.985487746492658,17.46343421936035,15.0,180.0
49.89232707171155,-13.171463310547852,-7.574905282574597,17.36350059509277,15.0,180.0
49.48216603899935,-13.140217598312164,-7.347217932343966,17.26339149475098,15.0,180.0
48.77679931014559,-13.125851191119818,-7.371232829391142,17.26339149475098,15.0,180.0
48.21849270357457,-13.321571636048391,-7.511963209599508,17.16341209411621,15.0,180.0
47.94603364297151,-13.59546243651072,-7.7735071824590705,17.06343460083008,15.0,180.0
47.73742777453126,-13.731817075113833,-7.94297090185766,16.96346282958984,15.0,180.0
47.54007400928349,-13.74550757403836,-7.823637308679649,16.86337661743164,15.0,180.0
47.33305002249182,-13.526994042786413,-7.5206932116073,16.76332855224609,15.0,180.0
46.98240661496349,-13.136842214134274,-7.197199985671672,16.66336631774902,15.0,180.0
46.55359487715124,-12.883128584213104,-6.83590003677868,16.66336631774902,15.0,180.0
46.36899311413991,-12.771935607898552,-6.390258170934506,16.56342124938965,15.0,180.0
46.44965872910402,-12.640375660549925,-5.95801437090776,16.46344757080078,15.0,180.0
46.374855561890925,-12.36424591094112,-5.689185122931152,16.36336708068848,15.0,180.0
45.94242400705853,-11.906617071543428,-5.750263130740289,16.26340293884277,15.0,180.0
45.33173421302352,-11.3548514605963,-6.009979046777903,16.16335678100586,15.0,180.0
44.78565362341568,-10.919226774042308,-6.229773637812245,16.06331634521484,15.0,180.0
44.39058610762044,-10.811543341096892,-6.370769305403637,15.96341323852539,15.0,180.0
44.0037011066249,-10.930361728656036,-6.437068411508049,15.96341323852539,15.0,180.0
43.51353815653837,-11.095224533739184,-6.450703326928819,15.86334896087646,15.0,180.0
43.09358915048604,-11.272910426816878,-6.555712316775039,15.76337718963623,15.0,180.0
42.77163344591722,-11.431488264319562,-6.727100603905972,15.6633415222168,15.0,180.0
42.33068478071522,-11.608395305558975,-6.666465728947281,15.56326198577881,15.0,180.0
41.776012381113006,-11.720688963311268,-6.383034169068463,15.46346378326416,15.0,180.0
41.356043248747696,-11.64835219552286,-6.092737403251253,15.36340808868408,15.0,180.0
41.14943871424785,-11.660165143552188,-5.908958752689776,15.26335334777832,15.0,180.0
40.798019685776026,-11.962092133390158,-5.853966339170128,15.26335334777832,15.0,180.0
40.10214670999456,-12.29026183663336,-5.861158513720545,15.16346263885498,15.0,180.0
39.43856308819067,-12.383446044234848,-5.89566603022643,15.06333255767822,15.0,180.0
39.0955889420016,-12.22154007812382,-6.027226759830458,14.96343326568604,15.0,180.0
39.01700181227218,-11.860568666891798,-6.2844361870958885,14.8634786605835,15.0,180.0
39.06118877433152,-11.458706038263063,-6.428458614448586,14.76349067687988,15.0,180.0
39.06835050526328,-11.180185616903938,-6.336361525282297,14.66356754302979,15.0,180.0
39.0379112353721,-11.089635275990627,-6.141501217875175,14.66356754302979,15.0,180.0
38.85345410090327,-11.097481514484937,-5.941406791085977,14.56339550018311,15.0,180.0
38.29135324148268,-10.930546574519724,-5.782150862133924,14.46341609954834,15.0,180.0
37.538052522404826,-10.593403456836285,-5.7139224459589375,14.36336040496826,15.0,180.0
36.88293180869748,-10.27716821396406,-5.694233458762842,14.2632532119751,15.0,180.0
36.3400692944563,-10.12413528652294,-5.609098068296278,14.16330337524414,15.0,180.0
35.88392610017875,-10.252311118876651,-5.363393352590424,14.06330490112305,15.0,180.0
35.4773275128275,-10.61453181233074,-5.049512715464937,13.96335887908936,15.0,180.0
35.06771462958552,-11.044634517818253,-4.956682337948343,13.96335887908936,15.0,180.0
34.612401028474295,-11.383298501366353,-4.963535742560791,13.86339569091797,15.0,180.0
34.155752066666864,-11.614761538813362,-4.7295845432027726,13.76329135894775,15.0,180.0
33.80310224132333,-11.712449025031486,-4.399329281718969,13.66338157653809,15.0,180.0
33.435999148976286,-11.727963156361085,-4.489512178326969,13.56332969665527,15.0,180.0
32.914153568072464,-11.68424643635456,-5.075460877106815,13.46342754364014,15.0,180.0
32.31592937001478,-11.425113616425996,-5.696829712737072,13.3634729385376,15.0,180.0
31.71198051637556,-11.04766182086059,-6.253333304772204,13.3634729385376,15.0,180.0
31.18510731312191,-10.850948721026532,-6.99463423193246,13.26329708099365,15.0,180.0
30.744390423227056,-10.683724032108591,-7.730683011398892,13.16335201263428,15.0,180.0
30.26244770675712,-10.275482996711514,-8.016263060339176,13.0633602142334,15.0,180.0
29.780884554717865,-9.769388978235169,-7.79361404682209,12.96340370178223,15.0,180.0
29.392264095659744,-9.4005901240392,-7.284753324682962,12.86345386505127,15.0,180.0
29.127215670598165,-9.326407248528753,-6.631909275121106,12.76342582702637,15.0,180.0
28.8964108329784,-9.39774690036542,-5.886399308023661,12.6633939743042,15.0,180.0
28.63688387382258,-9.307034571378331,-5.242976720213472,12.6633939743042,15.0,180.0
28.47628874014268,-9.005359619937291,-4.779369320009282,12.56324100494385,15.0,180.0
28.508959719792863,-8.626245437885636,-4.311335752148863,12.46331214904785,15.0,180.0
28.55078784828128,-8.305590059311228,-3.883359297361213,12.36339569091797,15.0,180.0
28.337096842409107,-8.1342568130317,-3.671279122738541,12.26340103149414,15.0,180.0
27.97976262949564,-8.085753075994088,-3.4907494829059367,12.16345310211182,15.0,180.0
27.72895127452985,-8.125598682919641,-3.364313648669505,12.06343364715576,15.0,180.0
27.43305297526798,-8.29951803118335,-3.6000677981807403,12.06343364715576,15.0,180.0
26.986831743793807,-8.636196348929415,-4.007893258448144,11.96348571777344,15.0,180.0
26.58054256902935,-9.089059519727108,-4.262239629433081,11.8634614944458,15.0,180.0
26.18438065336052,-9.541763175597676,-4.276715325586779,11.76339435577393,15.0,180.0
25.72626754946231,-9.837202840209054,-4.042594871127661,11.6634407043457,15.0,180.0
25.30102367894973,-9.7922286414254,-3.729793364423827,11.56337356567383,15.0,180.0
24.91510840428059,-9.484740392773151,-3.602145450808562,11.46343231201172,15.0,180.0
24.497456888727264,-9.180059114806884,-3.636591715474715,11.36343669891357,15.0,180.0
24.167321036645383,-8.980819591290388,-3.597244263681466,11.36343669891357,15.0,180.0
23.971287648075418,-8.857690372464484,-3.444481951911383,11.26335525512695,15.0,180.0
23.61296944384355,-8.646416220570972,-3.2545645236728227,11.1633882522583,15.0,180.0
23.003688688524576,-8.316447659210588,-3.049077206155628,11.06339073181152,15.0,180.0
22.345204420529825,-8.008602320316232,-2.848034427490221,10.9634313583374,15.0,180.0
21.72226873510237,-7.794628491735157,-2.748288721128521,10.86333274841309,15.0,180.0
21.16209998340665,-7.735367002445668,-2.882369651456152,10.76331996917725,15.0,180.0
20.6473128928772,-7.805402662544716,-3.1772115846020395,10.6633882522583,15.0,180.0
20.22620540540641,-7.931243281867675,-3.5250311711180675,10.6633882522583,15.0,180.0
19.925960016019648,-8.146876013783846,-3.925240491516405,10.56329822540283,15.0,180.0
19.653530505301312,-8.505525518362388,-4.357069820782378,10.46345233917236,15.0,180.0
19.32885580936873,-8.860941316377954,-4.879327525988199,10.36332321166992,15.0,180.0
18.836045501350235,-9.056359273171225,-5.585402688851058,10.2632884979248,15.0,180.0
18.113548479788843,-9.142959237836608,-6.358046030378519,10.16322326660156,15.0,180.0
17.270171805290477,-9.181317074449154,-6.806619881284519,10.06332015991211,15.0,180.0
16.534939751128125,-9.166029308307133,-6.762443491425943,10.06332015991211,15.0,180.0
15.9848099857312,-9.035353691859886,-6.5673470506838045,9.96346664428711,15.0,180.0
15.552433702658472,-8.838135792129181,-6.497014026182227,9.86343765258789,15.0,180.0
15.25362958765542,-8.73873431385663,-6.432289434440677,9.76347827911377,15.0,180.0
15.09731012570728,-8.738216635241685,-6.2291185901267205,9.663459777832031,15.0,180.0
14.95396977810426,-8.786506182278522,-5.933193680879487,9.563386917114258,15.0,180.0
14.725964196604153,-8.838445586836874,-5.478998265314341,9.463455200195312,15.0,180.0
14.36822068504818,-8.727018129600264,-4.912373225508021,9.363323211669922,15.0,180.0
13.873507971416686,-8.482625939968795,-4.522457063079493,9.363323211669922,15.0,180.0
13.49578658348879,-8.30559930262025,-4.310642405552948,9.263381004333496,15.0,180.0
13.34802878353872,-8.229906785433243,-4.118034394395595,9.16339111328125,15.0,180.0
13.19971608706605,-8.258991047838553,-3.813137331350041,9.063272476196287,15.0,180.0
12.871197815084583,-8.213334558905927,-3.482304084616404,8.963384628295898,15.0,180.0
12.307245112426596,-7.854954142451516,-3.260198453447728,8.863375663757324,15.0,180.0
11.632594664374944,-7.331933955278605,-2.9614203359071247,8.763394355773926,15.0,180.0
10.981188803142125,-7.050761475334335,-2.5710826261707727,8.763394355773926,15.0,180.0
10.356900171503188,-7.0960041790619295,-2.3451644571138512,8.663427352905273,15.0,180.0
9.776518390661789,-7.096240874119839,-2.377978364784946,8.563264846801758,15.0,180.0
9.281628611224722,-6.858848160316794,-2.4843623834532007,8.463444709777832,15.0,180.0
8.881692279063671,-6.503358895070959,-2.4101815874660826,8.36351490020752,15.0,180.0
8.442961574424924,-6.086468910677186,-2.188656238508221,8.263375282287598,15.0,180.0
7.962731571383014,-5.63831025512993,-2.0418572416469285,8.163381576538086,15.0,180.0
7.495223239233407,-5.216416776436796,-1.919290594445353,8.063356399536133,15.0,180.0
7.073021086362619,-4.850413024589473,-1.7474416459913638,8.063356399536133,15.0,180.0
6.804574122695449,-4.616299522529741,-1.5751437955780538,7.963346481323242,15.0,180.0
6.464982351191985,-4.481149422504424,-1.4511847344075832,7.863420486450195,15.0,180.0
5.95712717466991,-4.422013572746154,-1.4801530894471835,7.763349533081055,15.0,180.0
5.413918354358515,-4.5967587952196505,-1.6547395251320598,7.663384437561035,15.0,180.0
4.911225789643911,-4.860900200364464,-1.8040725610679225,7.563345432281494,15.0,180.0
4.572291492667237,-4.814144740188673,-1.7547338975629732,7.463326454162598,15.0,180.0
4.221120311836302,-4.493378926458695,-1.618834806773755,7.363372325897217,15.0,180.0
3.7390482599154815,-4.335646537337025,-1.57614860727789,7.363372325897217,15.0,180.0
3.30995933546242,-4.437939487746764,-1.53574792499135,7.263399600982666,15.0,180.0
2.990668504806461,-4.373454789598374,-1.4578625894100803,7.163378238677979,15.0,180.0
2.686094399116179,-4.075432364654263,-1.4007966076798155,7.063390254974365,15.0,180.0
2.4554202734819377,-3.881350526524984,-1.272171475984166,6.963374614715576,15.0,180.0
2.446763759424883,-3.782677269212433,-0.8705384533920029,6.863409519195557,15.0,180.0
2.5759930412625884,-3.813602667589886,-0.2470193232828563,6.763469696044922,15.0,180.0
2.660839526339455,-4.163979785588262,0.2895386949124354,6.763469696044922,15.0,180.0
2.6775255439516386,-4.582249830452959,0.6506919716503949,6.663446426391602,15.0,180.0
2.7685521572727865,-4.803328004034602,0.8321643482756276,6.563422679901123,15.0,180.0
2.8598363611448043,-4.768870515445708,0.8624887175223321,6.463438987731934,15.0,180.0
2.816207846354299,-4.455878267357452,0.7804204878682928,6.36334228515625,15.0,180.0
2.6722295251210006,-3.986417496792906,0.6133818625857597,6.263434886932373,15.0,180.0
2.248636346559362,-3.426034258544618,0.5075448137890461,6.163325786590576,15.0,180.0
1.5009347866231906,-3.004257823115104,0.4879344877685199,6.063372611999512,15.0,180.0
0.6575125079702566,-2.893294854215398,0.4354890424484132,6.063372611999512,15.0,180.0
-0.1443785365591559,-2.8790891959755536,0.1769084721319469,5.963372230529785,15.0,180.0
-0.8651530958765719,-2.910121814986012,-0.3545748870642029,5.863302707672119,15.0,180.0
-1.528344593484043,-3.0107325042456354,-0.9986108718529856,5.763353824615479,15.0,180.0
-2.141494478271337,-3.028938422065228,-1.504344059368,5.66334056854248,15.0,180.0
-2.7682104944170867,-3.018340779610141,-1.683363879111134,5.56334114074707,15.0,180.0
-3.4123551935419094,-3.1416753645169866,-1.6708056112099374,5.463366031646729,15.0,180.0
-4.008249822653443,-3.361288096577129,-1.7861951229807094,5.463366031646729,15.0,180.0
-4.617760098506032,-3.547377909111833,-1.954542165854076,5.3633131980896,15.0,180.0
-5.283752781086317,-3.5871334932813825,-1.877023796355827,5.263450622558594,15.0,180.0
-5.912192791957974,-3.383543473601057,-1.58651502360102,5.163482666015625,15.0,180.0
-6.313588265665306,-2.967839510989444,-1.374513026011389,5.063308238983154,15.0,180.0
-6.438518912639854,-2.533201852826272,-1.3876492871949218,4.963422775268555,15.0,180.0
-6.464321538592436,-2.158861113260812,-1.46423006602223,4.863395214080811,15.0,180.0
-6.680560998439859,-1.838458375308286,-1.347104336553279,4.763418197631836,15.0,180.0
-7.212665273117508,-1.5405166665326009,-0.9123699526723624,4.763418197631836,15.0,180.0
-7.7799370796889775,-1.1543399478745275,-0.3351251497416232,4.66342830657959,15.0,180.0
-8.24781939330797,-0.7640432913176687,0.0456569416335401,4.563330173492432,15.0,180.0
-8.736552541378508,-0.5475412664386496,0.1003653276031872,4.463458061218262,15.0,180.0
-9.09347064080724,-0.5474912048288756,-0.0024638381345205,4.363422870635986,15.0,180.0
-9.346137317675506,-0.7214289923840065,-0.212033848161175,4.263453960418701,15.0,180.0
-9.817164686278318,-1.034248823630306,-0.7174832491003436,4.163387775421143,15.0,180.0
-10.403021768336622,-1.3349845085301435,-1.3049044715585758,4.163387775421143,15.0,180.0
-10.77748895225475,-1.3899676691005407,-1.539483147132744,4.063418388366699,15.0,180.0
-10.837479014629068,-1.337981136944589,-1.4091703931032633,3.963412761688232,15.0,180.0
-10.794496628381808,-1.3172066466548935,-1.1961499518443262,3.863313436508179,15.0,180.0
-11.08392547154277,-1.2958205293628795,-0.996020456793728,3.763360261917114,15.0,180.0
-11.726505924682634,-1.333605971892263,-0.7783622174326918,3.663331031799316,15.0,180.0
-12.473022340087898,-1.323160036092471,-0.6637692364019045,3.563447713851929,15.0,180.0
-13.369928381554104,-1.1318452279869442,-0.8086913657418737,3.463355302810669,15.0,180.0
-14.356613771980598,-0.8023091551784303,-1.0647197658523115,3.463355302810669,15.0,180.0
-15.116696485130944,-0.5491458289475766,-1.167330807665255,3.363394260406494,15.0,180.0
-15.657246207266148,-0.5539083035242314,-1.1930209402153569,3.26335620880127,15.0,180.0
-16.26875529159966,-0.6218327098928924,-1.2359936524518886,3.163343191146851,15.0,180.0
-16.859274560919026,-0.5034113284062594,-1.3412676547648168,3.063420295715332,15.0,180.0
-17.222694502070425,-0.2282701094287889,-1.5092162811008638,2.963342905044556,15.0,180.0
-17.346442377624392,0.0955525798675829,-1.6446779609774769,2.863408088684082,15.0,180.0
-17.377111730342193,0.3954834613105751,-1.6746785276805944,2.763372898101807,15.0,180.0
-17.688717456561413,0.713672563618859,-1.464682193634733,2.763372898101807,15.0,180.0
-18.35766422321112,0.9897102138221694,-1.1869793669246356,2.663445234298706,15.0,180.0
-19.155172426964377,1.1360190459730273,-1.108887264801476,2.563462972640991,15.0,180.0
-19.852689371947744,1.3320396806442796,-1.059506021075352,2.463279485702515,15.0,180.0
-20.36690278491628,1.606897290685807,-0.8962940894742317,2.363313913345337,15.0,180.0
-20.75133993514152,1.7481231367252672,-0.7453309633101686,2.263309478759766,15.0,180.0
-20.944582781007856,1.6443595354458471,-0.7848581494449522,2.163365125656128,15.0,180.0
-21.011071508613583,1.4600152749157616,-0.9322255474468992,2.163365125656128,15.0,180.0
-21.20616845715387,1.3921151788955983,-0.784630359984611,2.063553333282471,15.0,180.0
-21.68361262518792,1.369325919132768,-0.3678716333830838,1.963406324386597,15.0,180.0
-22.269117783487243,1.4292631657353532,-0.0625609950650289,1.863477826118469,15.0,180.0
-22.66433147527796,1.650986524026349,0.1468694412685849,1.763409972190857,15.0,180.0
-22.88782692039001,1.7275443110027189,0.189928882231964,1.663398861885071,15.0,180.0
-23.065628069636457,1.500313678217017,-0.0461129154080044,1.563484907150269,15.0,180.0
-23.17654952056204,1.159446399253886,-0.1673940820545194,1.463364243507385,15.0,180.0
-23.26395427830372,0.8759963665345829,-0.0485802751112807,1.463364243507385,15.0,180.0
-23.51142419359576,0.684210775401505,0.0015282938619449,1.363432049751282,15.0,180.0
-24.02700634660829,0.4926225469064178,0.0236936291241427,1.263370156288147,15.0,180.0
-24.792995219541503,0.3116386212592612,0.0813236817604092,1.163434743881226,15.0,180.0
-25.5419220986226,0.0992615837596284,-0.089624005632773,1.063426613807678,15.0,180.0
-26.075889553626745,-0.2278669094045451,-0.3942867056385584,0.9633710980415344,15.0,180.0
-26.541993920951253,-0.4947621925483041,-0.49664894697354,0.8634033799171448,15.0,180.0
-26.998998583526586,-0.421058056810617,-0.345859286027764,0.8634033799171448,15.0,180.0
-27.33159033195525,-0.0434415006547901,-0.0692484385245837,0.7632636427879333,15.0,180.0
-27.534129212368253,0.2831943148691929,0.2949307299969952,0.6633328795433044,15.0,180.0
-27.699894314151127,0.5909546759593809,0.6917916556223709,0.5634720921516418,15.0,180.0
-27.847151689169685,1.0348130185525708,1.0188159832545107,0.4633476138114929,15.0,180.0
-28.05340672687506,1.4218831849819802,1.3446882952580663,0.3632599711418152,15.0,180.0
-28.42247757234369,1.5942942973193182,1.5342681691832656,0.2631550431251526,15.0,180.0
-28.9625528848442,1.581331501479271,1.464135513513285,0.1661834567785263,15.0,180.0
-29.6888717307481,1.6507696481970644,1.239317744911733,0.1661834567785263,15.0,180.0
-30.604889202841864,1.890261556678677,0.9492444021627024,0.088461697101593,15.0,180.0
-31.58039947613972,2.165249228310593,0.7276918801511503,0.0403422079980373,15.0,180.0
-32.36896269927827,2.4287831524921666,0.6898819827533771,0.0190279465168714,15.0,180.0
-32.79694926390245,2.5843775540846226,0.7658552342172831,0.0093987472355365,15.0,180.0
-33.12289273086331,2.6061455098999504,0.795270892585977,0.0048830271698534,15.0,180.0
-33.645956076756846,2.6711455661491392,0.9186563128491798,0.0026325685903429,15.0,180.0
-34.206455068427054,3.021907444862096,1.2350868415624865,0.0014584546443074,15.0,180.0
-34.65865714457439,3.588562796561355,1.6339309300939604,0.0014584546443074,15.0,180.0
-34.957940780094575,4.088747018273746,1.8855489336041595,0.0007606694707646,15.0,180.0
-35.16648143722047,4.500759568023602,1.847309701276572,0.000364228937542,15.0,180.0
-35.54100431870117,4.875491604304511,1.831162049380664,0.0001707018527667,15.0,180.0
-36.15125375540422,5.035994560543607,1.998500467964796,5.679848982254043e-05,15.0,180.0
-36.78517141352336,5.007796517159088,2.147267007034622,-2.645999757078243e-07,15.0,180.0
-37.2534472010332,5.011290828030523,2.200848398892079,-4.361723040346988e-05,15.0,180.0
-37.492655378559775,5.02561493947441,2.3785958152637967,-4.361723040346988e-05,15.0,180.0
-37.558858974615006,5.0921096122373815,2.886916443182013,-6.242472591111436e-05,15.0,180.0
