Signal1,Signal2,Signal3,R,H,O
-670.624161481605,126.22481834015946,156.69187592328936,-1.796495098460582e-06,6.0,180.0
-671.1524827885149,125.92232481365708,157.0415175651375,1.768642505339812e-06,6.0,180.0
-671.697542117872,125.49113832615085,157.61356569736043,1.768642505339812e-06,6.0,180.0
-672.4703617995568,125.16529302811962,158.23827414429778,2.228209723398322e-07,6.0,180.0
-673.1674782476018,124.9857045981238,158.85302096169323,-2.297842684129137e-06,6.0,180.0
-673.6838786726524,124.93670659332986,159.26682170507834,0.0004351974639575,6.0,180.0
-674.1024120538601,124.9444707862572,159.14107156361254,0.0102499658241868,6.0,180.0
-674.2692622541933,124.73715220808651,158.71930959462478,0.0459367707371711,6.0,180.0
-674.1171035510405,124.40823284644144,158.29157714737002,0.1108903363347054,6.0,180.0
-673.7525270974395,124.21205384007716,157.7398560892718,0.1968358159065247,6.0,180.0
-673.0644645111339,124.08019031640758,157.21368515446602,0.1968358159065247,6.0,180.0
-671.9192434480448,124.04233991951628,156.81421221160429,0.2905307114124298,6.0,180.0
-670.6563805304233,124.2191319442852,156.37522137651027,0.3872451484203339,6.0,180.0
-669.4582171741623,124.37594655671415,155.95564437437432,0.4853481948375702,6.0,180.0
-668.1722365969546,124.2353762751,155.66725795705705,0.58473140001297,6.0,180.0
-666.7616686432616,124.07056502760167,155.40585559465504,0.6843394041061401,6.0,180.0
-665.1668254949482,124.10125375053772,155.09537572579126,0.7838792204856873,6.0,180.0
-663.2990834726667,124.0677788854164,154.7056958115957,0.7838792204856873,6.0,180.0
-661.016669023914,123.72434636586206,154.14774074887077,0.8836246132850647,6.0,180.0
-658.1969397623013,123.18092269810973,153.41728261517716,0.9834975600242616,6.0,180.0
-655.0550449832975,122.75135653485796,152.44173305449604,1.083585023880005,6.0,180.0
-651.9746439292513,122.47575394312064,151.2510691051487,1.183726787567139,6.0,180.0
-649.0704236370824,122.04303913161574,150.08271044166926,1.283633589744568,6.0,180.0
-646.2429521377222,121.4216404272608,149.07443318446758,1.383731603622437,6.0,180.0
-643.441113309154,120.92760489384696,148.2018719836545,1.483641862869263,6.0,180.0
-640.7104268584512,120.62497014371353,147.40338128621283,1.483641862869263,6.0,180.0
-638.1798144623461,120.393334201791,146.62474674072945,1.583563446998596,6.0,180.0
-635.7257491883065,120.0073838421244,145.78825518152595,1.68351411819458,6.0,180.0
-633.102396440859,119.33825487331136,144.91217656817113,1.783422231674194,6.0,180.0
-630.4031803628644,118.49331979291982,143.95982499146942,1.883434414863586,6.0,180.0
-627.7086220873764,117.58256444636672,142.91225043079885,1.983506560325623,6.0,180.0
-625.0460788955406,116.79079112046836,141.97003677494794,2.083479881286621,6.0,180.0
-622.4841723052149,116.22310081718116,141.2679648717958,2.083479881286621,6.0,180.0
-619.9156286810525,115.89512034216152,140.659431091695,2.183546304702759,6.0,180.0
-617.2247080746251,115.66073379924022,140.08361848199434,2.283492803573608,6.0,180.0
-614.3544714400163,115.31193531362167,139.68668237476214,2.383443593978882,6.0,180.0
-611.3214107880656,114.96017949704142,139.32721648804696,2.483519077301025,6.0,180.0
-608.1789175095143,114.59436834234796,138.79116663391852,2.583559274673462,6.0,180.0
-604.9895641631847,113.97278525064851,138.07580976287227,2.683509826660156,6.0,180.0
-601.8084974942989,113.17419864174845,137.13484379418742,2.783560276031494,6.0,180.0
-598.5998774010139,112.45811591706398,136.00103684219354,2.783560276031494,6.0,180.0
-595.4446114997723,111.89881178665486,134.7895315925188,2.883553981781006,6.0,180.0
-592.5001333831382,111.4513840790167,133.5057472942267,2.983455181121826,6.0,180.0
-589.8354866986373,111.00069972438487,132.14778080343297,3.08341121673584,6.0,180.0
-587.1505494629047,110.46182527078078,130.8080692996871,3.183417320251465,6.0,180.0
-584.1786530030149,109.76127739634042,129.70817500678675,3.283420324325562,6.0,180.0
-581.1791502795616,109.01295116028965,128.91556364435584,3.38365912437439,6.0,180.0
-578.2785981030149,108.40737951563136,128.29948039398576,3.38365912437439,6.0,180.0
-575.3842111796489,107.78278679884464,127.59415629855772,3.483494758605957,6.0,180.0
-572.4062254571845,107.18934587363194,126.52479133093432,3.58338189125061,6.0,180.0
-569.3175992453172,106.88150562946431,125.23818972305472,3.683384418487549,6.0,180.0
-566.1767508249767,106.59247280772472,123.93560948856384,3.783177137374878,6.0,180.0
-563.1079862035522,106.03949894545076,122.71481137279008,3.883457899093628,6.0,180.0
-560.1841699518046,105.36899227062172,121.63084392850055,3.983452320098877,6.0,180.0
-557.1616129720243,104.59580400832068,120.59974029513636,4.083383560180664,6.0,180.0
-553.9469480720887,103.73968299503709,119.51736963125975,4.083383560180664,6.0,180.0
-550.6895704447041,103.03352216877336,118.24893745538094,4.183616161346436,6.0,180.0
-547.3689145599067,102.51905426782297,116.8954933677281,4.283575534820557,6.0,180.0
-544.0597488053248,102.02050379799704,115.72772988048987,4.383608341217041,6.0,180.0
-540.9600863770338,101.43497226439902,114.7040062884684,4.483497619628906,6.0,180.0
-537.9553546095938,100.81882421678876,113.79717661890405,4.583323955535889,6.0,180.0
-534.8360151088451,100.110725196441,113.19556124044858,4.683469772338867,6.0,180.0
-531.5463498107448,99.30879502422336,112.78720114136124,4.783572673797607,6.0,180.0
-528.0566183519718,98.66139519196176,112.25042310820474,4.783572673797607,6.0,180.0
-524.5510368649885,98.3102187337682,111.47974857246324,4.883526802062988,6.0,180.0
-521.13824486528,98.09832291311967,110.65164864827798,4.983571529388428,6.0,180.0
-517.5566978133945,97.8013008187693,109.9113121532667,5.083493709564209,6.0,180.0
-513.863821821296,97.45859725471335,109.20904076531586,5.183338165283203,6.0,180.0
-510.263560050448,97.20688025071114,108.4734829448464,5.283443450927734,6.0,180.0
-506.663501009002,96.93223918586922,107.7572208956331,5.383489608764648,6.0,180.0
-503.0933492790164,96.47513916860272,107.16568210223222,5.383489608764648,6.0,180.0
-499.7028289450882,95.82822859107009,106.56220730235025,5.4833984375,6.0,180.0
-496.5374241807082,94.96753837199554,105.78344290487856,5.583584308624268,6.0,180.0
-493.4767611665719,93.92900230074312,104.9284324361378,5.683463096618652,6.0,180.0
-490.5153022194685,92.91393489259188,104.0630408085798,5.783429145812988,6.0,180.0
-487.6548411762752,92.1463641168258,103.12474166311964,5.883531093597412,6.0,180.0
-484.64495658070695,91.53913125069865,102.22187568686977,5.983556270599365,6.0,180.0
-481.3269832408149,90.93719189127204,101.38993953748924,6.08345890045166,6.0,180.0
-477.7733419550349,90.348979032738,100.51877462049524,6.08345890045166,6.0,180.0
-474.13696867477455,89.64678338972398,99.64702245351076,6.183517456054688,6.0,180.0
-470.47575974038944,88.97657143049986,98.63499481413524,6.283489227294922,6.0,180.0
-466.8959140132952,88.5562635558833,97.4052243801812,6.383616924285889,6.0,180.0
-463.5066223921447,88.15024121814106,96.01104437180004,6.483599662780762,6.0,180.0
-460.0389398436608,87.53194293017874,94.51464879628934,6.583596706390381,6.0,180.0
-456.25409457927935,86.83024109425246,93.24799979745518,6.683481216430664,6.0,180.0
-452.43632317180567,86.13756605773682,92.31156604666356,6.683481216430664,6.0,180.0
-448.9708269618291,85.32315689339072,91.53352656829244,6.783403873443604,6.0,180.0
-445.7562104921083,84.32798567159043,90.7325448979257,6.88351583480835,6.0,180.0
-442.3725032967875,83.31922615940574,89.724947986359,6.983593463897705,6.0,180.0
-438.8511014277005,82.51868041922849,88.58630523237703,7.083543300628662,6.0,180.0
-435.5353380914392,81.92467407481074,87.50626725922059,7.183495998382568,6.0,180.0
-432.300269840291,81.43665918822008,86.52759011635777,7.283511161804199,6.0,180.0
-428.94240332962727,80.95456913180135,85.52498324068566,7.383481502532959,6.0,180.0
-425.5793260619138,80.50113918133351,84.39618475033723,7.383481502532959,6.0,180.0
-422.172663446293,80.07141768739723,83.43360382772015,7.483392238616943,6.0,180.0
-418.49110754691856,79.54059803346571,82.74268001814625,7.583244323730469,6.0,180.0
-414.6600246542381,78.94681145138408,81.99787962684636,7.683359146118164,6.0,180.0
-410.9882133110588,78.42367407328624,81.1992418187827,7.783575057983398,6.0,180.0
-407.395555972437,78.07116411186821,80.49413774588974,7.883644104003906,6.0,180.0
-403.8403684698112,77.88421975465175,79.88656788473696,7.983527183532715,6.0,180.0
-400.5112672568747,77.68093084668145,79.28849274522572,7.983527183532715,6.0,180.0
-397.2834442851142,77.21660680360898,78.58734637692397,8.083572387695312,6.0,180.0
-393.9097915480541,76.52577900371065,77.736540346857,8.183396339416504,6.0,180.0
-390.5409054937978,75.94605369836289,76.85262051515251,8.283282279968262,6.0,180.0
-387.16988907640246,75.61232660150839,76.15062830790355,8.38346004486084,6.0,180.0
-383.5858227234253,75.32778909160936,75.50744009749171,8.483222007751465,6.0,180.0
-379.8999641637592,74.98205676714879,74.65306092676278,8.583477020263672,6.0,180.0
-376.2284877986183,74.6215224605686,73.52535361740453,8.68362045288086,6.0,180.0
-372.5259549463751,74.24014028400424,72.16191915958802,8.68362045288086,6.0,180.0
-368.8659250316524,73.79918694862288,70.70388845343048,8.783448219299316,6.0,180.0
-365.3923539496456,73.30484067401972,69.38468986391331,8.8833646774292,6.0,180.0
-362.00817689796247,72.73750626985529,68.32441493100318,8.983426094055176,6.0,180.0
-358.6099721345789,72.07021025988172,67.36368299422165,9.083518028259276,6.0,180.0
-355.1437387069984,71.39829176418601,66.40406050699531,9.183457374572754,6.0,180.0
-351.63000847469834,70.79623464776904,65.72916228912841,9.283510208129885,6.0,180.0
-348.34670866508543,70.24369475756797,65.26934257447044,9.383502006530762,6.0,180.0
-345.30208136578784,69.71511755736032,64.54374538064792,9.383502006530762,6.0,180.0
-342.2355154400457,69.09567807037847,63.452115941143134,9.483603477478027,6.0,180.0
-339.03178866991834,68.24100076538664,62.162837516421874,9.5835542678833,6.0,180.0
-335.645791294311,67.30890635593369,60.87527468521793,9.683472633361816,6.0,180.0
-332.2405742369143,66.62254426046535,59.68709494572184,9.783421516418455,6.0,180.0
-328.90332086805194,66.16314951390093,58.57865366606467,9.88338851928711,6.0,180.0
-325.3332978902324,65.8737136728113,57.614722124638405,9.983479499816896,6.0,180.0
-321.40483331887253,65.76527626840192,56.8491646413465,9.983479499816896,6.0,180.0
-317.5009499824061,65.6226605924382,56.228515880798845,10.08359718322754,6.0,180.0
-313.9026671011521,65.28833948981011,55.71390779227551,10.18349170684814,6.0,180.0
-310.605989891835,64.71784931862308,55.35354126834711,10.28335952758789,6.0,180.0
-307.4921136103367,63.98549202096247,54.9565201114865,10.38343620300293,6.0,180.0
-304.24160047877643,63.20015856097287,54.3027744706589,10.48339557647705,6.0,180.0
-300.7808854849874,62.42464015069302,53.65560546932469,10.583664894104,6.0,180.0
-297.318147433152,61.85511222978721,53.12618215782302,10.68363666534424,6.0,180.0
-293.9798013548035,61.616836358548895,52.40465198577965,10.68363666534424,6.0,180.0
-290.8130608816899,61.522155246613,51.46734090618898,10.78352451324463,6.0,180.0
-287.9001931925632,61.24509374806839,50.57436641160544,10.88353157043457,6.0,180.0
-285.01032511714004,60.60423783897009,49.6847406865108,10.98349761962891,6.0,180.0
-281.79005804193065,59.676852580131445,48.55409216385997,11.08347129821777,6.0,180.0
-278.305857183368,58.66407720994965,47.219296267845806,11.18346691131592,6.0,180.0
-274.78847955163945,57.68712759523996,45.90033970246586,11.28335285186768,6.0,180.0
-271.3685045940407,56.9217443096508,44.742403609010296,11.28335285186768,6.0,180.0
-268.0487602084793,56.42239033775376,43.85596665737421,11.38331890106201,6.0,180.0
-264.81155576616504,56.04625955194221,43.12423675333079,11.48359203338623,6.0,180.0
-261.53032299062465,55.76481087192549,42.31869252386674,11.58352947235107,6.0,180.0
-258.1376457722394,55.44699643804753,41.45799439208491,11.68368434906006,6.0,180.0
-254.8196253971929,54.91734561776586,40.60615780131532,11.7835111618042,6.0,180.0
-251.65269313582849,54.29476171659554,39.77715406966956,11.88340377807617,6.0,180.0
-248.52983451583532,53.81098844413697,38.93631938902728,11.98354530334473,6.0,180.0
-245.41462059655063,53.47748767675741,38.04778689380784,11.98354530334473,6.0,180.0
-242.15165140588647,53.12733704309759,37.300042434711344,12.08349609375,6.0,180.0
-238.5374632909437,52.69377601849159,36.74297697644344,12.18360710144043,6.0,180.0
-234.71252359113944,52.34607029723851,36.11467247807224,12.28366374969482,6.0,180.0
-230.95131598563927,52.078791599746765,35.40065399062853,12.38344669342041,6.0,180.0
-227.4633929298122,51.62978697249984,34.62872166678454,12.48345279693604,6.0,180.0
-224.28718874038967,51.00375812275021,33.617118410499984,12.58346748352051,6.0,180.0
-221.1767635278196,50.35051047368281,32.46547425244869,12.58346748352051,6.0,180.0
-218.1346571680092,49.66431048617894,31.41207125532439,12.68351745605469,6.0,180.0
-215.44015612777252,48.90553283978211,30.45045355259282,12.78354549407959,6.0,180.0
-213.000124744474,48.19018818525826,29.608875948491377,12.88343334197998,6.0,180.0
-210.44656168262264,47.47568741149025,28.953153204772487,12.98350620269775,6.0,180.0
-207.68260935772489,46.67877255042033,28.44051517674412,13.08337116241455,6.0,180.0
-205.00774499143145,46.145836903459326,28.04261216335366,13.18348693847656,6.0,180.0
-202.4477305178316,46.0054296818068,27.56441141486676,13.28341865539551,6.0,180.0
-199.60188314392627,45.88584081580843,26.75184918223121,13.28341865539551,6.0,180.0
-196.28000462455745,45.60078548037213,25.67362976273018,13.3834228515625,6.0,180.0
-192.70219027795343,45.29358716341386,24.49898127286665,13.48353290557861,6.0,180.0
-189.16962559520363,44.871060142983225,23.20915698039832,13.58348274230957,6.0,180.0
-185.75883769846592,44.04504042963292,21.952035317933408,13.68364810943604,6.0,180.0
-182.5254822793717,43.04686550057603,20.90424993433883,13.78353881835938,6.0,180.0
-179.57616173609728,42.28402572280256,19.93251065505038,13.88345146179199,6.0,180.0
-176.82453940177282,41.9025382850444,19.01304431819753,13.98319816589355,6.0,180.0
-174.06666441945652,41.77111458928134,18.22919788016436,13.98319816589355,6.0,180.0
-171.3703708014755,41.529034578821765,17.49974354632845,14.08334827423096,6.0,180.0
-168.8605850137361,41.18127056474016,16.82532418305906,14.18375492095947,6.0,180.0
-166.29904274441986,40.87490922258167,16.18666403362741,14.28359699249268,6.0,180.0
-163.5364332315773,40.71027442269149,15.41530737431308,14.38350200653076,6.0,180.0
-160.68068204951282,40.72048706946129,14.558586220535148,14.48351383209229,6.0,180.0
-157.71569534456842,40.701652557362266,13.553366746344771,14.58345222473145,6.0,180.0
-154.56339668613035,40.579347585613846,12.21968347075332,14.58345222473145,6.0,180.0
-151.28465636525223,40.39093034063845,10.87918221291696,14.6835412979126,6.0,180.0
-147.9351949041569,40.21800949508676,10.03106321740259,14.78336620330811,6.0,180.0
-144.49990440274075,40.12337517361419,9.4602656109569,14.88315582275391,6.0,180.0
-141.02373657954575,40.09621779596658,8.546808635911756,14.98333263397217,6.0,180.0
-137.7690177396715,40.18344870822922,7.221819624990431,15.0836181640625,6.0,180.0
-134.93124545614074,40.331463577450975,5.807808094201842,15.18358993530273,6.0,180.0
-132.31759030446256,40.3705518053053,4.592841663857939,15.28356552124023,6.0,180.0
-129.77051900635985,40.25241963564277,3.604957674805849,15.28356552124023,6.0,180.0
-127.35816533652654,39.92309534546726,2.71684490377255,15.38346290588379,6.0,180.0
-125.02725730007106,39.2258182317601,1.8367151084235296,15.48337745666504,6.0,180.0
-122.5875606915873,38.17042391648961,1.0263657495158256,15.58356094360352,6.0,180.0
-119.97279692917164,37.12785944267671,0.4819479214932194,15.68352222442627,6.0,180.0
-117.1091890368076,36.50091213546908,0.1208645009473414,15.78330326080322,6.0,180.0
-113.9614965896824,36.15369873965507,-0.4010947339015658,15.88344383239746,6.0,180.0
-110.73826430944384,35.80538110548859,-1.06240817951317,15.88344383239746,6.0,180.0
-107.5436294364387,35.62315944648469,-1.6264336048682928,15.9835033416748,6.0,180.0
-104.31652510959026,35.70948956242356,-2.1522814528072303,16.08361625671387,6.0,180.0
-101.20393080394712,35.83740731713516,-2.669748585571196,16.18360710144043,6.0,180.0
-98.31087250723157,35.92672896382782,-3.335104123710053,16.2834300994873,6.0,180.0
-95.40799717326058,35.862813574775096,-4.268601531709741,16.38337898254395,6.0,180.0
-92.455913709053,35.52574504134441,-5.159186909356983,16.48353576660156,6.0,180.0
-89.51719196246947,35.07361792570482,-5.895186868694889,16.5835132598877,6.0,180.0
-86.60989119656945,34.55106167283705,-6.603974988535516,16.5835132598877,6.0,180.0
-83.81378247109649,34.0057806083414,-7.359252328909562,16.68365097045898,6.0,180.0
-80.97283013311312,33.54429143119833,-8.264869536904229,16.78355979919434,6.0,180.0
-77.972289929686,33.04728640169446,-9.261589738793596,16.88346672058105,6.0,180.0
-74.81626212170097,32.38168263388275,-10.222969515985431,16.98356819152832,6.0,180.0
-71.43967525069297,31.61128239506919,-11.018999585506002,17.0835075378418,6.0,180.0
-67.93089768667367,30.870796127878524,-11.579385929374194,17.18355369567871,6.0,180.0
-64.5406490143175,30.31831345255712,-12.217488020125217,17.18355369567871,6.0,180.0
-61.34569922550001,30.008648142214927,-13.178108055526476,17.2835578918457,6.0,180.0
-58.23623974062637,29.735898483482806,-14.331148712805144,17.38347053527832,6.0,180.0
-55.25875545473731,29.287692066647168,-15.464057557771913,17.48355865478516,6.0,180.0
-52.6079809944446,28.719148959134653,-16.43863926805138,17.58328819274902,6.0,180.0
-50.172914871674365,28.1852874953601,-17.38082915345286,17.68332481384277,6.0,180.0
-47.69623338044585,27.559423788586383,-18.591537167521523,17.78349876403809,6.0,180.0
-45.10483427900266,26.77688785551161,-20.11864528454033,17.88337135314941,6.0,180.0
-42.43116822850598,26.07295314798468,-21.55812673540515,17.88337135314941,6.0,180.0
-39.74521357377334,25.56858684045085,-22.598968196134187,17.98350715637207,6.0,180.0
-37.0367617050469,25.30301846136861,-23.373762324906128,18.0834789276123,6.0,180.0
-34.21693472292316,25.329364551131043,-24.06466016738122,18.18355751037598,6.0,180.0
-31.16015136485602,25.567203240468267,-24.71802937997346,18.28348541259766,6.0,180.0
-27.8646171663391,25.73335241627175,-25.32552020600697,18.3834228515625,6.0,180.0
-24.584554873483384,25.58832188714217,-26.02693195514042,18.48341941833496,6.0,180.0
-21.596111110906392,25.23809834084527,-26.869673631570897,18.48341941833496,6.0,180.0
-18.87125849621516,24.880011275129945,-27.71168989973473,18.58349418640137,6.0,180.0
-16.148814649415797,24.48651142980242,-28.436309031066145,18.68357086181641,6.0,180.0
-13.376636584554646,24.03665784928537,-29.11872323353764,18.78345489501953,6.0,180.0
-10.6325192574067,23.605675286649618,-29.931716100806547,18.88339805603027,6.0,180.0
-7.920692983586051,23.16883094054188,-30.857522010052342,18.98351860046387,6.0,180.0
-5.393783779438351,22.72116580965341,-31.96613384117939,19.08354759216309,6.0,180.0
-3.052455624698084,22.26680933886541,-33.11679752230786,19.18368339538574,6.0,180.0
-0.6334383343859429,21.880508496179147,-33.94381896360957,19.18368339538574,6.0,180.0
1.984137670651748,21.694794059410874,-34.481742294654055,19.28345489501953,6.0,180.0
4.783289431261778,21.638337723693866,-34.99058786350723,19.38345718383789,6.0,180.0
7.803537839297604,21.591726703227536,-35.60011737614073,19.48345756530762,6.0,180.0
10.94882246149055,21.51801889513686,-36.37384529469241,19.58334732055664,6.0,180.0
13.863228544346311,21.39790529908293,-37.13719808395531,19.68362426757812,6.0,180.0
16.345803178157055,21.21757760458621,-37.6890832381244,19.78365325927734,6.0,180.0
18.51108305596962,20.93677958785175,-38.214492882388576,19.88358688354492,6.0,180.0
20.58929537128316,20.5560459690924,-38.84481280001737,19.88358688354492,6.0,180.0
22.80188325539372,20.1574981185301,-39.54375257753058,19.98349761962891,6.0,180.0
25.289619008706254,19.82145590989822,-40.307394724030814,20.0835132598877,6.0,180.0
27.95873858017643,19.603980501700416,-41.18926305082735,20.18349838256836,6.0,180.0
30.46893998177228,19.27770612970786,-42.22932877430582,20.28364753723145,6.0,180.0
32.86876059744556,18.63484771530472,-43.35618645452561,20.38346481323242,6.0,180.0
35.57500718765186,17.975520624292717,-44.60902579778781,20.48337364196777,6.0,180.0
38.566846558855005,17.51669145765592,-46.06519230331856,20.48337364196777,6.0,180.0
41.52884655011944,17.31220151973743,-47.51695954618047,20.58347129821777,6.0,180.0
44.32334775784476,17.390606544030877,-48.73068224097133,20.68344497680664,6.0,180.0
47.03514826458317,17.483049543274607,-49.72879937934164,20.78340530395508,6.0,180.0
49.702500507114,17.393382624432427,-50.48653365745893,20.88356971740723,6.0,180.0
52.23439158306866,17.141355471518022,-51.00578354898145,20.98344802856445,6.0,180.0
54.635630257758535,16.842381656028472,-51.67180456519561,21.08358764648438,6.0,180.0
57.08626828445336,16.698805445311386,-52.6300030486004,21.18353080749512,6.0,180.0
59.72803660464335,16.531404442534996,-53.59688931134417,21.18353080749512,6.0,180.0
62.40362942401629,16.05414901581869,-54.51900848647945,21.28341293334961,6.0,180.0
64.93876558613053,15.428476673402985,-55.312914488834295,21.38338470458984,6.0,180.0
67.27484952183093,14.86451432169954,-55.75490129312867,21.48344039916992,6.0,180.0
69.59292640712847,14.364713398046565,-55.94225346399605,21.58359336853027,6.0,180.0
72.4261522850452,13.808126992775671,-56.17573776279023,21.68366050720215,6.0,180.0
75.80705049218386,13.18775744046031,-56.63344056953624,21.7836856842041,6.0,180.0
79.14347253011361,12.650592575951912,-57.31233425240853,21.7836856842041,6.0,180.0
82.21562683241355,12.133020013742463,-58.10436248255466,21.88361167907715,6.0,180.0
84.97821681899354,11.550482510206209,-58.81100789159137,21.98337936401367,6.0,180.0
87.27068066703913,11.010484941723934,-59.25059245117676,22.08320808410645,6.0,180.0
89.53435143411679,10.36509027669812,-59.39273942391029,22.18316650390625,6.0,180.0
92.15416320367127,9.59068802329062,-59.35531024625743,22.28290557861328,6.0,180.0
94.75138223411572,8.991868596065789,-59.28897105810346,22.38333320617676,6.0,180.0
97.10284743081432,8.69740152503429,-59.39238496969146,22.48379135131836,6.0,180.0
99.3094442764254,8.64521001379179,-59.75399904758468,22.48379135131836,6.0,180.0
101.38612795826656,8.565926138367075,-60.20818131484623,22.58368682861328,6.0,180.0
103.35255330385996,8.220550596025806,-60.67500935973453,22.68354797363281,6.0,180.0
105.35982763478856,7.653906434561975,-61.27952919535511,22.78344345092773,6.0,180.0
107.6293562920979,7.026006527195943,-62.10972829084963,22.88349151611328,6.0,180.0
110.26636599659793,6.4423043587337006,-63.12355324736216,22.98350143432617,6.0,180.0
113.08463061263984,5.842102322778313,-64.17013275126868,23.08348083496094,6.0,180.0
115.79649386614015,5.1019248562047785,-65.00002794392648,23.08348083496094,6.0,180.0
118.48294915031536,4.38974351762889,-65.59657028013393,23.1833553314209,6.0,180.0
121.3089746291972,3.8356098131899934,-66.19964413572956,23.28350067138672,6.0,180.0
124.21423421633236,3.391987542466929,-66.74421295915708,23.38363075256348,6.0,180.0
127.12597966112786,3.124337124461494,-66.93015194696277,23.4836597442627,6.0,180.0
129.95680703476552,2.9019680356916027,-66.85403804313589,23.58358955383301,6.0,180.0
132.6518625709801,2.486715132370353,-66.91703383173898,23.68352699279785,6.0,180.0
135.30553597763895,1.9774533249937176,-67.17782188111391,23.78348731994629,6.0,180.0
137.92143442152948,1.6571007613507156,-67.40944906726085,23.78348731994629,6.0,180.0
140.36945750545885,1.4609480956678844,-67.66210411346796,23.88354110717773,6.0,180.0
142.60185022823345,1.1840276861119676,-68.08993324624221,23.98349761962891,6.0,180.0
144.71968504372117,0.9595319845618632,-68.63555685045591,24.08320236206055,6.0,180.0
146.95504289560375,1.007422764736063,-69.38077357118397,24.18335342407227,6.0,180.0
149.48561301247287,1.228822760667267,-70.3256360962562,24.28352546691895,6.0,180.0
152.27181807356385,1.185860043059897,-71.08289340388122,24.38353538513184,6.0,180.0
155.14449169283176,0.6075287968677578,-71.57738610127043,24.48355293273926,6.0,180.0
157.80564450306375,-0.1894783616566648,-72.08939476224573,24.48355293273926,6.0,180.0
160.0836080083631,-0.839220915447239,-72.59538511970723,24.58345031738281,6.0,180.0
162.20346227620598,-1.4498096335331674,-72.94387989424052,24.68341636657715,6.0,180.0
164.25717153067296,-2.074479891214932,-73.22213821279291,24.78366088867188,6.0,180.0
166.13646600856617,-2.46232371668394,-73.4848548970622,24.8834342956543,6.0,180.0
167.880960552754,-2.5626319165018785,-73.83606620510736,24.98324012756348,6.0,180.0
169.71270494263106,-2.4790390536289024,-74.46510372134131,25.08331489562988,6.0,180.0
171.76319615418288,-2.408675296767264,-75.18187742624079,25.08331489562988,6.0,180.0
173.93640216987535,-2.631487561569127,-75.85605232884276,25.18352890014648,6.0,180.0
176.20718740668917,-3.069937930177037,-76.55668753477664,25.28377342224121,6.0,180.0
178.61113857324648,-3.535820872441926,-77.15178240752572,25.38358688354492,6.0,180.0
181.13865907686224,-3.996477650879747,-77.54960197896696,25.48354721069336,6.0,180.0
183.78238153999337,-4.367794509948046,-77.714890374914,25.58349609375,6.0,180.0
186.4676726300454,-4.627946189830375,-77.7671700181358,25.6833610534668,6.0,180.0
189.2208054705316,-4.947605685266824,-77.91640278178636,25.7833080291748,6.0,180.0
192.03665124462512,-5.38122007221515,-78.10220765984857,25.7833080291748,6.0,180.0
194.4707441697161,-5.7604608176147,-78.4206530166636,25.88321876525879,6.0,180.0
196.437307821817,-5.972627890295039,-79.00662562452096,25.98319625854492,6.0,180.0
198.3228304950603,-6.203921408781998,-79.58908743087176,26.08347320556641,6.0,180.0
200.3706220061416,-6.734137432871068,-80.0748713322718,26.18383026123047,6.0,180.0
202.61622459273875,-7.353755086438291,-80.74299520627835,26.2837028503418,6.0,180.0
204.7789565356858,-7.71967049200385,-81.55981621051997,26.38326644897461,6.0,180.0
206.7912615996644,-8.03358014851787,-82.17563827344517,26.38326644897461,6.0,180.0
208.81990645453803,-8.491934651952832,-82.576967132291,26.48312950134277,6.0,180.0
210.79134894275364,-9.030740910881178,-82.95783163238907,26.58341789245605,6.0,180.0
212.6465968222641,-9.7061556654217,-83.28100400037899,26.68383979797363,6.0,180.0
214.5262356445944,-10.39458497875301,-83.47795450918895,26.78278160095215,6.0,180.0
216.53506106078012,-10.831148750575064,-83.59472271298532,26.88287734985352,6.0,180.0
218.6304201501401,-11.010759669944328,-83.66924188090971,26.98376274108887,6.0,180.0
220.78851598827555,-11.207980989356624,-83.81155464663726,27.08413314819336,6.0,180.0
222.9103387152688,-11.566738312572372,-83.96027328958903,27.08413314819336,6.0,180.0
224.8804330827309,-11.931494401750552,-83.97824402630704,27.18396759033203,6.0,180.0
226.80734548264272,-12.259353683367213,-83.99520724106064,27.28343772888184,6.0,180.0
228.8690553809882,-12.55462425163032,-84.08985326382722,27.38310241699219,6.0,180.0
231.10174903886252,-12.68591446172081,-84.24682987440377,27.4836254119873,6.0,180.0
233.43402407929256,-12.770115859016528,-84.38065782684043,27.58400344848633,6.0,180.0
235.85793414994487,-13.153633490863292,-84.47989304015147,27.68332672119141,6.0,180.0
238.40526985358423,-13.74452064923592,-84.68236333178925,27.68332672119141,6.0,180.0
240.822283612268,-14.196730581187964,-84.85618537060473,27.78310203552246,6.0,180.0
242.81147017433747,-14.506719698678136,-84.91749276117923,27.88323402404785,6.0,180.0
244.72727921064333,-14.860308711944755,-85.15300587126589,27.98380088806152,6.0,180.0
246.96762696247907,-15.254187842658023,-85.71420792184605,28.08400917053223,6.0,180.0
249.33668816791703,-15.546510142238514,-86.40344741732147,28.18356513977051,6.0,180.0
251.4121959739545,-15.75833671320764,-87.0614251959679,28.28334426879883,6.0,180.0
253.0223194023717,-15.933164299734628,-87.5256679231247,28.38355255126953,6.0,180.0
254.6382999570881,-16.161682039470737,-87.7159993929974,28.38355255126953,6.0,180.0
256.74973001632327,-16.50943252680487,-87.95748237866607,28.48361968994141,6.0,180.0
258.9768604547096,-16.829897516791238,-88.40207018542193,28.58348083496094,6.0,180.0
261.104324937667,-17.19788271266118,-88.86568362587852,28.68291282653809,6.0,180.0
263.3420687846749,-17.682795765191972,-89.21706664906145,28.78311157226562,6.0,180.0
265.46547841310337,-18.090823665631948,-89.36455116063749,28.88362693786621,6.0,180.0
267.37839428116524,-18.413919440382667,-89.37413154544436,28.9838752746582,6.0,180.0
269.2180002839092,-18.818805210344404,-89.55250982153673,29.08367919921875,6.0,180.0
270.9867024625919,-19.28692247351414,-89.91782299849638,29.08367919921875,6.0,180.0
272.6160300807952,-19.60237524651768,-90.17600828492614,29.1834831237793,6.0,180.0
274.1176051553191,-19.71720661708205,-90.37866796272132,29.28328323364258,6.0,180.0
275.4238934262537,-19.797490126518703,-90.82641828989983,29.38357353210449,6.0,180.0
276.4603313079889,-20.09747957791832,-91.6408574508468,29.48363304138184,6.0,180.0
277.5095751847747,-20.58801468459123,-92.674972372232,29.58297348022461,6.0,180.0
278.90642969253844,-21.075805798293995,-93.65109604983502,29.68323707580566,6.0,180.0
280.753312453866,-21.652473374974765,-94.33661761763749,29.68323707580566,6.0,180.0
282.8592828893781,-22.174143982352817,-94.77516276464284,29.78374862670898,6.0,180.0
284.9881559783596,-22.44046598620252,-95.13821107212016,29.8839225769043,6.0,180.0
287.1402491387562,-22.510526340893144,-95.46228755765654,29.98369026184082,6.0,180.0
289.21120181517085,-22.46435819024375,-95.72903626267852,30.08364105224609,6.0,180.0
291.10876971372755,-22.50267976811304,-95.83790569394743,30.18356132507324,6.0,180.0
292.9141288617621,-22.77361046161329,-95.69786404664484,30.28359031677246,6.0,180.0
294.5412094731513,-23.21445396339014,-95.39646509401416,30.38364410400391,6.0,180.0
295.9597352504247,-23.606488863625835,-95.13228589405573,30.38364410400391,6.0,180.0
297.3933323206834,-23.82792058943239,-95.00577801217756,30.48347091674805,6.0,180.0
299.0135978828276,-24.004567148338896,-95.08032365931172,30.58340644836426,6.0,180.0
300.88101194284667,-24.257724635795284,-95.38862680078805,30.68355178833008,6.0,180.0
302.9230254083197,-24.66547080508272,-95.88508366043403,30.78348541259766,6.0,180.0
304.919105133165,-25.138127309379097,-96.49211138080784,30.88345336914062,6.0,180.0
306.87318155922173,-25.582369275413672,-97.0923249135733,30.98337173461914,6.0,180.0
308.8383458777822,-26.11589431308096,-97.51670047089326,30.98337173461914,6.0,180.0
310.5886301202748,-26.722800292084862,-97.68031348001418,31.08348846435547,6.0,180.0
312.23026439105297,-27.241796303190128,-97.65016591699124,31.18350791931152,6.0,180.0
313.96029864827835,-27.624945497943827,-97.499160899056,31.28359222412109,6.0,180.0
315.56446836047087,-28.024500159399217,-97.542625956287,31.38339424133301,6.0,180.0
317.0601881900096,-28.441578348203223,-97.93722803984272,31.48324012756348,6.0,180.0
318.4691354176622,-28.76701825640852,-98.39120797774748,31.58338737487793,6.0,180.0
319.68702478854266,-28.98426490179943,-98.87340477069338,31.68352508544922,6.0,180.0
320.9416224065849,-29.16770074154105,-99.6355769641039,31.68352508544922,6.0,180.0
322.47704645358976,-29.43921874575169,-100.65212614778476,31.78360176086426,6.0,180.0
324.2320776711623,-29.715692137743083,-101.6939062934141,31.88349342346191,6.0,180.0
325.87218135269325,-29.965413485533315,-102.6361442532511,31.98344612121582,6.0,180.0
327.2956021996662,-30.4187914601818,-103.39493098416486,32.08355712890625,6.0,180.0
328.67912338035376,-31.17398118469968,-104.04607829573564,32.18349456787109,6.0,180.0
330.1801436031552,-31.931774896406942,-104.73090876758732,32.28364181518555,6.0,180.0
331.9016207481426,-32.3244678429859,-105.3394792448056,32.28364181518555,6.0,180.0
333.8642577731718,-32.35494979370378,-105.57588538385068,32.38346481323242,6.0,180.0
335.9907653362168,-32.381718182702,-105.46315933619276,32.48331832885742,6.0,180.0
338.054779835808,-32.63047719901704,-105.2692013914298,32.58345794677734,6.0,180.0
340.00688869210694,-33.025919620375895,-105.12637627424576,32.68349075317383,6.0,180.0
341.86779306692085,-33.47951067439954,-105.2231050586164,32.78367233276367,6.0,180.0
343.5292325208304,-33.880560630109,-105.59369228253286,32.88350677490234,6.0,180.0
345.0970118810281,-34.12835147744805,-106.17271213046524,32.9833984375,6.0,180.0
346.77435167006536,-34.335875046914694,-106.9921197818342,32.9833984375,6.0,180.0
348.6582997873859,-34.57640519667052,-107.85344698109748,33.08349609375,6.0,180.0
350.75460951826244,-34.75847567061449,-108.5369616545936,33.18345260620117,6.0,180.0
352.7949814563402,-34.84328293587117,-108.9068291106377,33.28360366821289,6.0,180.0
354.45955230611804,-34.881515141053995,-108.84648797565468,33.38364028930664,6.0,180.0
355.7698829642394,-34.95989696155234,-108.6033867820547,33.48348617553711,6.0,180.0
356.9663606590229,-35.138636374388184,-108.45744516704409,33.58354187011719,6.0,180.0
357.9849709849272,-35.38619764024955,-108.4437164525861,33.58354187011719,6.0,180.0
358.61380964260024,-35.596492244314874,-108.63602154923964,33.68356704711914,6.0,180.0
359.0930262203216,-35.70040666301631,-109.00161117343468,33.78345108032227,6.0,180.0
359.7774565221353,-35.71994589836966,-109.44879070602326,33.88347244262695,6.0,180.0
360.8311900530194,-35.8493893784872,-110.02138275558738,33.98345565795898,6.0,180.0
362.3052282083018,-36.22279153620453,-110.57211940138822,34.08341979980469,6.0,180.0
363.99239159612034,-36.647399707182856,-110.97696460330133,34.18356704711914,6.0,180.0
365.6865282560743,-36.96617162339301,-111.45363347086132,34.28355407714844,6.0,180.0
367.4952989270105,-37.28384406136231,-112.0742737684539,34.28355407714844,6.0,180.0
369.3799563708831,-37.725404408316194,-112.61995929822884,34.38342666625977,6.0,180.0
371.2431067405346,-38.23479953654082,-113.0169588698406,34.48356628417969,6.0,180.0
373.21681230200767,-38.76280678949218,-113.4820829949889,34.58345794677734,6.0,180.0
375.1640895003451,-39.25188510990774,-114.11166489944152,34.68344497680664,6.0,180.0
376.7465793034257,-39.47759137747087,-114.66210190476056,34.78357315063477,6.0,180.0
377.8844219563531,-39.47410768983119,-115.03456331550458,34.88354110717773,6.0,180.0
378.7354722211743,-39.49694630340864,-115.26502479311432,34.98353958129883,6.0,180.0
379.5329711914866,-39.620925910284726,-115.27326009837428,34.98353958129883,6.0,180.0
380.5046640408204,-39.75790132358589,-115.03299651772473,35.08345794677734,6.0,180.0
381.5163570211071,-39.912696580475576,-114.67111997246523,35.18331909179688,6.0,180.0
382.353763381175,-40.20396219235892,-114.50593305752297,35.28350448608398,6.0,180.0
383.2661870574029,-40.67243051775945,-114.67183366365448,35.38340759277344,6.0,180.0
384.49002836624095,-41.37669175453533,-115.0310125935078,35.4833984375,6.0,180.0
385.8855746335939,-42.1546513995177,-115.31233911595496,35.58350372314453,6.0,180.0
387.2055577678748,-42.69885430843069,-115.51690244149177,35.58350372314453,6.0,180.0
388.2382804766751,-43.004197763429225,-115.8671943342027,35.68349838256836,6.0,180.0
388.8346504526436,-43.122966507172094,-116.0656365866403,35.78355026245117,6.0,180.0
389.2190802839559,-43.06825044887613,-115.92662785173496,35.88349151611328,6.0,180.0
389.8160461917544,-43.0291585541808,-115.81617299502504,35.98337554931641,6.0,180.0
390.798896217626,-43.28803316529607,-115.89941807228406,36.08319091796875,6.0,180.0
392.1404320794612,-43.77020452365673,-115.9281305247141,36.1834602355957,6.0,180.0
393.5134048352063,-44.11794489336333,-115.7504039288327,36.28361129760742,6.0,180.0
394.8126226401214,-44.23496681331659,-115.52451282604632,36.28361129760742,6.0,180.0
396.3658765773249,-44.185045104057735,-115.45477290720191,36.3835563659668,6.0,180.0
398.1368803081036,-44.11696406960871,-115.65936158389992,36.4835090637207,6.0,180.0
399.8616604353669,-44.04525514314076,-116.00398928685176,36.58343505859375,6.0,180.0
401.355511388052,-43.83129130722346,-116.36845777326052,36.68369674682617,6.0,180.0
402.6395127626973,-43.68876569559312,-116.8637121363497,36.78348922729492,6.0,180.0
403.7236677548469,-43.79782199581065,-117.4865377195322,36.88340377807617,6.0,180.0
404.6690240697411,-43.925987340826026,-118.04284512529212,36.88340377807617,6.0,180.0
405.6371174006245,-43.964929736799874,-118.33180784634928,36.98345184326172,6.0,180.0
406.3536999319025,-43.950090778608,-118.4821020224935,37.0831413269043,6.0,180.0
406.8908282324642,-43.70776933295405,-118.65931841083238,37.18352890014648,6.0,180.0
407.66903610547104,-43.30613631913323,-118.62431519882196,37.28368759155273,6.0,180.0
408.66962604408445,-43.13340671592269,-118.32023010486402,37.38341903686523,6.0,180.0
409.8962207195429,-43.30548829121183,-118.0704553244204,37.48344039916992,6.0,180.0
411.3089227255383,-43.616556505207626,-118.02558433095224,37.58348083496094,6.0,180.0
412.71079789113605,-43.88497582278425,-118.12766972352618,37.58348083496094,6.0,180.0
414.107424515458,-44.14887862473625,-118.2062344666162,37.68349838256836,6.0,180.0
415.5419422691468,-44.48667245150244,-118.06293628847564,37.78371429443359,6.0,180.0
416.9950011326673,-44.739754058265504,-117.75713090845154,37.88345718383789,6.0,180.0
418.4082734668683,-44.84282133510526,-117.4081485592304,37.98332977294922,6.0,180.0
419.7320457429692,-45.071924305007855,-117.02908158858352,38.08356857299805,6.0,180.0
420.9278444457679,-45.5732142728281,-116.73181328465148,38.18369674682617,6.0,180.0
422.0154834482837,-46.14341590450819,-116.58551816467396,38.18369674682617,6.0,180.0
423.0776079760103,-46.49452206868777,-116.62363718815472,38.28361511230469,6.0,180.0
424.0057529710185,-46.65254083035672,-116.94910406899773,38.38352966308594,6.0,180.0
424.6243628023027,-46.84807813569128,-117.61740661068978,38.48353958129883,6.0,180.0
425.0728671638308,-47.132173505462575,-118.3875459464541,38.58351135253906,6.0,180.0
425.7280712972961,-47.52404250911173,-118.79958980123747,38.68356323242188,6.0,180.0
426.6412103050423,-47.972272557030784,-118.89220271203052,38.78347396850586,6.0,180.0
427.53038343344826,-48.370009526563685,-119.02829960912923,38.88357162475586,6.0,180.0
428.24102928472496,-48.72752085378423,-119.14226916468851,38.88357162475586,6.0,180.0
428.78890677754833,-48.97970758360161,-119.1153115057452,38.98360061645508,6.0,180.0
429.30566413962816,-49.16287782177472,-119.04355843139496,39.08340835571289,6.0,180.0
429.9859080856651,-49.41840775951701,-119.01859460878174,39.18320846557617,6.0,180.0
430.8318200556633,-49.66069254977001,-119.21308315126016,39.28329086303711,6.0,180.0
431.69411772220496,-49.83333552922523,-119.56714947428831,39.38348007202148,6.0,180.0
432.5472867856765,-50.00531575219167,-119.88419814899764,39.48339080810547,6.0,180.0
433.2451041051047,-50.245532795616896,-120.1930429195758,39.58337783813477,6.0,180.0
433.8420123926925,-50.49734355026319,-120.52163986860084,39.58337783813477,6.0,180.0
434.6368050682527,-50.56266518381326,-120.848979114042,39.68344116210938,6.0,180.0
435.5356090069001,-50.50978963487957,-121.15389336308743,39.78351211547852,6.0,180.0
436.5084021279936,-50.63952802347961,-121.43838702094986,39.88360977172852,6.0,180.0
437.5656150645339,-51.06738374403898,-121.65144750651972,39.98358154296875,6.0,180.0
438.6267720982779,-51.75556995084502,-121.65843780865566,40.0834846496582,6.0,180.0
439.8790516604138,-52.61105354566371,-121.60947404947156,40.18341827392578,6.0,180.0
441.1570243149201,-53.353948960734336,-121.77631726858644,40.18341827392578,6.0,180.0
442.2086172024946,-53.77448800032892,-122.04504113347974,40.28357315063477,6.0,180.0
443.3521199780077,-53.92576191595887,-122.28649785341295,40.38360977172852,6.0,180.0
444.8411333245812,-53.89480982706294,-122.4960770712406,40.48349380493164,6.0,180.0
446.4623521879172,-53.8725077533706,-122.5640687647847,40.58351898193359,6.0,180.0
448.03606026004655,-54.08114653720662,-122.54470000502695,40.68340682983398,6.0,180.0
449.7774153056961,-54.45054171334452,-122.38150356402171,40.7834587097168,6.0,180.0
451.4243725514649,-54.96744650325433,-121.92708768088345,40.88352966308594,6.0,180.0
452.3564036082788,-55.70477228433322,-121.48847262013288,40.88352966308594,6.0,180.0
452.6243130251353,-56.340039797163,-121.22145951883584,40.98339462280273,6.0,180.0
452.7083642162866,-56.77472957930976,-120.94263195330508,41.08347320556641,6.0,180.0
452.9046533378719,-57.19564570490738,-120.69652358883978,41.18345642089844,6.0,180.0
453.1512572186272,-57.46225525103861,-120.68371803554098,41.28353118896484,6.0,180.0
453.360654874823,-57.61197459454215,-120.92458452046634,41.38351440429688,6.0,180.0
453.6604453791842,-57.83338589668085,-121.2613317998844,41.48347473144531,6.0,180.0
454.3094525449991,-58.12876252169726,-121.64766026449098,41.48347473144531,6.0,180.0
455.6168760630286,-58.39578164642398,-121.9149211258955,41.5836296081543,6.0,180.0
457.60424734510536,-58.45794829077566,-122.00974653013998,41.68364715576172,6.0,180.0
459.70458377028297,-58.29124887009176,-122.19237678392513,41.78359603881836,6.0,180.0
461.2985183511509,-58.15414037506584,-122.5027027748159,41.88351821899414,6.0,180.0
462.30625982566784,-58.22656533595611,-122.71336113344552,41.9835319519043,6.0,180.0
463.0929704386918,-58.27160614608764,-122.66329823696744,42.08350372314453,6.0,180.0
463.7518646659792,-58.22272146444345,-122.36884835250032,42.18355178833008,6.0,180.0
464.0474029056656,-58.329818017971775,-121.87259926004258,42.18355178833008,6.0,180.0
463.7684018100653,-58.58350936612706,-121.37500448497156,42.2835578918457,6.0,180.0
463.03267350029023,-58.71416940209425,-121.10181450069862,42.38352203369141,6.0,180.0
462.55099446766775,-58.59253285753247,-121.0212772841192,42.48353576660156,6.0,180.0
462.8763027323372,-58.51203839247559,-121.19742672594144,42.58344268798828,6.0,180.0
463.91707876859255,-58.74988745335465,-121.7965394393174,42.6833610534668,6.0,180.0
465.5239647578957,-59.15702214628122,-122.69648386985442,42.78350067138672,6.0,180.0
467.8795748010531,-59.53014139450954,-123.72904087015756,42.78350067138672,6.0,180.0
470.8217526631411,-59.8967640666052,-124.68840484840848,42.88346099853516,6.0,180.0
473.7559223224465,-60.30410970395999,-125.31043132177362,42.98347091674805,6.0,180.0
476.2750111918553,-60.65070746280858,-125.62795554427016,43.08353805541992,6.0,180.0
478.146412579851,-60.828945745900334,-125.74493109928788,43.18343734741211,6.0,180.0
479.5788151388121,-60.87718808254495,-125.79598472027344,43.28342437744141,6.0,180.0
480.89948704936575,-60.922528853213294,-125.88360048327206,43.38345718383789,6.0,180.0
481.4337755335469,-60.908416684291225,-125.55371863215817,43.48335647583008,6.0,180.0
480.47599241379487,-60.84358786986074,-124.61571241327934,43.48335647583008,6.0,180.0
478.8733889170479,-60.86405986524503,-123.70882869532122,43.58346557617188,6.0,180.0
477.6474321327465,-60.920912742282496,-123.1953216169959,43.6836051940918,6.0,180.0
476.7421418666644,-60.97906497998748,-122.9168810189902,43.78351974487305,6.0,180.0
476.1286580322689,-61.12577576403069,-122.81525886530557,43.88349533081055,6.0,180.0
475.8303407351559,-61.35536421533574,-122.95185950914926,43.98338317871094,6.0,180.0
475.64757297413246,-61.43622594796194,-123.15744133841304,44.08336639404297,6.0,180.0
475.5934305088984,-61.396750892695806,-123.26968717584018,44.18346786499023,6.0,180.0
475.7778679507624,-61.548556802920615,-123.42240002558133,44.18346786499023,6.0,180.0
476.2685708501515,-61.84821893436073,-123.60065061215704,44.28340911865234,6.0,180.0
477.026482644761,-62.0634972584428,-123.79205340230158,44.38338470458984,6.0,180.0
477.9222371671325,-62.26428288836177,-124.18922626181276,44.48337173461914,6.0,180.0
478.79950467353046,-62.59028783317343,-124.62355064247868,44.5835075378418,6.0,180.0
479.6909467900185,-62.94174527928256,-124.82826831507477,44.68357849121094,6.0,180.0
480.5261322428195,-63.13995556789876,-124.81900014919918,44.78348541259766,6.0,180.0
480.9589215461786,-63.112975702758405,-124.58975829887902,44.78348541259766,6.0,180.0
481.0633687342476,-62.91892129310595,-124.0614152809534,44.88341903686523,6.0,180.0
481.09673810900495,-62.72127029761934,-123.27743388294589,44.98350143432617,6.0,180.0
481.13075980026616,-62.69330747583153,-122.53556768536974,45.0835075378418,6.0,180.0
481.4280843957852,-62.7936934763588,-122.18871276436992,45.18349456787109,6.0,180.0
482.2574193650121,-62.85141894064682,-122.19668388769634,45.28356170654297,6.0,180.0
483.4495477105893,-62.93051452850252,-122.35133472522188,45.3835563659668,6.0,180.0
484.5967053151937,-63.14807692568253,-122.4847417935548,45.48336029052734,6.0,180.0
485.4290667818353,-63.355049692679145,-122.52866275274472,45.48336029052734,6.0,180.0
485.8155475205817,-63.44458064149509,-122.7368273867544,45.58341979980469,6.0,180.0
485.8040592675698,-63.5169461118397,-123.2012507010491,45.6834831237793,6.0,180.0
485.6339801869547,-63.54590396934705,-123.83604753042847,45.78358459472656,6.0,180.0
485.5998718025188,-63.57466335930226,-124.62340801325117,45.88363647460938,6.0,180.0
485.8163596747039,-63.75843700626666,-125.28077514321362,45.98349380493164,6.0,180.0
486.1303836191338,-63.92174760025753,-125.51245254198258,46.08335494995117,6.0,180.0
486.29674079080064,-64.08056143262827,-125.33627808942538,46.08335494995117,6.0,180.0
486.243645572539,-64.32421950527792,-124.88171394418887,46.1834831237793,6.0,180.0
486.3073950511024,-64.34318456413668,-124.53021863029068,46.28347015380859,6.0,180.0
486.6984415062617,-64.09807744008917,-124.52083036972972,46.38350296020508,6.0,180.0
487.0184343775824,-63.81825264548729,-124.61778031063552,46.4835319519043,6.0,180.0
486.8744667427515,-63.64551791319923,-124.57052691910108,46.58345794677734,6.0,180.0
486.51424157570375,-63.6204233668786,-124.29220145364512,46.68345260620117,6.0,180.0
486.3596016861203,-63.69908217921618,-123.9527029534908,46.7834358215332,6.0,180.0
486.3615494039584,-63.81749694457838,-123.71573059233005,46.7834358215332,6.0,180.0
486.2906834383243,-63.887652907086185,-123.57704518285232,46.88344573974609,6.0,180.0
486.18768990336207,-63.92614635191367,-123.54228679398742,46.98352813720703,6.0,180.0
486.2146634386321,-64.00493090997469,-123.55115277737984,47.08346176147461,6.0,180.0
486.3149618511792,-63.99120539833943,-123.62409866178504,47.18349075317383,6.0,180.0
486.5563456043864,-63.732638805793854,-123.94079148094588,47.28359985351562,6.0,180.0
487.0665123412483,-63.35521211122334,-124.47627269138891,47.38359832763672,6.0,180.0
487.6079996214555,-63.04420299088804,-124.87112355929736,47.38359832763672,6.0,180.0
488.02531662369233,-62.93045760896342,-125.00634917676022,47.48348236083984,6.0,180.0
488.4253347712771,-62.97117384850745,-125.19508822253138,47.58343124389648,6.0,180.0
488.8621301564068,-62.95577086431104,-125.4248171652192,47.68341445922852,6.0,180.0
489.26859178127,-62.90225797766416,-125.5597960025822,47.78354263305664,6.0,180.0
489.5718795325943,-63.02849434312735,-125.65840745567952,47.88355255126953,6.0,180.0
489.8872415510105,-63.387110245067376,-125.57162672529124,47.98349761962891,6.0,180.0
490.4838006444267,-63.819886837488,-125.13170329622363,48.08368301391602,6.0,180.0
491.30241945565854,-64.23717967334905,-124.36441817432758,48.08368301391602,6.0,180.0
492.0363134076687,-64.65980653973962,-123.59353789001506,48.18352127075195,6.0,180.0
492.5660995902107,-65.12947762824446,-123.1678984653766,48.28342819213867,6.0,180.0
492.79243093150205,-65.68244494218065,-123.08916294533893,48.38346099853516,6.0,180.0
492.86278973795424,-66.10870730821924,-123.11384348902304,48.48336029052734,6.0,180.0
492.9011668382076,-66.24658329973731,-123.11070315128153,48.58359909057617,6.0,180.0
492.7837528176671,-66.3127127493785,-123.20030417882614,48.68357467651367,6.0,180.0
492.71211599908986,-66.35351732243521,-123.43613832598388,48.68357467651367,6.0,180.0
492.8541201588145,-66.209139661738,-123.68270275023366,48.78347396850586,6.0,180.0
493.22844032789885,-66.01678122249668,-123.80554525357527,48.883544921875,6.0,180.0
493.7981146954375,-66.08194086067907,-123.93780618076606,48.98328018188477,6.0,180.0
494.4082512913915,-66.32865006463373,-124.26447129400492,49.08332824707031,6.0,180.0
494.941015416602,-66.42422331532903,-124.60814383791988,49.18363571166992,6.0,180.0
495.19680074675887,-66.26516892794814,-124.76764686841187,49.28351211547852,6.0,180.0
495.13892326826,-66.02786613058993,-124.87969130053868,49.38349533081055,6.0,180.0
495.1012698762669,-65.80948923322245,-125.05070737052216,49.38349533081055,6.0,180.0
495.378899343628,-65.5155810041008,-125.31664923920128,49.48354721069336,6.0,180.0
495.7587082323151,-65.19683282501656,-125.67208392058194,49.58357620239258,6.0,180.0
495.9079062932348,-65.01345445982396,-125.8150076551114,49.68363189697266,6.0,180.0
495.905751145088,-65.00687841304307,-125.6256650565468,49.78353118896484,6.0,180.0
495.8797719271245,-65.06319606144474,-125.38364582764308,49.8832893371582,6.0,180.0
495.8683934819945,-65.05445324073325,-125.26134190092924,49.98331832885742,6.0,180.0
495.91393339532016,-64.9479732617102,-125.21401258943044,50.08358383178711,6.0,180.0
496.0974253342049,-64.76232027704971,-125.15351824984369,50.08358383178711,6.0,180.0
496.3532668231868,-64.53861491700988,-125.0667506938187,50.18356323242188,6.0,180.0
496.470243314825,-64.35486612008032,-125.11616574528318,50.28343200683594,6.0,180.0
496.40125698299767,-64.21161198642145,-125.477919308992,50.38341522216797,6.0,180.0
496.200011416909,-64.1134575168374,-126.02860339938788,50.4833984375,6.0,180.0
496.077353927986,-64.17139328139868,-126.51104734884836,50.5835075378418,6.0,180.0
496.06349978258106,-64.40009304541752,-126.7120947254422,50.68345642089844,6.0,180.0
496.06200610283474,-64.67865165122274,-126.64481839591149,50.68345642089844,6.0,180.0
496.3162159718056,-64.96247306151744,-126.67715652800888,50.78291320800781,6.0,180.0
496.9576268557181,-65.40099864580888,-126.8305696383472,50.88312530517578,6.0,180.0
497.7110407111362,-65.93517327028788,-126.85859525118369,50.98357009887695,6.0,180.0
498.43210584525616,-66.1998215631226,-126.7058039689193,51.0838508605957,6.0,180.0
499.1309565371739,-66.12850775425801,-126.32396529059812,51.18369293212891,6.0,180.0
499.64220828500805,-65.97739291673757,-125.7945022452081,51.28351211547852,6.0,180.0
499.8858342065912,-65.93346211273337,-125.28577454577092,51.38344573974609,6.0,180.0
499.8845590584921,-66.05189543504662,-125.07005509350348,51.38344573974609,6.0,180.0
499.8934684654298,-66.25144661410167,-125.21995800184504,51.48355484008789,6.0,180.0
500.0412302517501,-66.46921747523794,-125.38658845993422,51.58362579345703,6.0,180.0
500.256492372036,-66.71542819375946,-125.4773423071092,51.68344879150391,6.0,180.0
500.6630126205124,-66.90129548362731,-125.62110477712572,51.78342056274414,6.0,180.0
501.1923594638592,-67.0134178938017,-125.90114717547516,51.88354873657227,6.0,180.0
501.3554786332386,-67.03094100664312,-126.28713269603269,51.98358535766602,6.0,180.0
500.68991940450593,-66.90308371838475,-126.47927593293512,51.98358535766602,6.0,180.0
499.6528096811806,-66.93106408647456,-126.38738570499255,52.08353424072266,6.0,180.0
498.9590628323963,-67.23827375352748,-126.27455211457372,52.18344497680664,6.0,180.0
498.5967271940452,-67.54845513164115,-126.3507942362472,52.28352355957031,6.0,180.0
498.3172280705367,-67.76897094088918,-126.48867431596318,52.38352584838867,6.0,180.0
498.24943874807,-67.98146315055135,-126.41415628741356,52.48360824584961,6.0,180.0
498.5052581962384,-68.22600576055159,-126.1627814932601,52.58367538452148,6.0,180.0
498.7350963403288,-68.50514556600876,-126.03232533094749,52.68338775634766,6.0,180.0
498.82088164655687,-68.84527147368749,-126.1290152900916,52.68338775634766,6.0,180.0
498.9074435222727,-69.14649389007786,-126.2763880277614,52.78339004516602,6.0,180.0
498.9842352700884,-69.4170226765735,-126.3030587293409,52.88340377807617,6.0,180.0
498.94029046165895,-69.63139889674432,-126.0254396685026,52.98348617553711,6.0,180.0
498.7236396773419,-69.49366275176486,-125.53479120634042,53.08365249633789,6.0,180.0
498.6110768254168,-69.1510470708931,-125.15549685576023,53.18347549438477,6.0,180.0
498.88976481904,-68.95418767975073,-125.12128224515266,53.28346252441406,6.0,180.0
499.3107146172279,-68.84061200326784,-125.31868338294744,53.28346252441406,6.0,180.0
499.5653110011792,-68.73585692895972,-125.2501420742979,53.3834228515625,6.0,180.0
499.7660114024637,-68.64781472023785,-124.79866946379528,53.48346328735352,6.0,180.0
499.9051258280207,-68.50456198368464,-124.08873174304912,53.58356094360352,6.0,180.0
499.8973294711647,-68.3100742408989,-123.34601924127249,53.6834602355957,6.0,180.0
499.9148172770102,-68.09369968629338,-122.9711309919863,53.78340530395508,6.0,180.0
500.0278061553765,-67.89274767154079,-122.96884314040048,53.88352966308594,6.0,180.0
499.9900821375327,-67.7256945210685,-123.101372073983,53.98352813720703,6.0,180.0
499.677610656498,-67.63478834007002,-123.2718149372907,53.98352813720703,6.0,180.0
499.3892316128996,-67.58845480697002,-123.33613349262838,54.08349990844727,6.0,180.0
499.4642827702828,-67.43737171710289,-123.16502085569056,54.18354797363281,6.0,180.0
499.6904126894022,-67.17441883963859,-122.96188940819414,54.28340148925781,6.0,180.0
499.8118107995135,-66.96451628274241,-122.90142811413088,54.38341903686523,6.0,180.0
499.9210155555695,-66.88624751290155,-122.99443570631053,54.48347091674805,6.0,180.0
499.9997156794243,-66.7870018491768,-123.39447245620384,54.5836181640625,6.0,180.0
500.0467679564404,-66.52222187988598,-124.05685421247247,54.68357467651367,6.0,180.0
500.0628037969027,-66.1649066397223,-124.53043803734514,54.68357467651367,6.0,180.0
500.0248293186544,-65.9009327345806,-124.65057514462306,54.7835693359375,6.0,180.0
499.8584432067664,-65.88483023182232,-124.52250859700024,54.88351440429688,6.0,180.0
499.37940740097713,-65.9803580113228,-124.2264224701522,54.98346710205078,6.0,180.0
498.5933643546065,-65.88936205217523,-123.97830859785353,55.08351135253906,6.0,180.0
497.8670120458986,-65.64116825896541,-123.6934016364252,55.1834602355957,6.0,180.0
497.5423844602837,-65.38164551761707,-123.43597621977308,55.28353118896484,6.0,180.0
497.46461529953456,-65.32680171471951,-123.50221881395824,55.28353118896484,6.0,180.0
497.3126268810328,-65.55029985371819,-123.66072266200167,55.38348388671875,6.0,180.0
497.07347973887215,-65.89921693542124,-123.68935272262988,55.48349761962891,6.0,180.0
496.87555470090473,-66.3045578101992,-123.5820190401027,55.58361053466797,6.0,180.0
496.72394514587234,-66.66225831687086,-123.24249978689842,55.68342590332031,6.0,180.0
496.4449507783979,-66.9143608453364,-122.65298387790176,55.78339767456055,6.0,180.0
495.9792183763865,-67.1959515907557,-122.15237439800332,55.88343811035156,6.0,180.0
495.53617755368566,-67.624702317745,-122.03758093723724,55.98351287841797,6.0,180.0
495.2612148225167,-68.15995415618536,-121.98233252370191,55.98351287841797,6.0,180.0
495.1663038069317,-68.7717699955191,-121.89550352657136,56.08368301391602,6.0,180.0
495.18977887794097,-69.32587595151179,-122.06470655355622,56.18361663818359,6.0,180.0
495.1773854040295,-69.84512843725524,-122.39592281666135,56.28342056274414,6.0,180.0
495.0220534413542,-70.39977900306145,-122.63319396328284,56.38347244262695,6.0,180.0
494.85681003874106,-70.79880963870052,-122.74022987610708,56.48352813720703,6.0,180.0
494.62512674574486,-71.06975756863156,-122.87128576511748,56.58341217041016,6.0,180.0
494.0293852379732,-71.23741239463945,-123.10661699492348,56.58341217041016,6.0,180.0
493.2724136154475,-71.21427593859546,-123.3587172224984,56.68350219726562,6.0,180.0
492.711263055022,-71.06674600398877,-123.43988544887372,56.78348159790039,6.0,180.0
492.2158798305194,-70.95051352819307,-123.34886220364804,56.88345336914062,6.0,180.0
491.6932730183906,-70.94292382181223,-123.29616610004253,56.98354721069336,6.0,180.0
491.50337965316425,-70.97947762462914,-123.31790410700654,57.08328247070312,6.0,180.0
491.77728596364216,-71.1121485534615,-123.30487594279316,57.18304824829102,6.0,180.0
492.099418910421,-71.24980263723441,-123.22073513396558,57.28313827514648,6.0,180.0
492.02838722111017,-71.10826717099896,-122.9964697693424,57.28313827514648,6.0,180.0
491.653414419171,-70.62983531801925,-122.85447022878652,57.38354110717773,6.0,180.0
491.3461535122885,-69.99781819755746,-123.02539085787453,57.48374938964844,6.0,180.0
491.2328709965605,-69.49206211780707,-123.16028203379872,57.58361053466797,6.0,180.0
491.1537053769159,-69.2930872941036,-123.05931135362,57.68325424194336,6.0,180.0
490.9291933949713,-69.30676738341816,-122.9317130185208,57.78347396850586,6.0,180.0
490.6706541569913,-69.2261364111416,-122.90761430415478,57.88350677490234,6.0,180.0
490.4018212658647,-68.93840964072068,-122.8474482523271,57.88350677490234,6.0,180.0
490.1783684747121,-68.57472364225427,-122.76076133458392,57.98330307006836,6.0,180.0
490.1775533487521,-68.29927993753564,-122.756248929638,58.08321380615234,6.0,180.0
490.1991803653013,-68.22404788343374,-122.69622550452137,58.18356323242188,6.0,180.0
490.0324607242666,-68.34875704655211,-122.61562198468386,58.28385543823242,6.0,180.0
489.76069141606825,-68.58124081186214,-122.62365369937712,58.3837776184082,6.0,180.0
489.4513597635552,-68.76888454678978,-122.76205157387378,58.48351287841797,6.0,180.0
489.086557783289,-68.76472024419573,-123.00927002019267,58.58349609375,6.0,180.0
488.8565539786413,-68.5857594108964,-123.32924152187312,58.58349609375,6.0,180.0
488.9345286506105,-68.43507926402744,-123.7441304611547,58.68354797363281,6.0,180.0
489.086619236832,-68.38618068472039,-124.13285937533638,58.78349685668945,6.0,180.0
489.0633952527924,-68.40058506748834,-124.42260872028574,58.88356781005859,6.0,180.0
488.847167430846,-68.46655039279716,-124.5814740917104,58.98339080810547,6.0,180.0
488.53561796944086,-68.45529122078283,-124.56432195948436,59.08346176147461,6.0,180.0
488.2752595479643,-68.30151588858027,-124.33370220956992,59.18372344970703,6.0,180.0
488.1361592020846,-68.13943890766855,-124.05978049054328,59.28348159790039,6.0,180.0
487.9000167959217,-67.86815549345134,-124.0101788764862,59.28348159790039,6.0,180.0
487.2953350862521,-67.29424841942843,-124.01676271332776,59.38351058959961,6.0,180.0
486.5098713987456,-66.70303996247124,-123.86610412316313,59.48351669311523,6.0,180.0
485.8403482801034,-66.4697596149062,-123.6853784010193,59.58340835571289,6.0,180.0
485.4193568762101,-66.44551262637154,-123.64962476063135,59.68350219726562,6.0,180.0
485.2261804297224,-66.38023987725644,-123.71929696737632,59.78341293334961,6.0,180.0
484.9013677095184,-66.47807290797735,-123.9673021944411,59.88339233398438,6.0,180.0
484.2681404317806,-66.76604985020879,-124.43357108320858,59.88339233398438,6.0,180.0
483.6048528273258,-67.04591461685683,-124.87444831343956,59.9835090637207,6.0,180.0
483.011006452596,-67.30191391693175,-125.29832236983796,60.08351135253906,6.0,180.0
482.4529324921559,-67.454758417681,-125.635444825001,60.18349838256836,6.0,180.0
482.0455889683437,-67.44529648818664,-125.62904293252674,60.28348922729492,6.0,180.0
481.6974770997779,-67.19799338217791,-125.26777245288496,60.38348770141602,6.0,180.0
481.3662363831348,-66.87813593504887,-124.68271947892512,60.48342514038086,6.0,180.0
481.2682673190807,-66.8168302833208,-123.98237344116048,60.58358383178711,6.0,180.0
481.3632706168413,-67.02493178628453,-123.23810309779005,60.58358383178711,6.0,180.0
481.5437068383853,-67.33673563876108,-122.66959811505636,60.68352508544922,6.0,180.0
481.7359924724375,-67.5256787328486,-122.36145855036666,60.78357315063477,6.0,180.0
481.6970106627567,-67.50557377492451,-122.11894411401296,60.88363647460938,6.0,180.0
481.4352092612052,-67.37284578104124,-121.7284371236134,60.98346328735352,6.0,180.0
480.9822805107035,-67.33477156076243,-121.0886840954258,61.08348846435547,6.0,180.0
480.416727623152,-67.48592998325324,-120.58253965275468,61.18351364135742,6.0,180.0
480.0347475481228,-67.55291758588638,-120.6062999607459,61.18351364135742,6.0,180.0
480.0185150792852,-67.42697879899244,-120.89668290665722,61.28340530395508,6.0,180.0
480.1668139750184,-67.29563568725942,-121.06447893232686,61.38343811035156,6.0,180.0
479.994426333277,-67.27455025697137,-121.0136497490772,61.48333740234375,6.0,180.0
479.4572987500694,-67.48029971797916,-120.8552536590584,61.58340454101562,6.0,180.0
478.7902261332474,-67.86897912969258,-120.68947185510618,61.6834831237793,6.0,180.0
478.1103781752887,-68.14010537882277,-120.38653796633636,61.78344345092773,6.0,180.0
477.5335148512497,-68.20540422133816,-119.9301432703452,61.88350296020508,6.0,180.0
477.13218562005903,-68.26139260920371,-119.36486515170812,61.88350296020508,6.0,180.0
476.8692006555642,-68.29992278844165,-118.67334426526268,61.98356246948242,6.0,180.0
476.66772531414506,-68.13791700254417,-118.05463357172256,62.08349227905273,6.0,180.0
476.5715922449558,-67.8063242028326,-117.58777978151129,62.18349075317383,6.0,180.0
476.5842080344177,-67.51249907685605,-117.16340338246717,62.28352737426758,6.0,180.0
476.5008371483139,-67.34536221331555,-116.62545103137754,62.38346481323242,6.0,180.0
476.24444766411966,-67.40659153851377,-115.90824162940184,62.48361968994141,6.0,180.0
475.8986855782725,-67.70883522144706,-115.18262501394852,62.48361968994141,6.0,180.0
475.47185892417787,-67.99364929715632,-114.64403744253762,62.58360290527344,6.0,180.0
474.9436100229372,-68.21470913192388,-114.40489051588531,62.6834831237793,6.0,180.0
474.40036614130383,-68.37017138941842,-114.42951549793716,62.78353118896484,6.0,180.0
473.9880345652456,-68.35989209498379,-114.4032488931311,62.88347244262695,6.0,180.0
473.6771721260262,-68.25033527503531,-114.23543871942655,62.98335266113281,6.0,180.0
473.4713640906158,-68.11830792079832,-114.20308515827222,63.08345413208008,6.0,180.0
473.5298109074944,-68.06889019529324,-114.34218228635272,63.18344879150391,6.0,180.0
473.6613778177175,-68.25621654075577,-114.5532017996164,63.18344879150391,6.0,180.0
473.5166696290202,-68.68512365798028,-114.79476573291907,63.28337860107422,6.0,180.0
473.1359156172797,-69.04867129510205,-115.0030833850654,63.38348770141602,6.0,180.0
472.7111220953618,-69.06386760117572,-115.13644613704764,63.4834098815918,6.0,180.0
472.24130416505625,-68.88110731186343,-115.298339620608,63.5833625793457,6.0,180.0
471.8277639604945,-68.61043603475808,-115.6714878272746,63.6835823059082,6.0,180.0
471.5238849487816,-68.33264662572203,-116.05246995663536,63.78348541259766,6.0,180.0
471.1317136006365,-68.21946563910278,-116.1876986269174,63.78348541259766,6.0,180.0
470.7625685015531,-68.07215408751267,-116.20619388252685,63.88351440429688,6.0,180.0
470.55034133660297,-67.76999758258756,-116.07239415061824,63.98349380493164,6.0,180.0
470.4714746527802,-67.43128656381282,-115.7608154345886,64.08332061767578,6.0,180.0
470.4749971021234,-67.0891249003497,-115.40626313474476,64.18335723876953,6.0,180.0
470.510486465824,-66.95958912904018,-115.11371650032656,64.28343963623047,6.0,180.0
470.44404830708856,-67.18850979705671,-115.01984133467084,64.38330841064453,6.0,180.0
470.1644936543315,-67.50968613852042,-115.15398918012592,64.48330688476562,6.0,180.0
469.9413492066451,-67.68657369287693,-115.4156933999458,64.48330688476562,6.0,180.0
469.9325779491695,-67.85510796938189,-115.59000227246108,64.58353424072266,6.0,180.0
469.9891595808176,-68.14017957369121,-115.63136737596908,64.68376159667969,6.0,180.0
469.97872973627466,-68.35247906923591,-115.70997786458716,64.78365325927734,6.0,180.0
469.79515036956144,-68.4175669770684,-115.8724312753072,64.88334655761719,6.0,180.0
469.46239351996405,-68.40910941432949,-115.9191142553666,64.9834213256836,6.0,180.0
469.0198261175352,-68.36278296629894,-115.74056474617822,65.08331298828125,6.0,180.0
468.3148319335569,-68.24931581088167,-115.6374609320004,65.18342590332031,6.0,180.0
467.5247041905348,-68.07339042978964,-115.71435052024108,65.18342590332031,6.0,180.0
466.8536818919532,-68.0370826574952,-115.8138020037681,65.28338623046875,6.0,180.0
466.3600210873264,-68.18337694400817,-115.93341094637428,65.38340759277344,6.0,180.0
466.1579387403969,-68.30883179188697,-115.86906748687584,65.48355102539062,6.0,180.0
465.8791166218889,-68.20788707465488,-115.47447441436314,65.58380126953125,6.0,180.0
465.2008537105685,-67.99844116441935,-114.97742191226384,65.68364715576172,6.0,180.0
464.38900380487087,-67.9402159577082,-114.49348517564484,65.78340911865234,6.0,180.0
463.7594914551101,-67.96185967476585,-114.0886055832955,65.78340911865234,6.0,180.0
463.35367805832846,-67.9313051403544,-113.8621306672369,65.8835220336914,6.0,180.0
463.1335094473312,-67.8945422999798,-113.8040503785789,65.98345184326172,6.0,180.0
463.1304602808266,-67.93256685074438,-113.97223280350536,66.08344268798828,6.0,180.0
463.308658161044,-68.00148778252017,-114.1926963680256,66.18370056152344,6.0,180.0
463.54344197893823,-68.04268774418851,-114.39855657317108,66.28350830078125,6.0,180.0
463.77175866787815,-68.08895213005401,-114.6742088588338,66.38345336914062,6.0,180.0
463.8483019620276,-68.10480808203187,-114.75456701461334,66.4835433959961,6.0,180.0
463.6301684727437,-68.09753368906247,-114.4312141691355,66.4835433959961,6.0,180.0
463.3036600384793,-68.1790044365099,-113.83695015554132,66.58349609375,6.0,180.0
462.93963229624296,-68.34016282285265,-113.4337187482674,66.6835708618164,6.0,180.0
462.6305036383579,-68.52140304001026,-113.39713451743182,66.78355407714844,6.0,180.0
462.64471657967545,-68.72623943825185,-113.37955510668051,66.88350677490234,6.0,180.0
462.4760047439925,-68.98091912911322,-113.2389342909106,66.9835205078125,6.0,180.0
461.7421353100784,-69.20720431026466,-113.04996247608368,67.08348083496094,6.0,180.0
460.7014729122221,-69.37490368646415,-112.70418089338892,67.08348083496094,6.0,180.0
459.5125781981216,-69.59813604016401,-112.30646249235464,67.18354034423828,6.0,180.0
458.52774933028167,-69.84636707173823,-112.08373248719906,67.28353881835938,6.0,180.0
457.8549234346758,-70.0610092427824,-111.97496947567424,67.38340759277344,6.0,180.0
457.3889314326016,-70.21826574905585,-112.00700606335818,67.48342895507812,6.0,180.0
457.1828471959609,-70.26816472306456,-112.32269810105008,67.5834732055664,6.0,180.0
457.0892102182448,-70.32049713233911,-112.86430294307866,67.68353271484375,6.0,180.0
456.9055771558525,-70.42416890610863,-113.31672980388934,67.7834701538086,6.0,180.0
456.5629099945828,-70.42444357518112,-113.40679423056488,67.7834701538086,6.0,180.0
456.075326648579,-70.27836600986944,-113.02845316679311,67.8834457397461,6.0,180.0
455.5797199714209,-70.02751387013316,-111.95201289004524,67.98333740234375,6.0,180.0
455.19932624220826,-69.70288214639714,-110.48848466012169,68.08356475830078,6.0,180.0
454.88045303475343,-69.37893571558769,-109.5209454767503,68.1835708618164,6.0,180.0
454.616237453304,-69.1989425100435,-109.11669533255838,68.283447265625,6.0,180.0
454.64711642746346,-69.2391847862429,-108.81414288365198,68.383544921875,6.0,180.0
454.835749865916,-69.21618084806752,-108.62026798055852,68.383544921875,6.0,180.0
454.6913674683522,-68.82986863175796,-108.55298123679906,68.48342895507812,6.0,180.0
454.08928228902977,-68.36993860261276,-108.38829434551184,68.58352661132812,6.0,180.0
453.0367850149004,-68.07789886566431,-108.2233966564895,68.68347930908203,6.0,180.0
451.5338296155055,-67.63669245837414,-108.1554287521294,68.7833023071289,6.0,180.0
449.8429428424442,-67.07833317200527,-107.88386038704482,68.88317108154297,6.0,180.0
448.4316664213453,-66.71328937798037,-107.291312614594,68.98345184326172,6.0,180.0
447.2252380683916,-66.58885952002572,-106.53357636852154,69.0835952758789,6.0,180.0
446.0115631569437,-66.78931894104471,-105.64790445593164,69.0835952758789,6.0,180.0
445.1379014496913,-67.28145086068409,-104.76047668013906,69.1837158203125,6.0,180.0
444.81507842475264,-67.82971351270804,-104.15005041560988,69.28358459472656,6.0,180.0
444.7491511899221,-68.32388672789253,-103.9195790099723,69.38349914550781,6.0,180.0
444.49626910287367,-68.71703071718811,-104.0575202745282,69.48357391357422,6.0,180.0
443.99339533759513,-68.88070317189658,-104.25842768766024,69.58357238769531,6.0,180.0
443.4119010468561,-68.80590183560884,-104.17225029275724,69.68354797363281,6.0,180.0
442.7190475582816,-68.47993157948574,-103.9801613890808,69.78341674804688,6.0,180.0
441.92677472594346,-67.90549518003984,-103.87809193463644,69.78341674804688,6.0,180.0
441.37045799415694,-67.32504537578046,-103.94370564342988,69.88353729248047,6.0,180.0
441.1239609953929,-66.87855702183738,-104.32247515903563,69.98365020751953,6.0,180.0
441.0172690802627,-66.64819773817894,-104.83493344686948,70.08366394042969,6.0,180.0
441.019124232619,-66.57494444334685,-105.08589519848324,70.1834716796875,6.0,180.0
440.9003004221132,-66.44244645507803,-105.03573436974668,70.28352355957031,6.0,180.0
440.4727646464569,-66.35429605229804,-104.91999774881324,70.38337707519531,6.0,180.0
439.8966505912832,-66.32687152715948,-104.78934818784758,70.38337707519531,6.0,180.0
439.1794951140508,-66.18913440283123,-104.48920959337022,70.48350524902344,6.0,180.0
438.4061705181106,-65.99317098675314,-104.12798833294192,70.58358764648438,6.0,180.0
438.1090254782819,-65.89721932175779,-104.03707720430904,70.68341064453125,6.0,180.0
438.1680641839501,-65.98810184313973,-104.11675469095276,70.7833251953125,6.0,180.0
438.0789460695148,-66.20849661588794,-104.23354684170548,70.88341522216797,6.0,180.0
437.9181277258577,-66.50393875420039,-104.41047713282386,70.98353576660156,6.0,180.0
437.66814858443337,-66.65436159045626,-104.52382510975744,71.08354949951172,6.0,180.0
437.1038306193468,-66.53455207579843,-104.57075042681676,71.08354949951172,6.0,180.0
436.19226813956016,-66.36889253589754,-104.54168855023772,71.1835708618164,6.0,180.0
434.9392748416567,-66.18869473026099,-104.36845917085182,71.28343963623047,6.0,180.0
433.4918245510149,-65.96267504669822,-104.04470918862478,71.3834228515625,6.0,180.0
432.3463946415056,-65.63199545731618,-103.54888142966313,71.48360443115234,6.0,180.0
431.7166044062328,-65.1374333518081,-102.91843175303674,71.58338928222656,6.0,180.0
431.2670170440583,-64.586562269828,-102.32999671670026,71.68318939208984,6.0,180.0
430.731183880692,-63.98959249982612,-101.93895968303758,71.68318939208984,6.0,180.0
430.0859396452662,-63.45392391704253,-101.66594672473926,71.78329467773438,6.0,180.0
429.4879541860964,-63.13386311023292,-101.4179952968087,71.88349914550781,6.0,180.0
429.1622124043749,-63.01955705614488,-101.28288911203076,71.98362731933594,6.0,180.0
428.96126348688665,-63.10151290627071,-101.15605618482,72.08353424072266,6.0,180.0
428.58207145950007,-63.30343552495104,-100.85734232730172,72.18354034423828,6.0,180.0
428.1440383277002,-63.59166676677425,-100.54572626952404,72.28363800048828,6.0,180.0
427.7070506289565,-63.90813261010726,-100.3533965888394,72.38349151611328,6.0,180.0
427.0992731272455,-64.0346230304304,-100.06805443244704,72.38349151611328,6.0,180.0
426.2486730536273,-63.88653725307766,-99.49346023568005,72.48342895507812,6.0,180.0
425.3565482823483,-63.48398223502227,-98.88799050385568,72.58323669433594,6.0,180.0
424.85161991062887,-62.8825021613615,-98.60873747896376,72.68338775634766,6.0,180.0
424.6082423487216,-62.21942100218249,-98.6127812708779,72.78374481201172,6.0,180.0
424.19091619802856,-61.72514322209557,-98.6820343044425,72.88362884521484,6.0,180.0
423.6328486092678,-61.62670774072785,-98.65588642337434,72.98355865478516,6.0,180.0
422.9911429108561,-61.94150912539912,-98.46593706708688,72.98355865478516,6.0,180.0
422.11319911683546,-62.412846288723806,-98.23095247268016,73.08354187011719,6.0,180.0
421.12041286574,-62.78705475053674,-98.09059637739428,73.18346405029297,6.0,180.0
420.30328400572097,-63.085852338496245,-98.01580433634788,73.28350830078125,6.0,180.0
419.6337985530792,-63.28259525245159,-97.98409808723056,73.38349914550781,6.0,180.0
419.0019617260476,-63.27922053140094,-97.95185542499708,73.48338317871094,6.0,180.0
418.4262399947992,-63.10006651478685,-97.849911611999,73.58346557617188,6.0,180.0
417.83643656063424,-62.84339982752523,-97.75483024553807,73.6836166381836,6.0,180.0
417.2321265082256,-62.59965517165556,-97.61652418841172,73.6836166381836,6.0,180.0
416.7590048284346,-62.38925627257915,-97.30413225667114,73.78338623046875,6.0,180.0
416.4842199825426,-62.34801307077672,-96.9493140305554,73.88322448730469,6.0,180.0
416.17651906523207,-62.48618029388406,-96.80674424734424,73.98348999023438,6.0,180.0
415.60886347180747,-62.48578290758266,-96.79598485650088,74.08356475830078,6.0,180.0
414.9098503069104,-62.09634143779674,-96.7225463288938,74.1836166381836,6.0,180.0
414.1157888075068,-61.58578395864756,-96.51291224793194,74.28358459472656,6.0,180.0
413.294040516073,-61.41351876456065,-95.9015635038242,74.38349151611328,6.0,180.0
412.6720369608847,-61.416089671655854,-94.98986719310426,74.38349151611328,6.0,180.0
412.27825908211344,-61.223574874683294,-94.2817615884658,74.48348236083984,6.0,180.0
412.0418708119197,-61.04221333123874,-93.9197361056112,74.5833740234375,6.0,180.0
411.9179870756081,-61.283061668976025,-93.82651711425174,74.6833724975586,6.0,180.0
411.7991181227328,-61.83444277813893,-93.97737552992058,74.78341674804688,6.0,180.0
411.4508574423954,-62.13726105790317,-94.1684611501629,74.8833999633789,6.0,180.0
410.8651065464675,-61.99184160008483,-94.0726383203022,74.98347473144531,6.0,180.0
410.180321379404,-61.66256761631183,-93.61391668255251,74.98347473144531,6.0,180.0
409.5044967250328,-61.32396980615633,-92.93432522171732,75.08348846435547,6.0,180.0
408.92096320312334,-61.03758333845194,-92.25545228289177,75.18355560302734,6.0,180.0
408.31345226837846,-60.81926534469433,-91.84986221934666,75.28349304199219,6.0,180.0
407.6268327764485,-60.76301907883316,-91.76301642099072,75.38341522216797,6.0,180.0
406.9353964104427,-60.999545543248615,-91.76693032146623,75.4834213256836,6.0,180.0
406.3688655432291,-61.34274714626581,-91.7700655836718,75.58362579345703,6.0,180.0
405.982877819485,-61.56634013926205,-91.7571727834538,75.6836166381836,6.0,180.0
405.4819508010424,-61.69678575737448,-91.48219087366024,75.6836166381836,6.0,180.0
404.7702568767327,-61.82243519804019,-91.00363449345627,75.78350830078125,6.0,180.0
403.9266825720968,-61.9394715182568,-90.7668850175294,75.88352966308594,6.0,180.0
402.9632401522565,-62.05337901734546,-90.91065661043548,75.98347473144531,6.0,180.0
402.25406710612816,-62.169310781442576,-91.12820194163923,76.08341979980469,6.0,180.0
401.8321621662951,-62.09908510569859,-91.2984345112238,76.18352508544922,6.0,180.0
401.313775804278,-61.83944210467527,-91.67742755223333,76.28340148925781,6.0,180.0
400.6389007021684,-61.61245673993611,-92.16032766540788,76.28340148925781,6.0,180.0
399.60687679722906,-61.41940183166403,-92.37263623573364,76.38341522216797,6.0,180.0
398.067505768418,-61.081618176516535,-92.39635433648,76.4834976196289,6.0,180.0
396.3948068144175,-60.69102943198871,-92.29444327803364,76.58348083496094,6.0,180.0
394.8983269705035,-60.50737150366415,-91.93892822662336,76.68366241455078,6.0,180.0
393.7117583652209,-60.332515365107845,-91.6855104969542,76.78340911865234,6.0,180.0
392.8191510880692,-59.94883329206965,-91.6964543563572,76.88349151611328,6.0,180.0
392.2188184231594,-59.545413535128304,-91.60045880927072,76.98358154296875,6.0,180.0
391.7907564180341,-59.35008061701362,-91.32097934155668,76.98358154296875,6.0,180.0
391.1699574886749,-59.23476527749644,-91.01758251549064,77.0833511352539,6.0,180.0
390.435317213129,-58.92667023983528,-90.82193645966905,77.18350982666016,6.0,180.0
389.8527686803109,-58.6020742024521,-90.90201470550409,77.28358459472656,6.0,180.0
389.3240746451961,-58.496689621320826,-91.14800721751126,77.3834228515625,6.0,180.0
388.87346170362247,-58.66460944404736,-91.26310208867324,77.48365783691406,6.0,180.0
388.7035367923946,-59.00413239894489,-91.16643751094384,77.583740234375,6.0,180.0
388.7802898570248,-59.359547735736,-90.85763026800628,77.583740234375,6.0,180.0
389.007909538728,-59.79062623164141,-90.3912735456114,77.68350982666016,6.0,180.0
389.1503704730053,-60.04900470461421,-89.85697828186989,77.78356170654297,6.0,180.0
388.9756934510043,-59.97074506790632,-89.23562766978499,77.88348388671875,6.0,180.0
388.5864976750922,-59.7959229081595,-88.8048668382114,77.98343658447266,6.0,180.0
387.8956132666998,-59.59189494499047,-88.785145461249,78.08326721191406,6.0,180.0
386.787897623649,-59.35175978019865,-88.75082092041674,78.18311309814453,6.0,180.0
385.6560921350194,-59.11588720489901,-88.32568271293928,78.28318786621094,6.0,180.0
384.55174541844224,-59.03710147993544,-87.67975271376189,78.28318786621094,6.0,180.0
383.3075438923271,-59.212753539419325,-86.9607670766459,78.38334655761719,6.0,180.0
382.2181430720033,-59.53157041982325,-86.15629177560426,78.48306274414062,6.0,180.0
381.22194217534167,-59.8763291394954,-85.39803189176354,78.58307647705078,6.0,180.0
380.14696232361086,-60.11203656502655,-84.79686714615903,78.68360137939453,6.0,180.0
379.2104160217073,-60.11305915377085,-84.27578751811325,78.78379821777344,6.0,180.0
378.5517092177653,-59.893050780249794,-83.66398246757285,78.88285064697266,6.0,180.0
378.1599222408619,-59.54521693438991,-83.08703473902928,78.88285064697266,6.0,180.0
377.77340096031367,-59.18041504785896,-82.67402064123341,78.98306274414062,6.0,180.0
377.1971315089766,-58.87722019652121,-82.34135330682498,79.08348846435547,6.0,180.0
376.5351657414038,-58.58799393393739,-81.96259941666759,79.1839828491211,6.0,180.0
375.67401737545714,-58.35816023940061,-81.55943910111101,79.28394317626953,6.0,180.0
374.660811560506,-58.23911700644384,-81.43116999362563,79.38353729248047,6.0,180.0
373.99832164167685,-58.099895597480895,-81.62468808075724,79.48348999023438,6.0,180.0
373.6949476053914,-57.90933223969096,-81.91375286782724,79.58378601074219,6.0,180.0
373.4132519744519,-57.79403827018077,-82.13266463588971,79.58378601074219,6.0,180.0
373.0063187766842,-57.91875632216835,-82.23594693520477,79.683837890625,6.0,180.0
372.2101084136688,-58.20759455294058,-82.29376096099554,79.78333282470703,6.0,180.0
371.156661363885,-58.41785757381325,-82.62629802052682,79.88346862792969,6.0,180.0
370.1633331014466,-58.53317704662122,-83.27586705707688,79.9836654663086,6.0,180.0
369.1001953046881,-58.61926513788173,-83.75652501216463,80.08377075195312,6.0,180.0
368.0669977545229,-58.820355075641466,-83.79444788022325,80.18353271484375,6.0,180.0
367.3421141904966,-59.12929442859398,-83.30031983883154,80.28368377685547,6.0,180.0
367.01592670689286,-59.31552584296888,-82.48764503960535,80.28368377685547,6.0,180.0
366.9566514434662,-59.38055413474601,-81.6905676101205,80.38362884521484,6.0,180.0
366.7792258839704,-59.48679997449205,-80.88829346238934,80.48345184326172,6.0,180.0
366.44816354786974,-59.729527082941246,-80.18680163269022,80.58344268798828,6.0,180.0
366.2383267922564,-59.84088514244493,-79.70221290185475,80.68338775634766,6.0,180.0
366.0776722311354,-59.54994764748776,-79.34332672984928,80.78334045410156,6.0,180.0
365.7640658140513,-59.10540647163806,-79.10798814679558,80.88365173339844,6.0,180.0
365.2861127764053,-58.801562487080254,-79.03194340401546,80.88365173339844,6.0,180.0
364.7176080909989,-58.69225288279942,-78.98873588443753,80.98355102539062,6.0,180.0
364.01362996984767,-58.698134148471766,-78.82973644350972,81.08348846435547,6.0,180.0
362.9805467955304,-58.68016501865261,-78.59832871790768,81.18348693847656,6.0,180.0
361.7988667697265,-58.670036696253256,-78.50882013503171,81.2834243774414,6.0,180.0
360.8555554420736,-58.79188497172494,-78.6370249807159,81.38355255126953,6.0,180.0
359.8256249186193,-58.826648439232095,-78.77512763557993,81.48352813720703,6.0,180.0
358.5000330653188,-58.5566550966667,-78.89453556593422,81.58355712890625,6.0,180.0
357.44702898798585,-58.27331593395934,-79.14299619148318,81.58355712890625,6.0,180.0
356.6333066364978,-58.20556879126005,-79.50300478452641,81.68340301513672,6.0,180.0
355.8535274334114,-58.13554596270525,-79.86643005557164,81.78321838378906,6.0,180.0
355.37676099936505,-57.97754608155864,-80.15092862517855,81.88343811035156,6.0,180.0
355.1002161417761,-57.85087596684585,-80.18978763402852,81.9835433959961,6.0,180.0
354.8699025859433,-57.72520538652813,-79.96975008960702,82.0834732055664,6.0,180.0
354.58987510993575,-57.804555083000125,-79.78245953979321,82.18341827392578,6.0,180.0
353.96810876950445,-58.07933927301747,-79.56635121990607,82.18341827392578,6.0,180.0
353.0676224136949,-58.1013196131021,-79.15508001366186,82.28346252441406,6.0,180.0
352.28991606453127,-57.86528155772171,-78.79548231084198,82.38356018066406,6.0,180.0
351.65918784857627,-57.54368739149671,-78.56133984048685,82.48355102539062,6.0,180.0
351.130337062223,-57.18831803211752,-78.41174660909685,82.58332061767578,6.0,180.0
350.80594973612506,-57.03087183160885,-78.44161997835441,82.68319702148438,6.0,180.0
350.6130701147661,-56.9970562596327,-78.28014584083041,82.78343963623047,6.0,180.0
350.35441054189965,-56.68891130722206,-77.58812300539839,82.88357543945312,6.0,180.0
349.6553555769426,-56.22062853884173,-76.86405816141992,82.88357543945312,6.0,180.0
348.70791980835816,-55.88376096090308,-76.52681666402704,82.9835205078125,6.0,180.0
348.0787619588118,-55.62660839634367,-76.39765994756561,83.08343505859375,6.0,180.0
347.6179164036678,-55.313825597784046,-76.19149416093721,83.1833724975586,6.0,180.0
347.0344266024329,-54.99796693855087,-75.81914951885437,83.28343963623047,6.0,180.0
346.3075267401299,-54.78218974675204,-75.48024330718879,83.38330841064453,6.0,180.0
345.4019023166402,-54.576020413229855,-75.27589100291871,83.48258972167969,6.0,180.0
344.5009406605988,-54.37142365524193,-74.98973007307487,83.48258972167969,6.0,180.0
343.5770639377057,-54.17069433535213,-74.54991123125961,83.5830078125,6.0,180.0
342.51372010596344,-53.945947196558905,-74.17463510308318,83.68370819091797,6.0,180.0
341.5825313524531,-53.768715713056565,-73.93581004823288,83.78421020507812,6.0,180.0
340.7933520513469,-53.715310855888205,-73.68991233850365,83.88361358642578,6.0,180.0
340.1167957404992,-53.89488673064786,-73.42000418027573,83.98301696777344,6.0,180.0
339.5016430279956,-54.10395700541445,-73.20856229981484,84.08323669433594,6.0,180.0
338.77291553445434,-54.06051227068615,-72.96569516042373,84.18378448486328,6.0,180.0
338.03183489044545,-53.94596790727358,-72.75110534906133,84.18378448486328,6.0,180.0
337.19240703751285,-53.96511260734134,-72.70371896485739,84.28355407714844,6.0,180.0
336.18664531146146,-54.06119517406547,-72.54642267679236,84.38257598876953,6.0,180.0
335.2123510235449,-54.083354367521565,-72.14378349126827,84.48313903808594,6.0,180.0
334.21323104977745,-53.863075812939854,-71.66663756341048,84.58372497558594,6.0,180.0
333.23735091572746,-53.50276290610227,-71.22736278347544,84.6844253540039,6.0,180.0
332.5718459077365,-53.33513545904259,-70.96760112010062,84.78382110595703,6.0,180.0
332.112367756431,-53.27435547801673,-70.91975960871281,84.88260650634766,6.0,180.0
331.61738411978854,-53.0823784130369,-70.88296028089214,84.88260650634766,6.0,180.0
331.0021187094455,-52.90514881417192,-70.68288416654163,84.9831771850586,6.0,180.0
330.0448110733455,-52.70674707701903,-70.3579026221708,85.08390045166016,6.0,180.0
328.9907596719933,-52.3472510067708,-70.11201936996808,85.18419647216797,6.0,180.0
328.3198744394427,-52.02697127914203,-69.9789510532824,85.2828140258789,6.0,180.0
327.7205054701625,-51.76682189469721,-69.77459993434964,85.38300323486328,6.0,180.0
326.9059552885392,-51.52246882197565,-69.63868923747006,85.48363494873047,6.0,180.0
326.08465620150633,-51.434495419310096,-69.53958058134455,85.48363494873047,6.0,180.0
325.3802472290979,-51.40460461238835,-69.24562021858003,85.58436584472656,6.0,180.0
324.80329960313134,-51.29960125045308,-68.91290625738434,85.68380737304688,6.0,180.0
324.3364126756272,-51.24352440070509,-68.64268440636552,85.78278350830078,6.0,180.0
323.8942641302221,-51.22273755236567,-68.51702063362151,85.88306427001953,6.0,180.0
323.27681135759525,-51.10492446647521,-68.60707626855937,85.983642578125,6.0,180.0
322.45722972055074,-51.00260809649325,-68.87842921758053,86.084228515625,6.0,180.0
321.76763831759604,-50.98911930190387,-69.23853017259391,86.18281555175781,6.0,180.0
321.2196090175927,-51.03469310778988,-69.40005256767223,86.18281555175781,6.0,180.0
320.4187573235047,-51.27847397751504,-69.38665525669285,86.28279113769531,6.0,180.0
319.4824055214452,-51.88976484482018,-69.35712307634347,86.38336944580078,6.0,180.0
318.66182028309674,-52.51471449526736,-69.08664271408641,86.4842300415039,6.0,180.0
317.96267829613566,-52.62768351569049,-68.58072323304647,86.58434295654297,6.0,180.0
317.57597325880323,-52.34400333506535,-68.07575164109316,86.68311309814453,6.0,180.0
317.29888073519714,-51.99363206035896,-67.45170309592447,86.78289794921875,6.0,180.0
316.80968411730504,-51.5432997658877,-66.60199205286823,86.78289794921875,6.0,180.0
316.3483147926097,-50.92927300877293,-65.98292359092981,86.88370513916016,6.0,180.0
315.9562674422502,-50.4176039015202,-65.84487032228523,86.98413848876953,6.0,180.0
315.29490014660803,-50.12168588530043,-65.74824714136494,87.08336639404297,6.0,180.0
314.31153615008395,-49.8914626145798,-65.46133837151464,87.1828384399414,6.0,180.0
313.07882462996,-49.58348928029301,-64.9623965626029,87.28350067138672,6.0,180.0
311.656924081233,-49.11776657032091,-64.25920467224266,87.38411712646484,6.0,180.0
310.3160090168173,-48.663197258217465,-63.64449670850938,87.48422241210938,6.0,180.0
309.38526807261155,-48.34905457417194,-63.31805825794678,87.48422241210938,6.0,180.0
308.90159777608375,-48.165977725713766,-63.38140823237428,87.58378601074219,6.0,180.0
308.516561626621,-48.24003468040228,-63.746181209559296,87.6832275390625,6.0,180.0
307.891590383821,-48.5704275512558,-63.97243574728499,87.7834243774414,6.0,180.0
306.9057468451076,-48.97848497789207,-63.88634616861388,87.88362884521484,6.0,180.0
305.76830293987814,-49.32391078063057,-63.58813855311871,87.9834213256836,6.0,180.0
304.706268882407,-49.490637243212575,-63.1057069252535,88.08316040039062,6.0,180.0
303.93381028696786,-49.487161183530304,-62.5502074318366,88.08316040039062,6.0,180.0
303.6814826676388,-49.39647353277,-62.20365749346293,88.183349609375,6.0,180.0
303.5396020515771,-49.27238791599939,-62.1654192724961,88.28376770019531,6.0,180.0
303.0356998260622,-49.09403976794011,-62.133046680369,88.3838882446289,6.0,180.0
302.18272952047744,-48.90637851733904,-61.90652359560379,88.48348999023438,6.0,180.0
301.2435618605013,-48.855256346917,-61.54634047348047,88.58338928222656,6.0,180.0
300.53850454247936,-48.89657221232862,-61.25227602826431,88.6834716796875,6.0,180.0
299.9352262475185,-48.97516269954261,-61.103442492498,88.78350067138672,6.0,180.0
299.194449714108,-49.03961052949529,-60.91348145016961,88.78350067138672,6.0,180.0
298.4245397994025,-48.945391069576,-60.72104408485285,88.88349151611328,6.0,180.0
297.72320871211747,-48.684749632834034,-60.66637071328632,88.98300170898438,6.0,180.0
297.2051934140489,-48.32480699122532,-60.648941793112336,89.0835189819336,6.0,180.0
296.8534046658033,-48.05506920908612,-60.49558716826624,89.18396759033203,6.0,180.0
296.51975034059046,-47.94171521460515,-60.172196804760674,89.2836685180664,6.0,180.0
296.0782623856776,-47.862971944629095,-59.72935423519578,89.38343811035156,6.0,180.0
295.2545209020074,-47.873696398500506,-59.25651003071364,89.4833755493164,6.0,180.0
294.1581820281087,-47.88497336997002,-58.84007441911312,89.4833755493164,6.0,180.0
293.166717342466,-47.73663320929892,-58.54666691383879,89.58356475830078,6.0,180.0
292.2581351086377,-47.41536615836503,-58.35344320736182,89.6836929321289,6.0,180.0
291.43909739754736,-47.022824025640986,-58.04393747260526,89.783447265625,6.0,180.0
290.9340225209935,-46.89790993920316,-57.59365248210402,89.88282012939453,6.0,180.0
290.4921878163941,-47.07038191285463,-57.167589535101165,89.98306274414062,6.0,180.0
289.75458745030824,-47.26385349500305,-56.88225056963516,90.08386993408205,6.0,180.0
288.81867288791875,-47.387381484739805,-56.8937763367256,90.08386993408205,6.0,180.0
287.81529875254535,-47.30221628096552,-57.2354457457714,90.18389892578124,6.0,180.0
286.78441435360025,-47.02170519807112,-57.6682500665303,90.2835464477539,6.0,180.0
285.68673125862404,-46.69226749118488,-57.96235553124279,90.38311004638672,6.0,180.0
284.7689837567385,-46.33315186642821,-58.05217319607742,90.48326110839844,6.0,180.0
284.3494507365899,-46.02171521258637,-58.02974527618865,90.58384704589844,6.0,180.0
283.99956588913483,-45.880852032169855,-58.02670823526766,90.68328094482422,6.0,180.0
283.4886904255821,-46.00990302126797,-57.92200333589243,90.78243255615234,6.0,180.0
283.0918834020509,-46.33170514989988,-57.558841970257006,90.78243255615234,6.0,180.0
282.48450813371653,-46.41165868212963,-56.98353180682328,90.88304901123048,6.0,180.0
281.4784978106011,-46.05558673902229,-56.32282840124424,90.9837646484375,6.0,180.0
280.4872000250492,-45.768870834854965,-55.82218017489736,91.08455657958984,6.0,180.0
279.645275142557,-45.76849678828384,-55.51398808704848,91.18392181396484,6.0,180.0
278.9648708946319,-45.77066945416144,-55.2208728776514,91.28301239013672,6.0,180.0
278.53800972253805,-45.78721631181862,-55.097987905418016,91.38309478759766,6.0,180.0
278.1486361947241,-45.98418406684128,-55.21578320260264,91.38309478759766,6.0,180.0
277.4137982663231,-46.209681185528176,-55.26154638314193,91.48377990722656,6.0,180.0
276.2161089226861,-46.19245603935451,-54.88982419208371,91.5839614868164,6.0,180.0
274.7071879169018,-45.86085007556247,-54.06954268315658,91.68270874023438,6.0,180.0
273.21091076661946,-45.44761192996273,-53.1827282973026,91.78284454345705,6.0,180.0
272.13638798188714,-45.18743273400177,-52.73200284538672,91.88356018066406,6.0,180.0
271.7543965020808,-45.045233599591626,-52.93292074665495,91.98446655273438,6.0,180.0
271.8350908019607,-45.06911856529999,-53.4301414641824,92.08385467529295,6.0,180.0
272.0602538616311,-45.34429800521247,-53.898188399615776,92.08385467529295,6.0,180.0
272.61252125773376,-45.77760127652371,-54.33965613474744,92.1829833984375,6.0,180.0
273.31530369901964,-46.14919446377064,-54.75444548562928,92.28317260742188,6.0,180.0
273.7448449180451,-46.36542014183521,-55.21614410839509,92.38360595703124,6.0,180.0
273.82917452685547,-46.47990972394305,-55.80305580679348,92.48402404785156,6.0,180.0
273.4741754005132,-46.546209834419386,-56.30053321850805,92.58270263671876,6.0,180.0
272.66867953556147,-46.63336702483825,-56.35757894227241,92.6832504272461,6.0,180.0
271.4986201703672,-46.5375125448824,-56.11350586572554,92.6832504272461,6.0,180.0
270.1098625434342,-46.14835174456533,-56.05920317747528,92.78372955322266,6.0,180.0
268.6694388508395,-45.69267838664089,-56.22087322820058,92.88404083251952,6.0,180.0
267.377298395171,-45.24797178952334,-56.31545506812718,92.9839324951172,6.0,180.0
266.4380888343575,-44.87243463669087,-56.38413515880835,93.08293914794922,6.0,180.0
265.72530191320664,-44.651603611063486,-56.41454674654482,93.18309020996094,6.0,180.0
264.9136597446395,-44.49308047617504,-56.18674141873354,93.28390502929688,6.0,180.0
263.96322647809484,-44.24962583545228,-55.63296443051874,93.38397979736328,6.0,180.0
263.1153816172013,-43.86727931414293,-54.80535921312365,93.38397979736328,6.0,180.0
262.48427876157234,-43.553070881386375,-53.90668891396157,93.48312377929688,6.0,180.0
261.9232140108267,-43.44959199779656,-53.1325369986454,93.58318328857422,6.0,180.0
261.20844926484256,-43.3743671627474,-52.53824748857285,93.68356323242188,6.0,180.0
260.34258571090487,-43.249613105389805,-52.09543285802115,93.78382873535156,6.0,180.0
259.46825014485887,-43.03328303647702,-51.6636481865114,93.8838119506836,6.0,180.0
258.6176556506076,-42.69445607906802,-51.20540181634129,93.98358154296876,6.0,180.0
257.78714799794,-42.40374260498097,-50.85876575037002,93.98358154296876,6.0,180.0
257.0004963205665,-42.19399761138189,-50.67119880662421,94.0833511352539,6.0,180.0
256.3571244932333,-41.93307740512448,-50.629795737920354,94.18366241455078,6.0,180.0
255.904633336216,-41.61607796539809,-50.76184028479791,94.2837371826172,6.0,180.0
255.22599795879057,-41.25280079713811,-50.9593113015633,94.38356018066406,6.0,180.0
254.20980559832253,-40.889112194045296,-51.09530839222758,94.48350524902344,6.0,180.0
253.3725944132065,-40.60138277976898,-51.1385738610302,94.58348083496094,6.0,180.0
252.6377596581896,-40.37177776997282,-51.048486549957055,94.6836395263672,6.0,180.0
251.8269155708567,-40.34109442410854,-50.923747275147406,94.6836395263672,6.0,180.0
251.2275704014108,-40.46646922130549,-50.91047694794046,94.7836456298828,6.0,180.0
250.7665411496416,-40.47631405454899,-50.88592410182935,94.8835220336914,6.0,180.0
250.24702468904616,-40.41331494059645,-50.75165026026448,94.98351287841795,6.0,180.0
249.7310779065363,-40.52669649468282,-50.70370330839984,95.08357238769533,6.0,180.0
249.36508390518725,-40.87974964421044,-50.870432208940905,95.1835479736328,6.0,180.0
249.3945125172462,-41.25435918027508,-51.27450179731294,95.28361511230467,6.0,180.0
249.7252350538536,-41.49568570773912,-51.83517812353494,95.38355255126952,6.0,180.0
249.75615878035865,-41.5169233454199,-52.232869764057874,95.38355255126952,6.0,180.0
249.0519671981449,-41.30073211678799,-52.28431919145918,95.48347473144533,6.0,180.0
247.5156657384113,-41.00952920795512,-51.949587671704975,95.58358764648438,6.0,180.0
245.0630532932224,-40.69630330809667,-51.20071020701856,95.6833953857422,6.0,180.0
242.01655673103625,-40.391441174175895,-50.29897510345174,95.78343200683594,6.0,180.0
239.1148258684815,-40.248387735029546,-49.439317290092646,95.8834991455078,6.0,180.0
236.79020536512647,-40.30448289241845,-48.56626601695911,95.9834213256836,6.0,180.0
235.24034039695795,-40.39305782320936,-47.90308677295385,95.9834213256836,6.0,180.0
234.35898407873617,-40.26922510319527,-47.6432677928926,96.08338165283205,6.0,180.0
233.50629783974915,-39.93149031849827,-47.58807680802663,96.18358612060548,6.0,180.0
232.4577844217233,-39.64197226778885,-47.66125719127662,96.28346252441406,6.0,180.0
231.70503853380183,-39.44356205398522,-47.8249479976508,96.38356018066406,6.0,180.0
231.34672396879267,-39.2661023277445,-47.84669412123081,96.4833984375,6.0,180.0
230.9406482986186,-39.07209453527088,-47.73435120807082,96.5833511352539,6.0,180.0
230.32493645135395,-38.873288695596216,-47.685950620269445,96.68348693847656,6.0,180.0
229.69846989368875,-38.88464968827024,-47.80410486699159,96.68348693847656,6.0,180.0
229.1240302532372,-39.097874170494094,-47.82625513530897,96.78350830078124,6.0,180.0
228.58555714113425,-39.34166589082292,-47.58200431287855,96.88343048095705,6.0,180.0
228.1214858027572,-39.69225118891328,-47.38335234151276,96.98350524902344,6.0,180.0
227.64019239068384,-40.165316829109386,-47.19039497439721,97.08348083496094,6.0,180.0
227.0482585849939,-40.50369765623128,-46.83647228185372,97.18354034423828,6.0,180.0
226.34290627205303,-40.44682295165608,-46.46970804027736,97.28351593017578,6.0,180.0
225.46912155790284,-40.152600865245866,-46.16052855501197,97.28351593017578,6.0,180.0
224.319200395336,-39.90777805153317,-45.93422768685144,97.38346862792967,6.0,180.0
223.08092496367763,-39.566098640029246,-45.875371701624765,97.48353576660156,6.0,180.0
222.1597371964599,-38.94097391259941,-45.85622717274186,97.58341217041016,6.0,180.0
221.55247578259167,-38.13297251111817,-45.72758971802362,97.6833953857422,6.0,180.0
220.90053113608232,-37.35662360092896,-45.685692736808335,97.78348541259766,6.0,180.0
220.05207950539852,-36.82963831297474,-45.60447795455188,97.88360595703124,6.0,180.0
219.17154566266373,-36.611524881967625,-45.17566592151117,97.9836196899414,6.0,180.0
218.3844145475433,-36.446622361538616,-44.64157819795642,97.9836196899414,6.0,180.0
217.5836296878068,-36.15592398140505,-44.335763808837314,98.0835952758789,6.0,180.0
216.6428779177648,-35.97551725687376,-44.258288121006295,98.1834716796875,6.0,180.0
215.80108466865653,-35.90815136509877,-44.22852095000919,98.28341674804688,6.0,180.0
215.2689033980462,-35.72351440118117,-44.04516794121725,98.3835906982422,6.0,180.0
214.86800322237312,-35.57669218263947,-43.746072581554856,98.48348999023438,6.0,180.0
214.5096269234596,-35.514534747230535,-43.53564143417269,98.5834503173828,6.0,180.0
214.1143433076812,-35.38871160037529,-43.24525672343189,98.5834503173828,6.0,180.0
213.62695515403485,-35.25835758288906,-42.67276401901343,98.6834487915039,6.0,180.0
213.1891785732913,-35.16177082915019,-42.09682331894566,98.78323364257812,6.0,180.0
212.63956874812948,-35.08971826359567,-41.84666326084816,98.88346099853516,6.0,180.0
211.73914487397724,-35.147471485206246,-41.77508007620919,98.98352813720705,6.0,180.0
210.70494517587164,-35.33115686219044,-41.57462096985779,99.08351135253906,6.0,180.0
209.72009413474584,-35.36439805668026,-41.15399963562147,99.18367767333984,6.0,180.0
208.8402281879475,-35.138977611780525,-40.67981869714004,99.28353118896484,6.0,180.0
208.0984139539525,-34.94837525353527,-40.3641968532344,99.28353118896484,6.0,180.0
207.44482375995972,-34.977532911753926,-40.180594882150686,99.38346099853516,6.0,180.0
206.9377810226918,-35.12798003331149,-40.11577539787135,99.4835433959961,6.0,180.0
206.50519109225309,-35.28291099125638,-40.09207740021538,99.58331298828124,6.0,180.0
205.771758570231,-35.33614879421686,-39.9086582822516,99.68334197998048,6.0,180.0
204.5278700160672,-35.24255138005033,-39.60319568395792,99.78326416015624,6.0,180.0
203.0853188687339,-35.003274322067696,-39.35383243091848,99.87385559082033,6.0,180.0
201.80202001442493,-34.614960227787684,-39.21704014826693,99.93821716308594,6.0,180.0
200.743785590548,-34.26292341538894,-39.18424072528048,99.93821716308594,6.0,180.0
199.93541170798647,-34.16668368497048,-39.28279567755454,99.97216033935548,6.0,180.0
199.3733644379584,-34.16412799427083,-39.57876512419223,99.9857406616211,6.0,180.0
198.82680780794888,-34.03128315315925,-40.0053238525629,99.99309539794922,6.0,180.0
198.20392051530115,-33.77548003477336,-40.27963227607345,99.99658966064452,6.0,180.0
197.60374993928497,-33.493496801138825,-40.23080652368889,99.99835205078124,6.0,180.0
196.97225597005067,-33.38131748950961,-39.96093249075624,99.99919128417967,6.0,180.0
196.1987163768549,-33.40758932986852,-39.72804170738735,99.99919128417967,6.0,180.0
195.2929928519999,-33.49379907627383,-39.84481187255004,99.99962615966795,6.0,180.0
194.28467130828813,-33.710064785820904,-40.22628754423786,99.99983978271484,6.0,180.0
193.16238643998372,-33.81367633218328,-40.53409515759076,99.99994659423828,6.0,180.0
192.1782388463673,-33.703337109658534,-40.62613128213521,100.0000076293945,6.0,180.0
191.5625600176238,-33.612658457033014,-40.59316084375951,100.0000381469727,6.0,180.0
191.1371742863905,-33.4105501594849,-40.61518784662184,100.0000534057617,6.0,180.0
190.7252208594305,-32.8731941489625,-40.674043014863976,100.0000610351562,6.0,180.0
190.4083269469454,-32.24204556669068,-40.72979671868459,100.0000610351562,6.0,180.0
190.23946121194933,-31.738908307964948,-40.74219627131389,100.0000610351562,6.0,180.0
190.07512259224592,-31.32347937935277,-40.615679932690085,100.0000610351562,6.0,180.0
189.7238374358901,-31.005033422742088,-40.5462310634269,100.0000610351562,6.0,180.0
189.17130280482684,-30.78224544409496,-40.63372275943537,100.0000457763672,6.0,180.0
188.6807986347298,-30.663428148331704,-40.48457129735579,100.0000457763672,6.0,180.0
188.41741096979743,-30.728482773687748,-40.012347431664544,100.0000381469727,6.0,180.0
188.23295984591056,-30.943432722143125,-39.505452151922185,100.0000381469727,6.0,180.0
187.9489815949389,-31.10607040336657,-39.095998798943,100.0000381469727,6.0,180.0
187.45586613617152,-31.039461809405385,-38.9513797104116,100.0000381469727,6.0,180.0
186.8851423598944,-30.798184966225413,-39.11290013936916,100.0000305175781,6.0,180.0
186.37319781075547,-30.60253526251464,-39.32169825052162,100.0000305175781,6.0,180.0
185.75164394630465,-30.52461959490515,-39.47645091265687,100.0000305175781,6.0,180.0
184.9912276613962,-30.51599809704885,-39.6740839831678,100.0000228881836,6.0,180.0
184.39240489546603,-30.65743550775602,-39.8630556609539,100.0000228881836,6.0,180.0
184.1165509448868,-30.810554976433483,-39.91454999341354,100.0000228881836,6.0,180.0
183.9756069189715,-30.79740810171713,-39.81319639502881,100.0000152587891,6.0,180.0
183.8841931953344,-30.67790910455067,-39.60459261192085,100.0000152587891,6.0,180.0
183.8535466509856,-30.501240487310533,-39.37443897404764,100.0000152587891,6.0,180.0
183.83223323401816,-30.45340833740092,-39.28264352132967,100.0000152587891,6.0,180.0
183.90212390099364,-30.59080607741764,-39.29934691356621,100.0000152587891,6.0,180.0
183.94798447096943,-30.79497370113948,-39.17644804643064,100.0000076293945,6.0,180.0
183.71970045530665,-30.99491782346212,-38.90639492732757,100.0000076293945,6.0,180.0
183.3927192006749,-31.14976765809105,-38.721423209574354,100.0000076293945,6.0,180.0
183.1477675351321,-31.336322667993084,-38.73501989721889,100.0000076293945,6.0,180.0
182.8020289360476,-31.43086278262914,-38.67326742848759,100.0,6.0,180.0
182.3840107365174,-31.19852746293517,-38.25464065885129,100.0000076293945,6.0,180.0
182.04474985647212,-30.75853437011465,-37.82367249077896,100.0,6.0,180.0
181.685996243898,-30.43323374150849,-37.67271453912599,100.0,6.0,180.0
181.357723191025,-30.29171173869092,-37.66399903183487,100.0,6.0,180.0
181.09510684655424,-30.29935276727431,-37.775945789691335,100.0,6.0,180.0
180.69544744827465,-30.436574237146274,-37.948204776510245,100.0000076293945,6.0,180.0
180.06695218662185,-30.574626820836656,-37.9991800210376,100.0,6.0,180.0
179.3798999872111,-30.615393557320488,-37.98967213458522,100.0,6.0,180.0
178.9157519800974,-30.522238016008544,-38.12715477006529,100.0,6.0,180.0
178.6626517622131,-30.37742266669108,-38.25195997314716,100.0000076293945,6.0,180.0
178.5561339310396,-30.13576802049822,-38.07581393163881,100.0,6.0,180.0
178.66360064709858,-29.81362019647144,-37.68750419829889,100.0,6.0,180.0
178.97977042916594,-29.54142637214538,-37.43451466753052,100.0,6.0,180.0
179.29882770956527,-29.250954631194453,-37.499719523108354,100.0,6.0,180.0
179.32608014308332,-28.92304967090734,-37.66518749318862,100.0,6.0,180.0
179.17024678813613,-28.718111951236885,-37.72308771032845,100.0,6.0,180.0
178.8986227120373,-28.69689413837375,-37.76029614444632,100.0,6.0,180.0
178.37580507419273,-28.62291850226305,-37.98891062172705,100.0,6.0,180.0
177.73894059740695,-28.396976259478578,-38.4620745943917,100.0,6.0,180.0
177.17728987065627,-28.15916370268546,-39.00294502627319,100.0,6.0,180.0
176.8189008181824,-28.017816698757592,-39.31417836119702,100.0,6.0,180.0
176.65185155337184,-28.111361825222595,-39.25351094539404,100.0,6.0,180.0
176.49758476617285,-28.32689705378805,-38.89580466565831,100.0,6.0,180.0
176.37994944157435,-28.36010537693845,-38.41327771724605,100.0,6.0,180.0
176.51232754160085,-28.336436745227097,-37.99101583834703,100.0,6.0,180.0
176.90409393495804,-28.436711359551367,-37.641926769048055,100.0,6.0,180.0
177.2418828751118,-28.68108761520816,-37.462677626491946,100.0,6.0,180.0
177.31124160366335,-29.17554502720484,-37.49066087983403,100.0,6.0,180.0
177.21691009586232,-29.76608047619565,-37.6313741059832,100.0,6.0,180.0
177.03434600601585,-30.13521906599724,-37.87806308972237,100.0,6.0,180.0
176.74603537809514,-30.27927319543573,-38.00547785805687,100.0,6.0,180.0
176.37722998541358,-30.436672624983487,-37.87818622886376,100.0,6.0,180.0
175.94502013579853,-30.57217849999921,-37.76794406972127,100.0,6.0,180.0
175.4727898344272,-30.42425718492992,-37.94821679860848,100.0,6.0,180.0
174.91618407544604,-30.02872194402596,-38.3652639799304,100.0,6.0,180.0
174.18919276033452,-29.6612315955079,-38.91281972294296,100.0,6.0,180.0
173.36937211698438,-29.34562948198149,-39.59962238057575,100.0,6.0,180.0
172.6089036052972,-29.172096086546432,-40.16834193789844,100.0,6.0,180.0
172.0200749560969,-29.39791122727057,-40.45158583867861,100.0,6.0,180.0
171.5974802706969,-29.770602019067223,-40.58419215042265,100.0,6.0,180.0
171.12325985232587,-29.920087582896727,-40.73672644039479,100.0,6.0,180.0
170.47615911517806,-29.84081913465933,-41.10721696366059,100.0,6.0,180.0
169.8459279292805,-29.71806814523505,-41.610096140586776,100.0,6.0,180.0
169.4978182779346,-29.732713996046968,-41.89303592134995,100.0,6.0,180.0
169.57525137249158,-29.794290769680835,-41.83615607293565,100.0,6.0,180.0
169.85964373365712,-29.74575922628168,-41.56539968653664,100.0,6.0,180.0
169.99536320090832,-29.61249306498494,-41.185133224577285,100.0000076293945,6.0,180.0
169.96314053552263,-29.441870598605547,-40.83959741491156,100.0,6.0,180.0
170.00173567427564,-29.34879384524151,-40.54920669433709,100.0,6.0,180.0
170.23223474186855,-29.405049442062406,-40.085289899005,100.0,6.0,180.0
170.55312719391912,-29.585434621749247,-39.48176756127182,100.0,6.0,180.0
170.9458183575215,-29.714288758411165,-39.03857236768642,100.0,6.0,180.0
171.33270472457042,-29.508893347556825,-38.84262124068329,100.0,6.0,180.0
171.4369382066129,-29.09079210592817,-38.75111605205298,100.0,6.0,180.0
171.31470896464103,-28.78415273983985,-38.52992621566853,100.0,6.0,180.0
171.24377882103414,-28.578070116654835,-38.28832471992234,100.0,6.0,180.0
171.09198256328054,-28.268062744121725,-38.23537087764763,100.0,6.0,180.0
170.7265965372861,-27.86324217864909,-38.2426463434762,100.0,6.0,180.0
170.36763109076568,-27.536304711949988,-38.23872337008662,100.0,6.0,180.0
170.12875364209623,-27.457607392228127,-38.15103532063672,100.0,6.0,180.0
169.91416422428074,-27.51696842932528,-38.000413783313405,100.0,6.0,180.0
169.6100978860723,-27.63849088726129,-37.95411627026813,100.0,6.0,180.0
169.1319195983825,-27.99698912598136,-37.83342002648328,100.0,6.0,180.0
168.58874254610836,-28.33282137296477,-37.50301789353232,100.0,6.0,180.0
168.25368884282923,-28.373867819323262,-37.21386481100989,100.0,6.0,180.0
168.2094760469979,-28.18495250795025,-36.99189334572632,100.0,6.0,180.0
168.39749969941818,-27.868816909491628,-36.74248293943997,100.0,6.0,180.0
168.69850016532345,-27.64777779987583,-36.52101830638136,100.0,6.0,180.0
168.82886830744465,-27.64169411171705,-36.411156289407394,100.0,6.0,180.0
168.61761086459913,-27.717085969228386,-36.380479925612605,100.0,6.0,180.0
168.22591972670116,-27.75886740824572,-36.22630259879294,100.0,6.0,180.0
168.0030050885865,-27.81152322620284,-35.9117203831978,100.0,6.0,180.0
167.93309924596207,-27.94099853924223,-35.6382816341671,100.0,6.0,180.0
167.67970116395094,-27.96634168504304,-35.76445568666102,100.0,6.0,180.0
167.1449470273208,-27.64516670854505,-36.20518946789476,100.0,6.0,180.0
166.51066945871582,-27.13811323111309,-36.32147693862781,100.0,6.0,180.0
166.07339482488146,-26.800965012370987,-36.02724985547375,100.0,6.0,180.0
165.87446521746614,-26.670511973229203,-35.78069914304867,100.0,6.0,180.0
165.66346553236718,-26.559928816170896,-35.73925110068709,100.0,6.0,180.0
165.34404928415535,-26.50846647444309,-35.90275924081028,100.0,6.0,180.0
165.07117067244482,-26.6631848151977,-36.26627096649999,100.0,6.0,180.0
164.803272273767,-27.06970183301877,-36.539428837290224,100.0,6.0,180.0
164.4992569395991,-27.76846231463178,-36.6519276309847,100.0,6.0,180.0
164.3307842482509,-28.442325920162183,-36.797352269189226,100.0,6.0,180.0
164.37873867041347,-28.639224232184723,-36.89249910928709,100.0,6.0,180.0
164.57263386305172,-28.54141109005959,-36.823621888066285,100.0,6.0,180.0
164.7318860316754,-28.464383019842344,-36.6132072269744,100.0,6.0,180.0
164.81242606845458,-28.399791408950783,-36.42224206377984,100.0,6.0,180.0
164.76984527134655,-28.350719865922407,-36.36273806596148,100.0,6.0,180.0
164.43014591248493,-28.423664031928062,-36.25439052470581,100.0,6.0,180.0
163.98146783598455,-28.523521661009283,-36.03927828041189,100.0,6.0,180.0
163.68495018884352,-28.333817640141007,-36.05612263558646,100.0,6.0,180.0
163.42489440357843,-27.92647457725473,-36.46331625415226,100.0,6.0,180.0
163.17326674844327,-27.6366545082822,-37.02572235335842,100.0,6.0,180.0
162.94612992559274,-27.546541525645257,-37.75301773484605,100.0,6.0,180.0
162.7314184384837,-27.57511222957249,-38.51871479680683,100.0,6.0,180.0
162.59212268750028,-27.632932711161374,-38.843698524742265,100.0,6.0,180.0
162.54532272844693,-27.60295514434809,-38.86645817205539,100.0,6.0,180.0
162.5868277725748,-27.51205310571062,-38.97509799688029,100.0,6.0,180.0
162.6347337642161,-27.38094991216772,-39.184418431999575,100.0,6.0,180.0
162.6510288855584,-27.124453965344653,-39.239262734898105,100.0,6.0,180.0
162.52572094272475,-26.858616887207432,-38.86888778311398,100.0,6.0,180.0
162.17269342418126,-26.64761436593963,-38.24347185697766,100.0,6.0,180.0
161.79348229818996,-26.42873387601798,-37.63478445473159,100.0,6.0,180.0
161.5232832410121,-26.169018049181915,-37.08710001308508,100.0,6.0,180.0
161.52352111939797,-25.831385221775136,-36.67629815665781,100.0,6.0,180.0
161.85043843783657,-25.54404270754232,-36.56844222295627,100.0,6.0,180.0
162.08390561034574,-25.491189378921355,-36.65457058894476,100.0,6.0,180.0
161.90891510297095,-25.636211787532325,-36.61610038986973,100.0,6.0,180.0
161.50905959918614,-25.73836315847809,-36.37651142532982,100.0,6.0,180.0
161.21327624847004,-25.705348792913227,-36.093630337304,100.0,6.0,180.0
160.98918704239293,-25.665503039455714,-35.92090921994465,100.0,6.0,180.0
160.64099631485544,-25.69553774041455,-35.870117429536776,100.0,6.0,180.0
160.30156577171374,-25.848648256040097,-36.14355482760088,100.0,6.0,180.0
160.02056987671,-26.047837632401205,-36.79796045982828,100.0,6.0,180.0
159.59889886944558,-26.067967228661004,-37.36828011212168,100.0,6.0,180.0
159.05748242063692,-25.869545076836147,-37.61014366809639,100.0,6.0,180.0
158.6062975149875,-25.635485463554083,-37.57707845962692,100.0,6.0,180.0
158.29377322528126,-25.453433781357347,-37.26941655420406,100.0,6.0,180.0
158.0855184818234,-25.27367707059001,-36.93989112293552,100.0,6.0,180.0
158.01108944608157,-25.09765446779224,-36.83902129195221,100.0,6.0,180.0
158.03965196218118,-24.978102365105453,-36.7565651645696,100.0,6.0,180.0
158.2551174579679,-24.96325949688953,-36.535055365277614,100.0,6.0,180.0
158.62524646977334,-25.152658216720667,-36.33402031093255,100.0,6.0,180.0
158.9118216080525,-25.513637583735782,-36.31504369360753,100.0,6.0,180.0
159.1406203864326,-25.755824833496703,-36.5307397836625,100.0,6.0,180.0
159.25261708937805,-25.65834588430697,-36.90459516467455,100.0,6.0,180.0
159.09293820526025,-25.404043698271497,-37.1977899580115,100.0,6.0,180.0
158.80011670532969,-25.343279348631217,-37.36707017841896,100.0,6.0,180.0
158.4661172421023,-25.428320041922422,-37.611313336718965,100.0,6.0,180.0
158.08704316217592,-25.57520149987105,-38.03509197385036,100.0,6.0,180.0
157.65441253895432,-25.8895263620756,-38.55736376607946,100.0,6.0,180.0
157.20523014895173,-26.17802644609337,-39.00515389425799,100.0,6.0,180.0
156.91484142374946,-26.29575013041357,-39.3762124851924,100.0,6.0,180.0
156.8243285990188,-26.3351548250375,-39.635079050489225,100.0,6.0,180.0
156.81409698348375,-26.36042319629797,-39.65857962634534,100.0,6.0,180.0
156.820987937366,-26.393564088279007,-39.60536018920186,100.0,6.0,180.0
156.8242712698775,-26.324962891634875,-39.60085709647853,100.0,6.0,180.0
156.8511940029773,-26.10603724843114,-39.54623675570237,100.0,6.0,180.0
156.87278078798124,-25.81563632437004,-39.33760200408754,100.0,6.0,180.0
156.73216055366262,-25.525395526023047,-38.85551576423915,100.0,6.0,180.0
156.42157966522984,-25.276403565774835,-38.23305709139537,100.0,6.0,180.0
156.16310356421542,-25.09353110061437,-37.79284945956638,100.0,6.0,180.0
156.1407238440467,-25.049051176352,-37.64671156805888,100.0,6.0,180.0
156.2413579635491,-25.14770169815172,-37.68146899795461,100.0,6.0,180.0
156.2700724964165,-25.22530889138948,-37.72578743990997,100.0,6.0,180.0
156.24872186666786,-25.207239579767247,-37.7620685323133,100.0,6.0,180.0
156.23736064032852,-25.192544472696376,-37.84828461927041,100.0,6.0,180.0
156.00163354729833,-25.21949554040245,-38.07289717409127,100.0,6.0,180.0
155.4092934781871,-25.300001418018887,-38.48738597550896,100.0,6.0,180.0
154.85993271986564,-25.36988104711314,-38.907731374577054,100.0,6.0,180.0
154.5690074443966,-25.272206598367447,-39.09956735093289,100.0,6.0,180.0
154.3349274088602,-24.884075814487343,-38.98372151860132,100.0,6.0,180.0
154.03818578394902,-24.328298761018843,-38.70462253428392,100.0,6.0,180.0
153.80755388232876,-23.945039628351065,-38.49208199635258,100.0,6.0,180.0
153.80643995049286,-23.78628921392052,-38.37890444398808,100.0,6.0,180.0
153.9794524475463,-23.814630610144235,-38.22965879439015,100.0,6.0,180.0
154.13084449019073,-24.14391665201594,-37.87980376255909,100.0,6.0,180.0
154.23070961765137,-24.70444554479088,-37.39919585941987,100.0,6.0,180.0
154.3279363767039,-25.3072304796227,-37.04820624044139,100.0,6.0,180.0
154.2190187565863,-25.71661207337716,-36.84563075787593,100.0,6.0,180.0
153.8909728841012,-25.73853547751256,-36.85068461225009,100.0,6.0,180.0
153.54803776673018,-25.59821470189248,-37.19443687754923,100.0,6.0,180.0
153.2350378568393,-25.5859809402602,-37.81292740545927,100.0,6.0,180.0
152.9819526154246,-25.628213524196283,-38.23700880169922,100.0,6.0,180.0
152.7916613943229,-25.697519062781343,-38.054311758291206,100.0,6.0,180.0
152.60713119189012,-25.932194399274664,-37.835279906078085,100.0,6.0,180.0
152.22927512121393,-26.22238357998116,-37.91751127856034,100.0,6.0,180.0
151.61007969364044,-26.290669451062584,-37.8541375215769,100.0,6.0,180.0
151.06165753958828,-26.07151769381173,-37.59101588849439,100.0,6.0,180.0
150.79881850409706,-25.745410441888016,-37.48673340392686,100.0,6.0,180.0
150.77229946451408,-25.42092589436616,-37.686711767865376,100.0,6.0,180.0
150.73509500784718,-24.97253446754096,-38.01055295717916,100.0,6.0,180.0
150.58677272196658,-24.48628555124921,-38.29033895702448,100.0,6.0,180.0
150.47538593245537,-24.15644459876282,-38.48101771200948,100.0,6.0,180.0
150.52975687714286,-23.93840634618104,-38.52854241486985,100.0,6.0,180.0
150.66621144429075,-23.798832902509574,-38.288030987666005,100.0,6.0,180.0
150.72783069350757,-23.71229221478393,-37.84018349085564,100.0,6.0,180.0
150.70798565544527,-23.57721025632836,-37.49941948775084,100.0,6.0,180.0
150.58160930942904,-23.48063552982841,-37.31084728226851,100.0,6.0,180.0
150.366327915034,-23.432009954993564,-37.10573959850609,100.0,6.0,180.0
150.00201321862778,-23.24189580846664,-36.86647379095769,100.0,6.0,180.0
149.5484281244823,-23.01214544789972,-36.64836421717063,100.0,6.0,180.0
149.24218006112105,-22.901721231901284,-36.5852398619601,100.0,6.0,180.0
149.04186397857154,-22.837161500100784,-36.826548174882376,100.0,6.0,180.0
148.9218111966616,-22.82092147916057,-37.09408014446072,100.0,6.0,180.0
148.83130582273913,-22.95199172768667,-37.163188791738015,100.0,6.0,180.0
148.6843781853025,-23.10994601204287,-37.29848138086409,100.0,6.0,180.0
148.55993749658774,-23.13632137868272,-37.56752074529408,100.0,6.0,180.0
148.55949353435466,-23.164944266069124,-37.771247159779456,100.0,6.0,180.0
148.6977135091679,-23.35023272477296,-38.06049562462172,100.0,6.0,180.0
148.7587586507688,-23.617945828357897,-38.56925150333053,100.0,6.0,180.0
148.7761526917836,-23.90214792349352,-39.09713426964225,100.0,6.0,180.0
148.83245359762915,-24.077447436446704,-39.471145819432806,100.0,6.0,180.0
148.82312790459386,-24.03802193985978,-39.63008055178273,100.0,6.0,180.0
148.91199357247967,-24.00269592325984,-39.56742652741062,100.0,6.0,180.0
149.0639305070522,-24.211071999715863,-39.33070880396944,100.0,6.0,180.0
149.1457398900054,-24.57083010510395,-38.94989087080687,100.0,6.0,180.0
149.06804097672938,-24.821570747657645,-38.4913231911165,100.0000076293945,6.0,180.0
148.71259953224003,-24.96690212914259,-38.217215113842464,100.0,6.0,180.0
148.37365742886658,-25.13220790156649,-38.12826669958295,100.0,6.0,180.0
148.2223109772834,-25.343025183823244,-37.98920295301564,100.0,6.0,180.0
148.09204480992403,-25.62947381950768,-37.89071232439619,100.0,6.0,180.0
147.90246133502427,-25.8663265581239,-37.8511740488379,100.0,6.0,180.0
147.62061767778795,-25.943719553431908,-37.97129285959774,100.0,6.0,180.0
147.29589932881106,-26.000524601840155,-38.62249846205532,100.0,6.0,180.0
146.9631456562297,-26.08186208838524,-39.567709588455344,100.0,6.0,180.0
146.61815304789437,-26.102908920799308,-40.242990875060975,100.0,6.0,180.0
146.2860027762287,-26.115352052344623,-40.71923172890245,100.0,6.0,180.0
146.00067291310984,-26.21074598258064,-41.123632034256175,100.0,6.0,180.0
145.78045462605075,-26.315850540095944,-41.321501645732624,100.0,6.0,180.0
145.6017866904442,-26.32784177351089,-41.41195041023656,100.0,6.0,180.0
145.6235055744877,-26.21598350392925,-41.406855302142375,100.0,6.0,180.0
145.91512321335546,-25.97778635571101,-41.38483944018598,100.0,6.0,180.0
146.17100507512637,-25.74061106334236,-41.3718821010167,100.0,6.0,180.0
146.0793298549642,-25.63191480518637,-41.242084025098215,100.0,6.0,180.0
145.7286207012976,-25.59858011579889,-41.11238967210365,100.0,6.0,180.0
145.45115815065395,-25.584896596842807,-40.946962054186415,100.0,6.0,180.0
145.34212119108773,-25.496387140127755,-40.70635062291842,100.0,6.0,180.0
145.31247267712956,-25.292135725931097,-40.44536764983184,100.0,6.0,180.0
145.30406083544966,-25.16399944838487,-40.14037021270848,100.0,6.0,180.0
145.29903374494398,-25.026311951829687,-39.8651212642711,100.0,6.0,180.0
145.22382403961038,-24.6600268268893,-39.772763944250585,100.0,6.0,180.0
145.09451226192456,-24.250828943276225,-40.060336526302,100.0,6.0,180.0
145.0413655617536,-24.07173871245628,-40.65761413395779,100.0,6.0,180.0
145.09789363414006,-24.082853883418725,-41.22002761808563,100.0,6.0,180.0
145.222052147785,-24.02918037974306,-41.42494559633482,100.0,6.0,180.0
145.3149204516728,-23.90382084608024,-41.16831428046406,100.0,6.0,180.0
145.26420048987384,-23.886166599213595,-40.757873856968445,100.0,6.0,180.0
145.02710854490903,-23.94238379237442,-40.48584488753504,100.0,6.0,180.0
144.68972013318194,-24.12756469627878,-40.35283128191038,100.0,6.0,180.0
144.38143417677932,-24.59128285445552,-40.22066269950555,100.0,6.0,180.0
144.26765003122136,-25.04266194621298,-40.02763448309787,100.0,6.0,180.0
144.28889248338496,-25.087720920525,-39.960530780897855,100.0,6.0,180.0
144.14462923232776,-24.8720709840997,-39.98965088642443,100.0,6.0,180.0
143.95048350488926,-24.69836639993161,-39.967668708868274,100.0,6.0,180.0
143.8501147394471,-24.70033233573236,-39.84394945545835,100.0,6.0,180.0
143.6171944969366,-25.03958666639717,-39.53212606744249,100.0,6.0,180.0
143.24116429727815,-25.58581737377732,-39.20695339837193,100.0,6.0,180.0
142.8345021627852,-25.94438430579822,-39.245538791119984,100.0,6.0,180.0
142.51929280579492,-26.02765167632177,-39.78155948500997,100.0,6.0,180.0
142.45990887035526,-25.94429702233758,-40.362251784094695,100.0,6.0,180.0
142.5842079034678,-25.71489211811369,-40.615737026841046,100.0,6.0,180.0
142.75195661752056,-25.50824220054136,-40.62094062359279,100.0,6.0,180.0
142.83490580676886,-25.475069595486715,-40.559060328780895,100.0,6.0,180.0
142.74969286604517,-25.52894682158002,-40.65544640042203,100.0,6.0,180.0
142.63022735974155,-25.7348135156494,-40.71851667872016,100.0,6.0,180.0
142.50252814885604,-26.05070337801624,-40.57878289541242,100.0,6.0,180.0
142.22368807256578,-26.08924762219864,-40.45371408626878,100.0,6.0,180.0
141.93090111998418,-25.77122416711893,-40.43492984893455,100.0,6.0,180.0
141.77774336296233,-25.480536221533093,-40.497438737820126,100.0,6.0,180.0
141.70775476423574,-25.34920106939105,-40.5225818564492,100.0,6.0,180.0
141.70592821669118,-25.22992024702648,-40.51524015691941,100.0,6.0,180.0
141.72589833131337,-25.25161093013764,-40.55339945306057,100.0,6.0,180.0
141.6190609439527,-25.53702774145205,-40.69415974560093,100.0,6.0,180.0
141.24181392029072,-26.00124656182311,-40.97949282936532,100.0,6.0,180.0
140.78992816692224,-26.57736609753504,-41.16037513518604,100.0,6.0,180.0
140.6298576348058,-27.11809298001647,-41.07909480284306,100.0,6.0,180.0
140.75766731520935,-27.34014773512865,-40.88252108707148,100.0,6.0,180.0
140.96924243705257,-27.213303063309866,-40.70588733188277,100.0,6.0,180.0
141.16564047638252,-27.008262992107625,-40.559109263623846,100.0,6.0,180.0
141.33038255366677,-26.845243884221325,-40.37871202335492,100.0,6.0,180.0
141.45140103494413,-26.72646723499512,-40.19967479624671,100.0,6.0,180.0
141.49945180477985,-26.862317450216075,-40.05710365373572,100.0,6.0,180.0
141.42007272216242,-27.3055094509995,-39.8369900437847,100.0,6.0,180.0
141.1280919771582,-27.75269550746392,-39.4429599088644,100.0,6.0,180.0
140.7893246357689,-28.12500313750901,-39.1175824167895,100.0,6.0,180.0
140.80418985218645,-28.5295256841944,-39.1867299577573,100.0,6.0,180.0
141.14529217292193,-28.90344541165372,-39.58316575743298,100.0,6.0,180.0
141.4208644318643,-29.1910369694518,-39.99254554987007,100.0,6.0,180.0
141.47439992694177,-29.37115093706132,-40.25460165335757,100.0,6.0,180.0
141.3026658761717,-29.36086595181369,-40.44883673995428,100.0,6.0,180.0
141.08848007488643,-29.28722668010986,-40.46965959409869,100.0,6.0,180.0
140.95941672965262,-29.219954928764125,-40.09212860615051,100.0,6.0,180.0
140.7791372348695,-29.007874047691832,-39.45854148282305,100.0,6.0,180.0
140.57416246234638,-28.739834027810744,-38.91453876756539,100.0,6.0,180.0
140.30737485356292,-28.4379223425764,-38.56014840525042,100.0,6.0,180.0
139.9557591963696,-28.029134894946143,-38.41265352797946,100.0,6.0,180.0
139.66340977392335,-27.806544547868576,-38.66297100093931,100.0,6.0,180.0
139.44285809746168,-27.99032317043908,-39.23655804176611,100.0,6.0,180.0
139.33675709177473,-28.4749358986016,-39.83682286207437,100.0,6.0,180.0
139.41454294087845,-29.01456910656429,-40.29717160424336,100.0,6.0,180.0
139.45859561780554,-29.25691015029784,-40.5642098774061,100.0,6.0,180.0
139.31660990758346,-29.17105919424582,-40.87060368584969,99.99999237060548,6.0,180.0
139.10267823470707,-28.957837250094613,-41.35112281848612,99.99999237060548,6.0,180.0
138.9719838566835,-28.736462962077724,-41.85252155318211,100.0,6.0,180.0
139.01422350407017,-28.523471299392448,-42.121794751924206,100.0,6.0,180.0
139.06658237450665,-28.1528974645614,-42.0353019637535,100.0,6.0,180.0
139.19894925530258,-27.8299261015376,-41.91732665405957,100.0,6.0,180.0
139.46887429785716,-27.835832656521745,-41.96164924753391,100.0,6.0,180.0
139.49194489318552,-27.9248489553942,-42.02191464092572,100.0,6.0,180.0
139.24077532482977,-27.90032175658655,-41.95336465500641,100.0,6.0,180.0
139.11608971555654,-27.849519141285995,-41.75102292263546,100.0,6.0,180.0
139.3276221345203,-27.785754651214724,-41.49826597356599,100.0,6.0,180.0
139.80322521600294,-27.680286045714787,-41.12059473815221,100.0,6.0,180.0
140.29872763982323,-27.581642275526136,-40.632758308256165,100.0,6.0,180.0
140.56938277140748,-27.406622860716567,-40.14024124185441,100.0,6.0,180.0
140.61255728998992,-27.17635878596708,-39.87536368129834,100.0,6.0,180.0
140.40519079000958,-27.008257835809395,-40.11885293690639,100.0,6.0,180.0
140.01605657754857,-26.79172417664573,-40.74434250233263,100.0,6.0,180.0
139.6407063352785,-26.4723840347655,-41.48572926556536,100.0,6.0,180.0
139.2723375138519,-26.15864275175801,-42.0631225683264,100.0000076293945,6.0,180.0
138.98120680240768,-26.01039065069196,-42.23101226473521,100.0,6.0,180.0
138.79439661444232,-26.18382747934948,-42.1354664193634,100.0,6.0,180.0
138.5788671945349,-26.58239152151956,-42.20154201512584,100.0,6.0,180.0
138.47110791587536,-26.90813543183196,-42.51409224130719,100.0,6.0,180.0
138.62098621970864,-26.977987528652108,-42.673541118486455,100.0,6.0,180.0
138.8452766276796,-26.878444172536103,-42.544963369862025,100.0,6.0,180.0
139.07007603184582,-26.801139219201296,-42.37179720124088,100.0,6.0,180.0
139.32080534040136,-26.77697522005096,-42.31658327524332,100.0,6.0,180.0
139.33263368630543,-26.82183547595283,-42.248182210409766,100.0,6.0,180.0
138.92864523990386,-27.01966905243896,-41.98318702731882,100.0,6.0,180.0
138.46034440329353,-27.31706166848565,-41.77670098123107,100.0,6.0,180.0
138.25489094330402,-27.66044568375252,-41.7623985115988,100.0,6.0,180.0
138.1999300272795,-27.95250322846324,-41.71136848220926,100.0,6.0,180.0
138.2288027704683,-28.01943595829132,-41.74747579456448,100.0,6.0,180.0
138.5251724292067,-27.81497329700516,-42.02882473541864,100.0,6.0,180.0
139.10866313869872,-27.346955128828625,-42.27989335564839,100.0,6.0,180.0
139.83938497356027,-26.87928460325493,-42.34941361965585,100.0,6.0,180.0
140.5005897276048,-26.645336694964595,-42.27150911168439,100.0,6.0,180.0
140.82519594585827,-26.51754677133832,-42.039963675968096,100.0,6.0,180.0
140.7616889762106,-26.53182920012312,-41.88769394010022,100.0,6.0,180.0
140.43327746053944,-26.91156962673569,-41.97920882137254,100.0,6.0,180.0
140.10448252972793,-27.50194128466412,-41.99431690345193,100.0,6.0,180.0
139.83604242374363,-27.863786473229744,-41.78335672848303,100.0,6.0,180.0
139.55978869699027,-27.92703631551192,-41.60674157179357,100.0,6.0,180.0
139.35441825512626,-27.958181774004444,-41.42277436985525,100.0,6.0,180.0
139.1656903677989,-28.131347006239253,-41.08715187072123,100.0,6.0,180.0
138.82642098832454,-28.35232382342165,-40.8731490511116,100.0,6.0,180.0
138.50560836467875,-28.419678204607827,-40.93897598274755,100.0,6.0,180.0
138.51157986820465,-28.366021595268712,-41.06363152537923,100.0,6.0,180.0
138.57190652906496,-28.193931713617303,-41.184817504757376,100.0,6.0,180.0
138.39668784736676,-27.84565619806567,-41.41812048489349,100.0,6.0,180.0
138.23243579573523,-27.49521305796116,-41.814031053653146,100.0,6.0,180.0
138.27835223763736,-27.31639466460232,-42.33757135442016,100.0,6.0,180.0
138.3779351821242,-27.32968606712108,-42.89023160421696,100.0,6.0,180.0
138.4157079455221,-27.42215512676598,-43.47828184424383,100.0,6.0,180.0
138.47363474128494,-27.46083663100372,-43.93330472948319,100.0,6.0,180.0
138.65095500315368,-27.32770565518624,-44.022531063383504,100.0,6.0,180.0
139.05381921314094,-27.004538214349218,-43.960103684805055,100.0,6.0,180.0
139.4826050486543,-26.69839156614419,-43.97032599325996,100.0,6.0,180.0
139.59003358997478,-26.600207885891464,-44.05564362576318,100.0,6.0,180.0
139.41653575183585,-26.65961749149325,-44.20059964136476,100.0,6.0,180.0
139.24154762579116,-26.65115790026612,-44.4975937805276,100.0,6.0,180.0
139.25265078141425,-26.54113221483076,-45.13073588334024,100.0,6.0,180.0
139.25128494778363,-26.51476762261133,-45.93606601703687,100.0,6.0,180.0
139.0044945659962,-26.53654829317857,-46.46141231159412,100.0,6.0,180.0
138.6263097780348,-26.486683836024504,-46.5828493911945,100.0,6.0,180.0
138.3880823689195,-26.3170899421949,-46.41581164051144,100.0,6.0,180.0
138.51158245522493,-25.886119357733207,-46.0211699994098,100.0,6.0,180.0
138.79667511423227,-25.27785188514397,-45.56415129877166,100.0,6.0,180.0
138.93216641280785,-24.721450083349403,-45.28007168365957,100.0,6.0,180.0
138.99661310659815,-24.14828339531888,-45.37074671359978,100.0,6.0,180.0
139.07155840979908,-23.45746823227411,-45.69381483965946,100.0,6.0,180.0
139.1020655773315,-22.84181479502854,-45.977554665404895,100.0,6.0,180.0
139.00576447695792,-22.552633327673703,-46.12451258038878,100.0,6.0,180.0
138.67727766474525,-22.588955707263608,-46.07435819363326,100.0,6.0,180.0
138.3289920961297,-22.72799418517989,-45.82326451952891,100.0,6.0,180.0
138.25274657393643,-22.79805426271988,-45.32166780862532,100.0,6.0,180.0
138.44948099114595,-22.85474518128632,-44.774832780178926,100.0,6.0,180.0
138.92980128468153,-22.98287861842193,-44.40891466572147,100.0,6.0,180.0
139.4680521656123,-23.223537133712,-44.11180987137104,100.0,6.0,180.0
139.69414936844973,-23.59858751016629,-43.72741510187917,100.0,6.0,180.0
139.70558357882177,-24.00084588539561,-43.37091337785581,100.0,6.0,180.0
139.7283997940089,-24.35642218381776,-43.21121633182432,100.0,6.0,180.0
139.85225194828217,-24.64782567620481,-42.97872486078482,100.0,6.0,180.0
140.10310199719996,-24.94275751823677,-42.47287946536649,100.0,6.0,180.0
140.2115728603567,-25.342371031538207,-41.89842713033392,100.0,6.0,180.0
139.9015343159785,-25.6247958635893,-41.58050401804628,100.0,6.0,180.0
139.59306422576373,-25.492679702749545,-41.74278463797648,100.0,6.0,180.0
139.58159158638415,-25.021920179788943,-42.2244730289753,100.0,6.0,180.0
139.42345747470935,-24.43505308546805,-42.74418833400523,100.0,6.0,180.0
138.8918976012337,-23.919983062106184,-43.30447268407175,100.0,6.0,180.0
138.21645161992524,-23.674394487137288,-43.81009380441356,100.0,6.0,180.0
137.8005457702261,-23.81364517329262,-44.0329786557555,100.0,6.0,180.0
137.7809105678885,-24.277997762073685,-44.12395084035607,100.0,6.0,180.0
137.8605766161118,-24.80877163530557,-44.19505793950229,100.0,6.0,180.0
137.8365822708342,-25.17689474656429,-44.076233957272585,100.0,6.0,180.0
137.63552806299867,-25.32531847860485,-43.807422341427646,100.0,6.0,180.0
137.4487715572536,-25.32506975474375,-43.64260366797173,100.0,6.0,180.0
137.5276432939194,-25.19398248409841,-43.74437911743303,100.0,6.0,180.0
137.67914716159407,-24.913773968405323,-44.02212122009932,100.0,6.0,180.0
137.90091364872413,-24.61408550203031,-44.352007664144566,100.0,6.0,180.0
138.28165294333056,-24.384392456286733,-44.74278074705924,100.0,6.0,180.0
138.63833170695875,-24.22955300461365,-45.10745665508309,100.0,6.0,180.0
138.8771242467274,-24.243450345913853,-45.28001801812704,100.0,6.0,180.0
138.955941682125,-24.41729712812592,-45.355163656989546,100.0,6.0,180.0
138.9540322592886,-24.475782514377705,-45.59600310086012,100.0,6.0,180.0
138.9755715929988,-24.300016710078346,-46.10409691143018,100.0,6.0,180.0
138.83423336839573,-23.96901632737208,-46.549598068329246,100.0,6.0,180.0
138.5258482816617,-23.57924154430528,-46.51994566714648,100.0,6.0,180.0
138.34256974712738,-23.40201137005297,-46.21670829013652,100.0,6.0,180.0
138.1995383347801,-23.42450765881035,-45.9411739310692,100.0,6.0,180.0
137.9217025545831,-23.43251244177852,-45.71731295362256,100.0,6.0,180.0
137.58520414413732,-23.44715179791926,-45.599758062986346,100.0,6.0,180.0
137.25004922070462,-23.53095656520913,-45.65384961949141,100.0,6.0,180.0
136.98907623431944,-23.65666427224008,-45.758515609128445,100.0,6.0,180.0
136.8418271359866,-23.78086085408248,-45.69591775607103,100.0,6.0,180.0
136.8439981868269,-24.00511623451208,-45.51143960384103,100.0,6.0,180.0
137.08705924996636,-24.30867304236842,-45.28909057482092,100.0,6.0,180.0
137.4779340394595,-24.59728065352768,-45.05812272444319,100.0,6.0,180.0
137.86711810603228,-24.86939010766163,-44.948761835005165,100.0,6.0,180.0
138.23221948760886,-25.00210383408189,-45.07802078538223,100.0,6.0,180.0
138.52546566055153,-24.86610120388298,-45.56149844600857,100.0,6.0,180.0
138.62814463938824,-24.52649260351521,-46.29586377632097,100.0,6.0,180.0
138.4761380017518,-24.157715941996283,-47.02482714718651,100.0,6.0,180.0
138.16804162894812,-23.928715415634752,-47.64432391557571,100.0,6.0,180.0
137.97765391100938,-23.841731896180097,-48.06470312870819,100.0,6.0,180.0
138.00981582401914,-23.7528998032263,-48.27807822882647,100.0,6.0,180.0
138.00982027833163,-23.762611406541737,-48.382995286956046,100.0,6.0,180.0
137.9972355367793,-23.871696130046136,-48.441588297379,100.0,6.0,180.0
138.1813022111291,-23.777795599450062,-48.38399007320788,100.0,6.0,180.0
138.44220406880794,-23.529845748125545,-48.12860511418248,100.0,6.0,180.0
138.6169102498607,-23.331849016251148,-47.65027274616098,100.0,6.0,180.0
138.71190831705425,-23.12292496658776,-47.00319370954475,100.0,6.0,180.0
138.79436501403626,-22.82071453697271,-46.58103128374303,100.0,6.0,180.0
138.92250820826723,-22.59317480924237,-46.54548031100753,100.0,6.0,180.0
138.9528823448356,-22.69472348856432,-46.6643266173484,100.0,6.0,180.0
138.6328302346181,-22.980075078423297,-46.82276698910133,100.0,6.0,180.0
138.0842880917739,-23.24353481340036,-47.06276023073335,100.0,6.0,180.0
137.54616704765135,-23.57002574302977,-47.43447655737276,100.0,6.0,180.0
137.01649004091004,-23.9718836231485,-47.79764780937169,100.0,6.0,180.0
136.66215612448678,-24.367183479940884,-48.01113215358062,100.0,6.0,180.0
136.6371538163669,-24.752270059976865,-47.94414567990281,100.0,6.0,180.0
136.71868121774105,-25.12245208005893,-47.56492918480899,100.0,6.0,180.0
136.7455707018081,-25.339118509430364,-47.34496295128589,100.0,6.0,180.0
136.7599118821254,-25.50026173450619,-47.669918725169246,100.0,6.0,180.0
136.82286522632995,-25.810308808818668,-48.19103209392673,100.0,6.0,180.0
136.8731403788046,-26.16785385228096,-48.37559730032497,100.0,6.0,180.0
136.82776300448663,-26.496644698261868,-48.21715949050612,100.0,6.0,180.0
136.75449951693923,-26.7047913530978,-48.13300950694494,100.0,6.0,180.0
136.74882602069266,-26.70860292929603,-48.36967167505373,100.0,6.0,180.0
136.8060522655166,-26.48526128766781,-48.82405325459291,100.0,6.0,180.0
136.82594142614462,-26.131632769136417,-49.28768486446843,100.0,6.0,180.0
136.7910332559302,-25.935148239449298,-49.553017447557615,100.0,6.0,180.0
136.73687356639738,-25.873143641452565,-49.62166632504094,100.0,6.0,180.0
136.66392959682122,-25.78372703561292,-49.67911043522445,100.0,6.0,180.0
136.63694507622316,-25.644831863681503,-49.83329558152472,100.0,6.0,180.0
136.62850173868554,-25.37846875906732,-49.97273757838166,100.0,6.0,180.0
136.57736721416717,-25.06694105092761,-49.95898940867781,100.0,6.0,180.0
136.6191319596217,-24.85928950707416,-49.91824390889033,100.0,6.0,180.0
136.75612315378103,-24.71131418950093,-49.84664112298857,100.0,6.0,180.0
136.96203999438754,-24.53389909206553,-49.533488379295456,100.0,6.0,180.0
137.3218976592133,-24.35463220091701,-48.99835965465421,100.0,6.0,180.0
137.65864607246814,-24.262021126418663,-48.59492366670295,100.0,6.0,180.0
137.72921117350722,-24.17506013176491,-48.58826149883699,100.0,6.0,180.0
137.5793919586909,-23.931823607915742,-48.77417869934423,100.0,6.0,180.0
137.33713089993176,-23.57360866316671,-48.91695987007827,100.0,6.0,180.0
137.07008712838035,-23.280347687100463,-49.10755410668538,100.0,6.0,180.0
136.90704490978715,-23.09082792557597,-49.33986497524644,100.0,6.0,180.0
136.85992273712336,-22.916788054394424,-49.510135736571385,100.0,6.0,180.0
136.8046043019304,-22.778468792888244,-49.63565924548909,100.0,6.0,180.0
136.710327315864,-22.87031283165087,-49.67827660299607,100.0,6.0,180.0
136.6900551459145,-23.21134947785017,-49.69331085101109,100.0,6.0,180.0
136.73940714635674,-23.499424708173823,-49.75875468173462,100.0,6.0,180.0
136.75658780461367,-23.58745881036875,-49.83035330471746,100.0,6.0,180.0
136.79439709004603,-23.7843639913768,-49.91538705723209,100.0,6.0,180.0
136.8567531788973,-24.17575949707012,-50.073405491042685,100.0,6.0,180.0
136.87617031406973,-24.44417444626373,-50.34584124655196,100.0,6.0,180.0
136.95649695124257,-24.71807552368408,-50.6074063902534,100.0,6.0,180.0
137.17458590221543,-25.16467175678017,-50.80809480211418,100.0,6.0,180.0
137.34613974131315,-25.520420543627683,-50.99360336909011,100.0,6.0,180.0
137.32287562336276,-25.685764687113995,-51.00437685447119,100.0,6.0,180.0
137.03613951754667,-25.62342469944645,-50.86693643880383,100.0,6.0,180.0
136.5409107042738,-25.32408343571385,-50.77109037874752,100.0,6.0,180.0
136.07991184219074,-25.070267784618,-50.70711955752873,100.0,6.0,180.0
135.8483553263838,-25.003946366827385,-50.54118821161641,100.0,6.0,180.0
135.97797843415375,-25.112834921592075,-50.18009377330333,100.0,6.0,180.0
136.22184687818407,-25.305548372402075,-49.81650466255336,100.0,6.0,180.0
136.24265736940055,-25.43803508608296,-49.770142879662174,100.0,6.0,180.0
136.21786162451212,-25.44928661375129,-50.08714217910647,100.0,6.0,180.0
136.21333111609195,-25.276248859870897,-50.4683092096172,100.0,6.0,180.0
136.07032036456417,-25.04098724255832,-50.54451747132706,100.0,6.0,180.0
135.8783606119322,-24.900028204894145,-50.425148926091566,100.0,6.0,180.0
135.68636384009568,-24.86661929465568,-50.32716979516791,100.0,6.0,180.0
135.68325346009237,-24.944475581837548,-50.1386638301166,100.0,6.0,180.0
136.02603745140993,-25.09759798460706,-50.12052742753438,100.0,6.0,180.0
136.28016334306986,-25.24664332101853,-50.44896899627662,100.0,6.0,180.0
136.2440083368257,-25.39333436569061,-50.77493243268374,100.0,6.0,180.0
136.15517462528317,-25.48822294651776,-51.18197968892486,100.0,6.0,180.0
136.12878558258063,-25.33403499164317,-51.68544510952597,100.0,6.0,180.0
136.15381598419395,-25.024122901381148,-51.77563723620321,100.0,6.0,180.0
136.20402001820904,-24.85002438380306,-51.41045098533512,100.0,6.0,180.0
136.3142218871651,-24.79103167572589,-50.985658431456855,100.0,6.0,180.0
136.4514166765759,-24.71581212593489,-50.63637253264648,100.0,6.0,180.0
136.5190813839627,-24.583059437320763,-50.35252549948217,100.0,6.0,180.0
136.47475995633386,-24.284547172159947,-50.28341658497168,100.0,6.0,180.0
136.44291469855085,-23.8888516198404,-50.44720370953564,100.0,6.0,180.0
136.45756243287508,-23.75012098066383,-50.70727083984245,100.0,6.0,180.0
136.51917805986264,-23.922474436364062,-51.06401529305271,100.0,6.0,180.0
136.63293780022175,-24.25712809732282,-51.37478843090793,100.0,6.0,180.0
136.55205903054528,-24.7031408011954,-51.49229318582648,100.0,6.0,180.0
136.17815786424336,-25.108754276136,-51.47890359830507,100.0,6.0,180.0
135.77540818151863,-25.277388650589906,-51.30739133013719,100.0,6.0,180.0
135.7527291113195,-25.12097272773832,-51.087352284702135,100.0,6.0,180.0
136.073521441867,-24.87514282107052,-50.92347619704077,100.0,6.0,180.0
136.20868911034154,-24.71558575925816,-50.6969308090781,100.0,6.0,180.0
135.85228819604183,-24.5313038393599,-50.43533318378736,100.0,6.0,180.0
135.30064088659108,-24.412508564568466,-50.391925218386525,100.0,6.0,180.0
135.06206594162867,-24.527306490874032,-50.689155488918914,100.0,6.0,180.0
135.12894927213114,-24.70067664465572,-50.97453620921385,100.0,6.0,180.0
135.15522125349398,-24.712570747896294,-51.02168975522375,100.0,6.0,180.0
135.0555041194229,-24.69332744091813,-51.01308492538212,100.0,6.0,180.0
135.06016191293008,-24.69884137983012,-50.99823736689625,100.0,6.0,180.0
135.33620456771945,-24.573603309901024,-50.92416600771621,100.0,6.0,180.0
135.808058661171,-24.33225119519185,-50.8082957821087,100.0,6.0,180.0
136.4274999254984,-24.11011910764659,-50.76567824687484,100.0,6.0,180.0
137.03892626376404,-23.96298954012662,-50.86781127222106,100.0,6.0,180.0
137.394223910908,-23.91345994698605,-51.0734577440882,100.0,6.0,180.0
137.61155688201697,-23.983777658907563,-51.40273244934845,100.0,6.0,180.0
137.84606994480464,-24.16752689343389,-51.83727598442907,100.0,6.0,180.0
137.9923304716442,-24.45953809622011,-52.19108555613448,100.0,6.0,180.0
138.0760216482659,-24.77388319438228,-52.346395210601095,100.0,6.0,180.0
138.15467788093653,-24.99632363317212,-52.19087379477625,100.0,6.0,180.0
138.0994067525566,-25.10520175451576,-51.75907956450962,100.0,6.0,180.0
137.91291872400743,-25.138700626404827,-51.388726306391575,100.0,6.0,180.0
137.83420110385492,-25.188508734470627,-51.220001419267305,100.0,6.0,180.0
137.9373744537268,-25.409065282870912,-51.28609237213288,100.0,6.0,180.0
138.0806002571574,-25.71738458680585,-51.61838746152334,100.0,6.0,180.0
138.1769707773776,-25.876357107446857,-51.918614350770696,100.0,6.0,180.0
138.14500405642488,-25.888443286618305,-51.9361811847614,100.0,6.0,180.0
137.86987145788908,-25.80239844767692,-51.90125266866779,100.0,6.0,180.0
137.37261042179847,-25.687632695206272,-51.8859055749961,100.0,6.0,180.0
136.83770939498697,-25.712507834148724,-51.73500581695242,100.0,6.0,180.0
136.56805171804163,-25.916863678888213,-51.53437356120761,100.0,6.0,180.0
136.72771830064855,-26.24659153917248,-51.44119183902133,100.0,6.0,180.0
137.10644323864574,-26.63984703970108,-51.4706838213509,100.0,6.0,180.0
137.51601443533525,-26.88840344608943,-51.49764785449984,100.0,6.0,180.0
137.94699399558965,-26.840734689610564,-51.57485932808344,100.0,6.0,180.0
138.32076980388325,-26.58025949143344,-51.8365379255983,100.0,6.0,180.0
138.6064001548363,-26.14856079380287,-52.180855052664334,100.0,6.0,180.0
138.86842083089638,-25.539393368013243,-52.61615601623481,100.0,6.0,180.0
138.97033590709628,-24.93231906464972,-53.1090199892395,100.0,6.0,180.0
138.81039728077235,-24.60895860143808,-53.37718136314324,100.0,6.0,180.0
138.49213635395645,-24.61471318702113,-53.57404771902515,100.0,6.0,180.0
138.03433338970046,-24.72260086806659,-53.89675127928903,100.0,6.0,180.0
137.45948742857755,-24.8992696492743,-53.94397357448918,100.0,6.0,180.0
136.81390957243,-25.169223874004544,-53.592167474954806,100.0,6.0,180.0
135.96104520434164,-25.36265931847302,-53.13588087543231,100.0,6.0,180.0
134.8325259743864,-25.48538740730313,-52.70633145124242,100.0,6.0,180.0
133.76503440284057,-25.505527139992,-52.46288297758844,100.0,6.0,180.0
133.02498172491417,-25.28917779832931,-52.30355183674504,100.0,6.0,180.0
132.35920263577668,-24.85173836617728,-51.90565081793069,100.0,6.0,180.0
131.49143107480484,-24.19649345711799,-51.35530423934941,99.99901580810548,6.0,180.0
130.24467848549716,-23.40661348873164,-50.87603299882074,99.98486328125,6.0,180.0
128.3196790018984,-22.58224324372896,-50.34202174181431,99.9428939819336,6.0,180.0
125.55754470423092,-21.69781862344375,-49.596458976693086,99.87284088134766,6.0,180.0
122.04087725155804,-20.84393942956233,-48.74128816885751,99.78438568115234,6.0,180.0
118.05880955784592,-20.175392546545226,-47.84192441324361,99.69036102294922,6.0,180.0
113.75675385196466,-19.6110116214914,-46.85745999282752,99.69036102294922,6.0,180.0
108.98045923437226,-18.845863770726027,-45.86571187841363,99.59309387207033,6.0,180.0
103.86903844086874,-17.65662130871003,-45.02014142270644,99.49469757080078,6.0,180.0
98.87918176656362,-16.273728317786833,-44.31069299179463,99.39556121826172,6.0,180.0
94.11822819193353,-15.16018722936558,-43.46092593881682,99.29603576660156,6.0,180.0
89.59434764566295,-14.360543624821164,-42.20570306601597,99.1962661743164,6.0,180.0
85.77247191032598,-13.790570241256756,-40.74826390445418,99.09636688232422,6.0,180.0
82.96421648138416,-13.52160529886129,-39.24598343826234,99.09636688232422,6.0,180.0
80.83475334540123,-13.433802293312628,-37.62253262711577,98.99639892578124,6.0,180.0
79.04383435623149,-13.313538835144358,-36.14584441012308,98.8963623046875,6.0,180.0
77.49667523886231,-13.124707378628106,-35.17503154339952,98.79651641845705,6.0,180.0
76.22999792474975,-12.918498238753326,-34.687326261770345,98.69640350341795,6.0,180.0
75.37244568672097,-12.731614352685758,-34.53042049213598,98.59650421142578,6.0,180.0
74.95639283926073,-12.61034309151969,-34.610816741225875,98.49649810791016,6.0,180.0
74.89065309761234,-12.549018354982648,-34.62976468675399,98.39653778076172,6.0,180.0
74.795957217606,-12.507273768215091,-34.460554158951965,98.39653778076172,6.0,180.0
74.37412697578765,-12.398333325640094,-34.23759274466714,98.2966079711914,6.0,180.0
73.74213780827029,-12.268691876951554,-34.0389322251845,98.19647216796876,6.0,180.0
73.10015577409382,-12.200949120722658,-33.86867532686509,98.09656524658205,6.0,180.0
72.63968152276962,-12.044585543032516,-33.6064623195607,97.99652099609376,6.0,180.0
72.4457277825539,-11.73945048292781,-33.402751884396025,97.89647674560548,6.0,180.0
72.28385855887768,-11.380994949587308,-33.51574750791787,97.79651641845705,6.0,180.0
71.85155667169397,-10.952343453514242,-33.726307451527546,97.79651641845705,6.0,180.0
71.119487969278,-10.579774563019912,-33.79965568925177,97.69642639160156,6.0,180.0
70.42275878054173,-10.502166101940867,-33.74180777031242,97.59637451171876,6.0,180.0
70.15858702194875,-10.624006131084933,-33.54554164196472,97.49674224853516,6.0,180.0
70.27379587982726,-10.801139571474229,-33.24059658228511,97.39674377441406,6.0,180.0
70.41223328883994,-11.088507253621902,-32.896671977963464,97.29663848876952,6.0,180.0
70.58165430867746,-11.483410970010292,-32.554064745075095,97.19638061523438,6.0,180.0
70.8794964736382,-11.843757897725183,-32.32958700435502,97.0964584350586,6.0,180.0
71.0214432285197,-12.0621631620985,-32.45380836514807,97.0964584350586,6.0,180.0
70.9366126387247,-12.156975999402878,-33.06513306288512,96.99637603759766,6.0,180.0
70.8215226261237,-12.16463656295062,-33.84180217417577,96.89659118652344,6.0,180.0
70.60734712893134,-12.191731091208702,-34.19862140517799,96.7965087890625,6.0,180.0
70.03191320562325,-12.377358625365188,-34.144642087898475,96.69646453857422,6.0,180.0
69.2625862753631,-12.657613888637677,-34.02943804095549,96.59647369384766,6.0,180.0
68.80619936870535,-12.886461284589808,-33.916301583733905,96.49671936035156,6.0,180.0
68.78606666488085,-13.032357140261809,-33.81779773522744,96.49671936035156,6.0,180.0
69.23197080532167,-13.1165027580106,-33.92620337982567,96.39663696289062,6.0,180.0
70.26905008210774,-13.133498755310804,-34.25094172929526,96.2964324951172,6.0,180.0
71.50655897088967,-13.040615173295585,-34.54314175565701,96.196533203125,6.0,180.0
72.50519256746057,-12.893532494678071,-34.65249706245534,96.09648895263672,6.0,180.0
73.32354433173255,-12.803575359953928,-34.5885005464772,95.99646759033205,6.0,180.0
73.86705385921091,-12.750322035224764,-34.521401575986395,95.89649200439452,6.0,180.0
73.99560421282692,-12.71704852573071,-34.51927361513632,95.79647064208984,6.0,180.0
74.05176734980616,-12.836730966795344,-34.478487636228216,95.79647064208984,6.0,180.0
74.25366492276005,-13.24757998464173,-34.31697138316254,95.6965103149414,6.0,180.0
74.30954515869495,-13.796321394648718,-34.29696016345299,95.59671783447266,6.0,180.0
74.10134437680166,-14.272283875607254,-34.56763121623557,95.49700164794922,6.0,180.0
73.84338808963828,-14.678987104810588,-34.74726510217134,95.39656066894533,6.0,180.0
73.53616465969193,-14.911109163062108,-34.72505327631874,95.29638671875,6.0,180.0
73.34068913138579,-14.93484320697252,-34.7517790746052,95.19649505615234,6.0,180.0
73.56672915681153,-14.817591178406516,-34.87944300731379,95.09651184082033,6.0,180.0
73.8230005062477,-14.50558804349028,-35.042896886558054,95.09651184082033,6.0,180.0
73.81291748245674,-14.169877790601298,-35.20605608470752,94.99644470214844,6.0,180.0
73.79868027338647,-13.996934745681704,-35.12908878150179,94.89636993408205,6.0,180.0
73.70593228498342,-13.975748080386914,-34.70072276208256,94.79634857177734,6.0,180.0
73.38108363712767,-14.120791033359271,-34.13073400692268,94.69649505615234,6.0,180.0
73.04944657525658,-14.402182304602093,-33.56368216698716,94.5967788696289,6.0,180.0
72.91525935794655,-14.71211668246834,-33.042560078645465,94.49652099609376,6.0,180.0
72.80796596221111,-14.966034271368482,-32.64044690878619,94.49652099609376,6.0,180.0
72.52660102177964,-15.226504486960843,-32.18777784298552,94.39635467529295,6.0,180.0
72.40518790763036,-15.50582652716864,-31.66266347062905,94.2963638305664,6.0,180.0
72.4984827044107,-15.59411718603399,-31.392391288701344,94.1964874267578,6.0,180.0
72.32267435274433,-15.54741889640356,-31.246129607398046,94.09654235839844,6.0,180.0
71.97792441785401,-15.611867252101971,-30.952761795571305,93.99647521972656,6.0,180.0
71.77142050787782,-15.637384084584278,-30.531892879174663,93.89657592773438,6.0,180.0
71.51754674700285,-15.5310742197033,-30.19397217535906,93.7964324951172,6.0,180.0
71.21177663704623,-15.431196212274967,-30.15780524486836,93.7964324951172,6.0,180.0
71.08878291522966,-15.303500927946718,-30.265199832213646,93.69652557373048,6.0,180.0
70.92038877335325,-15.16185753644546,-30.21965045963081,93.59660339355467,6.0,180.0
70.62914925195548,-15.028910309942734,-30.1166391962033,93.49639129638672,6.0,180.0
70.74143287544983,-14.897620252935202,-30.275018489736667,93.39636993408205,6.0,180.0
71.51107711320718,-14.740740795681756,-30.530718718138434,93.29645538330078,6.0,180.0
72.50446396522182,-14.396030727927414,-30.50030366907845,93.19649505615234,6.0,180.0
73.29014726645717,-13.957311989491863,-30.35714143471643,93.19649505615234,6.0,180.0
73.86897048448427,-13.773744762505434,-30.51785935475499,93.09646606445312,6.0,180.0
74.25909533037634,-13.914650737414735,-30.818592738626293,92.9964828491211,6.0,180.0
74.50037928560101,-14.247801141725445,-30.956806019571715,92.8965072631836,6.0,180.0
74.84173221464329,-14.66034843037491,-31.275621167131376,92.79644012451172,6.0,180.0
75.25694340112675,-14.864109615318112,-31.77987306535356,92.69674682617188,6.0,180.0
75.53880010928195,-14.784110137680765,-32.00927908720533,92.59657287597656,6.0,180.0
75.93260723218626,-14.754732421356843,-31.959642638979204,92.49657440185548,6.0,180.0
76.48359123242149,-14.972863519478285,-31.85325778611479,92.49657440185548,6.0,180.0
76.93451339702926,-15.405708293981682,-31.77937045279666,92.3965072631836,6.0,180.0
77.40507228191622,-15.950449365094084,-31.728641038298484,92.29644775390624,6.0,180.0
77.97618524564407,-16.495177526445246,-31.795911271148725,92.19645690917967,6.0,180.0
78.5402733918482,-16.9992762256612,-31.884204609296592,92.09644317626952,6.0,180.0
79.03995683783782,-17.45876961232628,-31.771338417177617,91.99649810791016,6.0,180.0
79.59213295521175,-17.85499436345738,-31.571328284194344,91.89653778076172,6.0,180.0
80.37244559822037,-18.091605095675416,-31.33846752422052,91.89653778076172,6.0,180.0
81.26122765616108,-18.14782624915948,-31.02187468802553,91.79646301269533,6.0,180.0
81.86708335368623,-18.18839686763745,-30.56221733839873,91.69654083251952,6.0,180.0
82.01451801605647,-18.34591699605315,-30.01304727328069,91.59648895263672,6.0,180.0
81.99360961588252,-18.56106595617463,-29.775372637080675,91.49651336669922,6.0,180.0
82.08507968937033,-18.739587637279644,-29.92511323920604,91.39645385742188,6.0,180.0
82.32123207799515,-18.865011378829607,-30.11890161436948,91.29647827148438,6.0,180.0
82.89662739616008,-19.05810369908344,-30.323367087040147,91.19647979736328,6.0,180.0
83.91269469225992,-19.466820474279423,-30.73538010725531,91.19647979736328,6.0,180.0
85.06457141410553,-19.88399412183123,-31.19077766597401,91.0965805053711,6.0,180.0
86.30297185040426,-20.154232003532936,-31.580690731756167,90.99657440185548,6.0,180.0
87.60768408187556,-20.361956054840288,-32.095202173955926,90.896484375,6.0,180.0
88.63922702713546,-20.43249814300965,-32.60592413964364,90.79650115966795,6.0,180.0
89.32338372723555,-20.246796084253944,-32.80583351053801,90.6964111328125,6.0,180.0
89.87682014185067,-19.90439470751523,-32.63665774285434,90.59644317626952,6.0,180.0
90.45207137325532,-19.65199996329508,-32.181144675586786,90.4965591430664,6.0,180.0
91.22422024247356,-19.663905037793096,-31.59501564340896,90.4965591430664,6.0,180.0
92.38308785737098,-19.906783644128552,-31.12266758483756,90.3964614868164,6.0,180.0
93.68639043718484,-20.15670045758221,-30.79079024332391,90.29652404785156,6.0,180.0
94.79179861703022,-20.32283537014829,-30.461984664584524,90.19651794433594,6.0,180.0
95.56617694086066,-20.4790673964212,-30.151935254665656,90.09664916992188,6.0,180.0
95.89136764274885,-20.535304978510165,-29.85274637257513,89.99662017822266,6.0,180.0
96.03677609188368,-20.370997670249544,-29.53214626055158,89.89649200439453,6.0,180.0
96.3962511772234,-20.07761627887713,-29.25755089715496,89.89649200439453,6.0,180.0
97.06945428388428,-19.84565111638722,-29.10100760402593,89.79658508300781,6.0,180.0
98.08580246315096,-19.769925945646296,-29.120996356428464,89.6965103149414,6.0,180.0
99.4660007160729,-19.767490628172105,-29.241008723133785,89.59647369384766,6.0,180.0
100.98222555844627,-19.793336398116008,-29.343687508323605,89.49651336669922,6.0,180.0
102.06385433120435,-19.91734088618793,-29.360847427058665,89.39639282226562,6.0,180.0
102.49619481417916,-20.10723470613713,-29.44484470064068,89.29650115966797,6.0,180.0
102.85208829279767,-20.30683100816145,-29.882085435247973,89.1965103149414,6.0,180.0
103.52858200336624,-20.572955899183388,-30.53624287201527,89.1965103149414,6.0,180.0
104.2267662659522,-20.7348737985519,-31.03821949856681,89.09658813476562,6.0,180.0
104.8383227058554,-20.68263430861883,-31.33459151296844,88.99655151367188,6.0,180.0
105.59247606267238,-20.7226608952113,-31.631294618971705,88.89647674560547,6.0,180.0
106.39923026506604,-20.89566873615044,-31.930581368078187,88.7965316772461,6.0,180.0
107.0516412385775,-21.02151189885082,-32.10763893681114,88.69649505615234,6.0,180.0
107.68111853368968,-21.15973364822881,-32.12717584149453,88.5965805053711,6.0,180.0
108.4752982535348,-21.40167638238924,-32.116254033668724,88.5965805053711,6.0,180.0
109.4092246030117,-21.7472814299946,-32.17339246577819,88.49647521972656,6.0,180.0
110.30649222905303,-22.10508307279292,-31.97108397815325,88.39636993408203,6.0,180.0
111.07100135572983,-22.46632333657748,-31.41028792476393,88.29645538330078,6.0,180.0
111.7918535178987,-22.95499594549008,-30.763225006001058,88.1964340209961,6.0,180.0
112.4162166606178,-23.45330269401536,-30.21701860433481,88.09658813476562,6.0,180.0
112.88150098716729,-23.85459642730667,-29.943490478652983,87.99652099609375,6.0,180.0
113.37132242788766,-24.3072629940142,-29.759996342394803,87.89653015136719,6.0,180.0
113.69742791116188,-24.82226630323869,-29.442035642606704,87.89653015136719,6.0,180.0
113.57099767613823,-25.274253743562475,-29.209885795709564,87.79651641845703,6.0,180.0
113.5360454206212,-25.6639228455318,-29.063297232638625,87.6964340209961,6.0,180.0
114.05411123552344,-26.03660806808464,-28.73054114675242,87.59661102294922,6.0,180.0
114.76906881921435,-26.26277250847417,-28.27759937527228,87.49658966064453,6.0,180.0
115.59161294693337,-26.299952682379782,-28.03842697202959,87.39653778076172,6.0,180.0
116.66733707776508,-26.239403852925943,-28.16481843258037,87.29657745361328,6.0,180.0
117.60458949945756,-26.17270563833868,-28.46346877791073,87.29657745361328,6.0,180.0
118.08939510407802,-26.27229436356265,-28.63111755359208,87.19644165039062,6.0,180.0
118.41144805791184,-26.51347306097692,-28.65685055460785,87.09657287597656,6.0,180.0
119.03497836277076,-26.73303372825705,-28.77007211473795,86.99650573730469,6.0,180.0
119.95040636216572,-26.92854866970882,-28.90343823228701,86.896484375,6.0,180.0
120.8949097137834,-27.03404620410918,-28.966165284638063,86.79653930664062,6.0,180.0
121.93450114477164,-27.096696157443,-29.064048082851084,86.69649505615234,6.0,180.0
123.07854550989722,-27.2306390085764,-28.97539252831877,86.5965805053711,6.0,180.0
123.98023366134098,-27.231263366501928,-28.536078470925148,86.5965805053711,6.0,180.0
124.5331086428542,-27.29811049924337,-28.106818740431304,86.49651336669922,6.0,180.0
124.97237070989618,-27.83091541952005,-27.89655130260195,86.39640045166016,6.0,180.0
125.4071463941475,-28.48192708370988,-27.856189537231604,86.29653930664062,6.0,180.0
125.9689953421096,-28.823637770495075,-28.030162717131702,86.19644165039062,6.0,180.0
126.80989773576866,-28.95754310508603,-28.22986954716263,86.09651947021484,6.0,180.0
127.73053259791244,-29.05584643109042,-28.243832869197043,85.99653625488281,6.0,180.0
128.5344937863212,-29.103816126285043,-28.300183427572424,85.99653625488281,6.0,180.0
129.31404823487048,-29.061266997621228,-28.656782441766754,85.89643859863281,6.0,180.0
129.97308514185158,-28.980733388898827,-29.19434200865584,85.79643249511719,6.0,180.0
130.20978547134857,-28.921097572583715,-29.6590324751146,85.6964340209961,6.0,180.0
130.2526417367039,-28.86185823779613,-30.018841257656923,85.596435546875,6.0,180.0
130.46589513904033,-28.76217585310279,-30.383954051230628,85.49657440185547,6.0,180.0
130.5663363739358,-28.638238105107508,-30.635911598469868,85.39657592773438,6.0,180.0
130.5139834581803,-28.69730277121754,-30.54298275075959,85.29645538330078,6.0,180.0
130.7270368919572,-29.06321891842635,-30.169678785186843,85.29645538330078,6.0,180.0
131.1411545501397,-29.50372305764188,-29.75594048808162,85.19654083251953,6.0,180.0
131.4881557770846,-29.743138176353305,-29.461233116786204,85.09645080566406,6.0,180.0
131.84445632453424,-29.86236405941833,-29.32969886562239,84.99651336669922,6.0,180.0
132.36631333225893,-30.072769799141778,-29.218217252184846,84.89659118652344,6.0,180.0
132.94654487825898,-30.14675204558889,-28.96021876247588,84.79656982421875,6.0,180.0
133.33358649527116,-29.94479799198169,-28.628988325163792,84.69656372070312,6.0,180.0
133.3480287356736,-29.594940887539,-28.366809972710573,84.59650421142578,6.0,180.0
133.0351324544929,-29.22047816555256,-28.195605398177367,84.59650421142578,6.0,180.0
132.83235950232392,-28.99314581245978,-28.22285305596852,84.4964370727539,6.0,180.0
133.1500467693172,-28.977282979176344,-28.576034960134702,84.39647674560547,6.0,180.0
134.23708345997773,-29.44188248351177,-29.00807402069284,84.29639434814453,6.0,180.0
136.15508034057683,-30.39881381285832,-29.17798307849004,84.19644165039062,6.0,180.0
138.35170117737127,-31.14567553928861,-29.20214390263201,84.09650421142578,6.0,180.0
140.44781228850826,-31.38666440371041,-29.258625209384427,83.99654388427734,6.0,180.0
142.5150007564048,-31.54905271697801,-29.35050229271149,83.99654388427734,6.0,180.0
144.11008381340267,-31.8484706375579,-29.382557822869924,83.89647674560547,6.0,180.0
144.80589721118093,-32.198609243197296,-29.07528996752935,83.7965316772461,6.0,180.0
145.01653000953513,-32.47752417634233,-28.57331844321933,83.6965103149414,6.0,180.0
145.42286015624964,-32.57645200290424,-28.256258582232743,83.59650421142578,6.0,180.0
146.12961411266346,-32.623107969648174,-28.21680095604857,83.49652862548828,6.0,180.0
146.70648301771018,-32.689001132067986,-28.4483028204086,83.3963623046875,6.0,180.0
146.91882539846995,-32.7457177349069,-28.767727592406303,83.29651641845703,6.0,180.0
146.9229939320842,-32.83520842148443,-29.02636065259459,83.29651641845703,6.0,180.0
147.0758461038755,-32.93142225832461,-29.222131650900465,83.19657135009766,6.0,180.0
147.7619262467181,-33.09046133267954,-29.27023352250867,83.09660339355469,6.0,180.0
148.85167115030126,-33.35438342948352,-29.14735244738339,82.9967269897461,6.0,180.0
149.8258488148241,-33.7045156962996,-28.991171306183983,82.89659881591797,6.0,180.0
150.62461246068602,-34.14105515301109,-28.859617086025864,82.79656219482422,6.0,180.0
151.27224388742246,-34.459009026879826,-28.711238352289904,82.69652557373047,6.0,180.0
151.52820439264843,-34.502531005320364,-28.50287986336855,82.69652557373047,6.0,180.0
151.73628070122317,-34.434398578183604,-28.210794669160304,82.59648895263672,6.0,180.0
152.36016423255526,-34.457049072293245,-27.955567530874333,82.4966812133789,6.0,180.0
153.14407453086926,-34.527429341938685,-27.861492591317347,82.39649200439453,6.0,180.0
153.88143123837693,-34.413767120880735,-27.763543629340425,82.2963638305664,6.0,180.0
154.51115602488696,-34.14073024153419,-27.343515280970884,82.19644165039062,6.0,180.0
154.81104347186596,-33.9206160136624,-26.63267220307926,82.09645080566406,6.0,180.0
155.10615961424446,-33.869195187606635,-26.11675600987174,81.99653625488281,6.0,180.0
156.0062420999902,-34.00720019949294,-26.04652106734376,81.99653625488281,6.0,180.0
157.3977122863889,-34.2420448586861,-26.18291986687052,81.89653778076172,6.0,180.0
158.99751375233973,-34.52145535142411,-26.409588270642733,81.79649353027344,6.0,180.0
160.6759675640836,-34.85875549526768,-26.670184878937704,81.69651794433594,6.0,180.0
161.98025880543904,-35.222170439749334,-26.86085555643401,81.59651184082031,6.0,180.0
162.79411802087077,-35.551993456436406,-26.97254278450223,81.49661254882812,6.0,180.0
163.31591155029554,-35.75456538323182,-26.937290869732607,81.39647674560547,6.0,180.0
163.50571298568687,-35.84561195820424,-26.77417511463008,81.39647674560547,6.0,180.0
163.65420749480168,-36.09442546474962,-26.794933848041502,81.29652404785156,6.0,180.0
164.30250933396331,-36.5926741910264,-27.253448669224163,81.19647979736328,6.0,180.0
165.31637692148269,-37.03956619724383,-27.81114571345573,81.09654998779297,6.0,180.0
166.20370301718154,-37.22079061881755,-27.93573654670875,80.99658203125,6.0,180.0
166.85171776869657,-37.282285195186944,-27.61145248477688,80.896484375,6.0,180.0
167.32718701986056,-37.52087225574579,-27.03189166747432,80.79657745361328,6.0,180.0
167.69980668238512,-38.05769844120368,-26.288513951278787,80.6964340209961,6.0,180.0
168.3115051289814,-38.70021525298619,-25.63449904220512,80.6964340209961,6.0,180.0
169.53336813117977,-39.177399227098654,-25.23017648367324,80.59646606445312,6.0,180.0
171.1155402660539,-39.52238693807698,-25.1082653328176,80.49654388427734,6.0,180.0
172.5643551577723,-39.923034730588334,-25.15170988089605,80.39643096923828,6.0,180.0
173.68840436842842,-40.33344375549986,-25.107340071303923,80.29650115966797,6.0,180.0
174.46465048877403,-40.5711859992992,-25.120541965302525,80.19642639160156,6.0,180.0
174.9597131816493,-40.627389339909286,-25.317036858778785,80.09645080566406,6.0,180.0
175.31366929098198,-40.55380315432076,-25.5354589469916,79.99652862548828,6.0,180.0
175.94770036810883,-40.33560581727048,-25.743964869029,79.99652862548828,6.0,180.0
176.92668456965546,-40.14454592730055,-25.884241323502167,79.89642333984375,6.0,180.0
177.71874175738034,-40.17801543555604,-25.967479348856585,79.79641723632812,6.0,180.0
178.2212571855686,-40.40649326736771,-26.07550272403663,79.69644165039062,6.0,180.0
178.72252432267186,-40.78955531584421,-26.03799211077114,79.5965347290039,6.0,180.0
179.4597383837716,-41.28962276383024,-25.82272822761096,79.4967041015625,6.0,180.0
180.3602678663491,-41.76122576066776,-25.812442365959804,79.39662170410156,6.0,180.0
181.10308229116137,-42.035642934718645,-26.155892270118663,79.39662170410156,6.0,180.0
181.6007453866249,-42.14579237988763,-26.604616955362,79.29656982421875,6.0,180.0
181.91166128200507,-42.31172634530624,-26.97169121270583,79.19645690917969,6.0,180.0
182.19248999508216,-42.47391933666806,-27.138340666508256,79.0964584350586,6.0,180.0
182.70375856767407,-42.52153075675687,-27.24567377941203,78.99646759033203,6.0,180.0
183.43380650382343,-42.61734753594358,-27.37788388048672,78.89653015136719,6.0,180.0
184.306411165072,-42.82715225482716,-27.545275108364777,78.7965087890625,6.0,180.0
185.33352226762503,-43.15691252295172,-27.863546395335632,78.696533203125,6.0,180.0
186.48914873260856,-43.62468066739964,-28.00525919580384,78.696533203125,6.0,180.0
187.7169230722019,-43.99759277683857,-27.67609195341924,78.59638214111328,6.0,180.0
188.7385332587091,-44.04339459022032,-27.17082464783988,78.49635314941406,6.0,180.0
189.33122199623,-43.96536660854967,-26.817400520169706,78.39645385742188,6.0,180.0
189.47847726644588,-44.10707334781686,-26.526186116713365,78.29642486572266,6.0,180.0
189.2945228449672,-44.487920284885625,-26.1883504541408,78.19644165039062,6.0,180.0
189.29301798221368,-44.91715027299775,-25.89406339573601,78.09654998779297,6.0,180.0
189.9779610544616,-45.3005423886389,-25.81427005291997,78.09654998779297,6.0,180.0
191.3852382360828,-45.59016944076851,-26.09061006059702,77.99684143066406,6.0,180.0
193.18045708939067,-45.75919432858042,-26.39135536305701,77.89677429199219,6.0,180.0
194.87222476530772,-45.90101816990245,-26.208987152665067,77.79649353027344,6.0,180.0
196.25149908215505,-46.11647310872428,-25.827563602676136,77.69652557373047,6.0,180.0
197.2737479763121,-46.41194985832214,-25.63838256867099,77.59648132324219,6.0,180.0
198.1232104566829,-46.730598334833175,-25.390067019038792,77.49649810791016,6.0,180.0
199.17545402604543,-46.97715145306345,-25.10536995241524,77.39659881591797,6.0,180.0
200.3910160120464,-47.09998775477855,-25.083468734747186,77.39659881591797,6.0,180.0
201.67555321801075,-47.17759501493407,-25.24261592715781,77.29642486572266,6.0,180.0
202.7990306157032,-47.232961285724585,-25.39199567977114,77.1965103149414,6.0,180.0
203.5685951977952,-47.23589285229174,-25.568973003179792,77.09654235839844,6.0,180.0
204.57558311521163,-47.29349282281616,-25.83915280704252,76.99642944335938,6.0,180.0
205.8037225629822,-47.487808457607805,-26.02289575240324,76.89653015136719,6.0,180.0
206.5409166265832,-47.680395717376015,-25.98276732038953,76.7964859008789,6.0,180.0
207.1739193477053,-47.8141076639169,-25.86431543429689,76.7964859008789,6.0,180.0
208.29282033416493,-48.14159693301041,-25.907038053411444,76.6964111328125,6.0,180.0
209.3627809190796,-48.75170562534437,-26.18843341810432,76.59654235839844,6.0,180.0
209.9458290047718,-49.4561983702519,-26.428105906365865,76.49647521972656,6.0,180.0
210.43333532424387,-50.05597367815936,-26.265055448711227,76.39649963378906,6.0,180.0
210.9472550253352,-50.43302729935178,-25.70508430226568,76.29653930664062,6.0,180.0
211.495020771327,-50.72189096626917,-25.17230930247016,76.19644927978516,6.0,180.0
212.32932845429767,-51.02782021295101,-24.966265189220696,76.0965347290039,6.0,180.0
213.44906776965595,-51.223513616614426,-24.833763690073525,76.0965347290039,6.0,180.0
214.6781471242909,-51.21128300691698,-24.681807223491525,75.99657440185547,6.0,180.0
215.87181678916545,-51.07617000233723,-24.72099305978621,75.89662170410156,6.0,180.0
217.08541063036623,-50.91118336743602,-24.6464507990759,75.7964859008789,6.0,180.0
218.32274324947247,-50.80630662704439,-24.32008112780725,75.69647979736328,6.0,180.0
219.53649431674305,-50.98998207922544,-24.18951148351132,75.59654998779297,6.0,180.0
220.5597778302354,-51.3123178067189,-24.289225673899207,75.49650573730469,6.0,180.0
221.19371468729963,-51.55590717512004,-24.34589533947847,75.39649963378906,6.0,180.0
221.7577627004813,-51.92317824786674,-24.412872056286275,75.39649963378906,6.0,180.0
222.56427637140897,-52.42530872920904,-24.544540521099147,75.29646301269531,6.0,180.0
223.46874114672528,-52.9750218254998,-24.6235573456096,75.19660949707031,6.0,180.0
224.3313700595245,-53.428712802535735,-24.680045278157145,75.0965576171875,6.0,180.0
225.1354188115652,-53.48029975501933,-24.51267698353069,74.99642181396484,6.0,180.0
225.8301693658192,-53.16000237146395,-23.948473707241195,74.89654541015625,6.0,180.0
226.32581564391472,-52.88831623673107,-23.258243933095585,74.79646301269531,6.0,180.0
226.5251495676943,-52.7137642246876,-22.5727644554118,74.79646301269531,6.0,180.0
226.6244146524077,-52.40945818151295,-22.099675874942783,74.69644927978516,6.0,180.0
227.17128931844968,-52.33635328836953,-22.14441998851465,74.59658813476562,6.0,180.0
228.20596915745665,-52.725922903711066,-22.50444947782108,74.49636840820312,6.0,180.0
229.13026293567768,-53.24515463394688,-22.72890356099885,74.3966064453125,6.0,180.0
229.833876866138,-53.69632219189019,-22.786125885269072,74.29664611816406,6.0,180.0
230.48976986441696,-54.02760403600922,-22.90769099786376,74.19645690917969,6.0,180.0
231.16672268482023,-54.2667453115687,-23.10248344088016,74.09649658203125,6.0,180.0
231.9584983373226,-54.52385541828873,-23.310375021597967,74.09649658203125,6.0,180.0
232.74120703489965,-54.80898755724155,-23.498016093664607,73.9964370727539,6.0,180.0
233.5529527238523,-55.20630466562604,-23.604545582777146,73.89649200439453,6.0,180.0
234.59258234079329,-55.72978438526718,-23.66277194335625,73.7966079711914,6.0,180.0
235.74065009192327,-56.19221780260354,-23.67516347158688,73.6963882446289,6.0,180.0
236.8885848797089,-56.50208061241229,-23.51224288663632,73.5965805053711,6.0,180.0
237.89209335995875,-56.603377100006426,-23.25602164771286,73.49649810791016,6.0,180.0
238.41656033550524,-56.490364653585694,-23.05548809433473,73.49649810791016,6.0,180.0
238.76397670682763,-56.30882898044781,-22.912458432660323,73.39647674560547,6.0,180.0
239.1496685044573,-56.12633397921212,-22.834541359545,73.29663848876953,6.0,180.0
239.334416301623,-55.898292801828106,-22.734051021593125,73.19654846191406,6.0,180.0
239.70545275188945,-55.69773690480015,-22.801118921568584,73.09648895263672,6.0,180.0
240.4115518871991,-55.65138215069865,-23.14091205364129,72.99649047851562,6.0,180.0
241.0546431154335,-55.74869753220591,-23.478674410659504,72.89644622802734,6.0,180.0
241.65039044180685,-55.89177044712693,-23.76861149763917,72.79655456542969,6.0,180.0
242.408238683618,-56.140069492179855,-23.960100450649303,72.79655456542969,6.0,180.0
243.40877422547075,-56.67569916158984,-24.018049034421264,72.69662475585938,6.0,180.0
244.5252745197556,-57.25137805890655,-24.04667497108857,72.59645080566406,6.0,180.0
245.50514512159,-57.68496129769451,-24.070842449938628,72.49644470214844,6.0,180.0
246.4511744200732,-58.30960371568192,-24.114959992796067,72.39649200439453,6.0,180.0
247.72495093915347,-59.13140616180247,-24.078123789840145,72.2966537475586,6.0,180.0
249.17612822171367,-59.850401368552525,-23.82579745373854,72.19661712646484,6.0,180.0
250.6416286581819,-60.25809489437374,-23.583663365653496,72.19661712646484,6.0,180.0
252.22966952495227,-60.31829592137349,-23.50203486445803,72.0964584350586,6.0,180.0
253.54639653630204,-60.204209606612494,-23.416377261374027,71.99642944335938,6.0,180.0
254.57031184044152,-60.15293515453869,-23.36545221600617,71.89645385742188,6.0,180.0
255.7035794759244,-60.214366899719685,-23.493371956172226,71.7965316772461,6.0,180.0
256.8780637591666,-60.33770879476272,-23.605786377713137,71.6965103149414,6.0,180.0
258.0755545697495,-60.58024644332049,-23.3794580861998,71.59656524658203,6.0,180.0
259.2877354949936,-60.76681880800574,-23.01718554582033,71.49650573730469,6.0,180.0
260.18686485787896,-60.85920228439026,-22.886298505938,71.49650573730469,6.0,180.0
260.86682055049744,-61.13559414335498,-22.89364449359263,71.396484375,6.0,180.0
261.55718843491206,-61.56679676021601,-22.78175879369344,71.29656219482422,6.0,180.0
261.9970911015508,-61.92531315480768,-22.586711157675456,71.19650268554688,6.0,180.0
262.3001074570543,-62.08834120415776,-22.616279313321527,71.09651184082031,6.0,180.0
262.81549013828925,-62.10687436567463,-22.89532127004629,70.99654388427734,6.0,180.0
263.4605873330802,-62.28214151033859,-23.09189112292814,70.89643096923828,6.0,180.0
264.15812107062044,-62.72745126264997,-22.94211188909958,70.89643096923828,6.0,180.0
265.04738154479105,-63.25739215849855,-22.554594156310355,70.79654693603516,6.0,180.0
265.97881522422193,-63.68488507260312,-22.064897730288887,70.69651794433594,6.0,180.0
266.7535802877642,-63.85324630851047,-21.36910145671264,70.59647369384766,6.0,180.0
267.6102214904594,-63.84446790118961,-20.64805960108076,70.49653625488281,6.0,180.0
268.5331969683776,-63.71247856421216,-20.207393258828983,70.39644622802734,6.0,180.0
269.40663866938985,-63.46821067715429,-19.97357247842296,70.29645538330078,6.0,180.0
270.33878785257247,-63.274225828545895,-19.79206493592951,70.19651794433594,6.0,180.0
271.2374821587056,-63.16572915327852,-19.79370748936306,70.19651794433594,6.0,180.0
272.1777231620752,-63.20690069155501,-20.153263288030733,70.09652709960938,6.0,180.0
273.0782123961369,-63.50755237064264,-20.725090230537912,69.99650573730469,6.0,180.0
273.5581965349444,-64.18327361547959,-21.130309501558465,69.896484375,6.0,180.0
273.8437728724377,-65.20411973997469,-21.27880019657345,69.7965316772461,6.0,180.0
274.182108082389,-66.02746324159172,-21.33464840197934,69.69649505615234,6.0,180.0
274.6117252004793,-66.38612255039844,-21.24888471373678,69.59651184082031,6.0,180.0
275.31014620253694,-66.58226187487288,-20.98371860320022,69.49646759033203,6.0,180.0
276.0133981667456,-66.68774703273392,-20.66150930972891,69.49646759033203,6.0,180.0
276.6870975720529,-66.73727599610741,-20.169686701777408,69.39653015136719,6.0,180.0
277.8209068985103,-66.83118553196387,-19.48042692002264,69.29643249511719,6.0,180.0
279.276028398054,-66.86037652149709,-18.92794621635264,69.19664001464844,6.0,180.0
280.5691320897864,-66.77031963285864,-18.631075711613093,69.09654998779297,6.0,180.0
281.55951659374387,-66.52500061988928,-18.42885302454369,68.99644470214844,6.0,180.0
282.294871679564,-66.29681204213854,-18.19531832825524,68.89640808105469,6.0,180.0
282.9447887571111,-66.39226748184306,-17.87774052448953,68.89640808105469,6.0,180.0
283.6294308162487,-66.66159738667834,-17.465836646578932,68.79639434814453,6.0,180.0
284.43164876713365,-66.84013721646127,-17.092589360202243,68.69646453857422,6.0,180.0
285.3824182327551,-66.88831566294664,-16.94580193937772,68.59662628173828,6.0,180.0
286.38757201980417,-66.94692275760204,-17.006935998492487,68.49645233154297,6.0,180.0
287.3354370659198,-67.13741225693673,-17.202023669447055,68.39664459228516,6.0,180.0
288.0601101789659,-67.17946290452147,-17.572454127037826,68.29668426513672,6.0,180.0
288.6710337200314,-66.79813958981602,-17.999047669216978,68.19660186767578,6.0,180.0
289.45199120055133,-66.36331616513216,-18.21550183956638,68.19660186767578,6.0,180.0
290.10035136817044,-66.3922363398181,-18.239883312444352,68.0965576171875,6.0,180.0
290.52157227818225,-66.83012323948618,-18.3764495716339,67.99639892578125,6.0,180.0
291.127777327346,-67.4393414131468,-18.68612977292483,67.89643096923828,6.0,180.0
291.91933446251545,-68.12173960083226,-18.839886997076324,67.7964859008789,6.0,180.0
292.7140652852477,-68.62610794245766,-18.671202267832594,67.69657897949219,6.0,180.0
293.4675406097349,-68.79530756081888,-18.33752876279505,67.59658813476562,6.0,180.0
294.1947559304441,-68.84071023680359,-18.005142028357227,67.59658813476562,6.0,180.0
294.9359942831562,-69.02229993347295,-17.738588414503106,67.49637603759766,6.0,180.0
295.7736197432683,-69.39224232632297,-17.609047912620976,67.39654541015625,6.0,180.0
296.62139560244765,-69.7594031099287,-17.625120861707224,67.29657745361328,6.0,180.0
297.4067653681673,-69.98327703069474,-17.68276804114807,67.19654846191406,6.0,180.0
298.2952549072386,-70.1889922551702,-17.7330649951961,67.09656524658203,6.0,180.0
299.37613641947604,-70.38014938068758,-17.75180520070539,66.99647521972656,6.0,180.0
300.66379080609505,-70.52066787907276,-17.838913507736326,66.89655303955078,6.0,180.0
301.9107270378291,-70.80870085269291,-17.897495500161035,66.89655303955078,6.0,180.0
302.8423547820896,-71.29683745676162,-17.624067229786448,66.79657745361328,6.0,180.0
303.66657745713275,-71.80828309139554,-17.08907947732966,66.69640350341797,6.0,180.0
304.4454346007776,-72.12528732649963,-16.565776639216143,66.59654235839844,6.0,180.0
305.0580692768738,-72.30075994881985,-16.252186290936947,66.49646759033203,6.0,180.0
305.4482698435712,-72.50573183009273,-16.13830577853421,66.39641571044922,6.0,180.0
305.674821618231,-72.67228607264995,-16.081484410379254,66.29651641845703,6.0,180.0
306.329944214868,-72.87120958261795,-16.07213876065129,66.29651641845703,6.0,180.0
307.56263989069964,-73.15871023897553,-16.156395630386182,66.19650268554688,6.0,180.0
308.90528742132176,-73.37582956255139,-16.21157103904066,66.09669494628906,6.0,180.0
310.2501253412672,-73.57548040665229,-16.162971653429377,65.99659729003906,6.0,180.0
311.57356443311187,-73.78842472619576,-16.10368101714211,65.89644622802734,6.0,180.0
312.71227570780786,-73.78701778936899,-16.02384623848547,65.79652404785156,6.0,180.0
313.6752010582437,-73.69629678056702,-15.937002364818175,65.69644165039062,6.0,180.0
314.6979281196081,-73.82325106458546,-15.957827913677496,65.5965347290039,6.0,180.0
315.86921351091894,-74.08429047059701,-16.135463368275715,65.5965347290039,6.0,180.0
317.0991905364229,-74.25654497991057,-16.25475761578778,65.49652099609375,6.0,180.0
318.2783668588853,-74.33989175438921,-16.12013624818844,65.39643859863281,6.0,180.0
319.129080351683,-74.4780056301924,-15.943298165755886,65.2964096069336,6.0,180.0
319.6434844247528,-74.65709808836074,-15.93168130021878,65.19646453857422,6.0,180.0
320.18715725550715,-74.9184208825053,-16.156598001404817,65.0964126586914,6.0,180.0
320.83316972415406,-75.32168385256487,-16.433107878964346,64.9964828491211,6.0,180.0
321.6979333905939,-75.67606904732851,-16.55600521077764,64.896484375,6.0,180.0
322.95293856431783,-75.79599628847063,-16.58469005142112,64.896484375,6.0,180.0
324.26911573260065,-75.61482088339017,-16.594522011350225,64.79644775390625,6.0,180.0
325.5195511327119,-75.279967841173,-16.633491908531315,64.69651794433594,6.0,180.0
326.79469913598103,-75.04557220971816,-16.548815857261832,64.5965347290039,6.0,180.0
327.762181687836,-74.92124371339692,-16.30255590916524,64.49657440185547,6.0,180.0
328.41245833575005,-74.89711524107972,-16.146039653612053,64.39654541015625,6.0,180.0
329.2259235642136,-75.02433137178711,-16.1359311662692,64.2965087890625,6.0,180.0
330.2078964833039,-75.31835119720373,-16.08901756368908,64.2965087890625,6.0,180.0
331.19217348756564,-75.77069251939403,-16.073006392615078,64.19636535644531,6.0,180.0
332.3462722921668,-76.22585133253112,-16.031399264288808,64.09646606445312,6.0,180.0
333.6663199044891,-76.67118450559815,-15.599549893558276,63.99647903442383,6.0,180.0
335.0224962335517,-77.21526395200378,-14.908193304071892,63.8964958190918,6.0,180.0
336.26562227940747,-77.76270508459918,-14.265602013822726,63.79658889770508,6.0,180.0
337.20193205642244,-78.2388135473383,-13.679399077030018,63.69644546508789,6.0,180.0
337.77724267787823,-78.67372221441107,-13.137426212628066,63.59656143188477,6.0,180.0
338.0562125016709,-79.07301890563392,-12.759299423895024,63.59656143188477,6.0,180.0
338.4503938250017,-79.40812428863555,-12.706616194498618,63.49659729003906,6.0,180.0
339.22754256922224,-79.7152643033815,-12.893687216211912,63.39641952514648,6.0,180.0
340.1159217471126,-80.09912288063356,-13.029823159457868,63.29648971557617,6.0,180.0
341.06372536564294,-80.59061611707887,-13.150221887226106,63.19648742675781,6.0,180.0
342.14218553635965,-81.109267852312,-13.313954683065663,63.09654998779297,6.0,180.0
343.1020496058047,-81.47546567578812,-13.304359733640778,62.99659729003906,6.0,180.0
343.8373473612568,-81.59605835576983,-13.11646668720248,62.99659729003906,6.0,180.0
344.51984776125306,-81.6994132433155,-12.956495475975355,62.89649200439453,6.0,180.0
345.4101239450488,-82.0121388240555,-12.98255102497299,62.79653549194336,6.0,180.0
346.529884005726,-82.33377562906904,-13.040466328956018,62.69654083251953,6.0,180.0
347.7481894672135,-82.4443710678485,-12.928356485350957,62.59650039672852,6.0,180.0
349.0916393373296,-82.45916154515615,-12.63089756346339,62.49656677246094,6.0,180.0
350.4058400026263,-82.62629815816742,-12.266854314948612,62.39650344848633,6.0,180.0
351.4697009964532,-82.9342661433827,-12.075592191740697,62.29645919799805,6.0,180.0
352.4213001317495,-83.08016746787271,-11.957405708288556,62.29645919799805,6.0,180.0
353.63684922122474,-82.9586352443034,-11.79449124412445,62.19646453857422,6.0,180.0
355.0098142722455,-82.78361971722866,-11.668240630021508,62.09659576416016,6.0,180.0
356.17953052440106,-82.69235913858103,-11.561885370726628,61.99651718139648,6.0,180.0
357.133970541725,-82.69810550777046,-11.511587281874698,61.89653396606445,6.0,180.0
357.8775046933424,-82.88498400065399,-11.533694135609505,61.79648208618164,6.0,180.0
358.5510203857347,-83.34517763491081,-11.677315229282856,61.69643783569336,6.0,180.0
359.2704294497644,-84.01507010123541,-11.85102825181923,61.69643783569336,6.0,180.0
359.99830616248124,-84.70957268150175,-11.940978642270927,61.59658432006836,6.0,180.0
360.71071922124406,-85.13401714539576,-11.92671700905404,61.49640655517578,6.0,180.0
361.3948184719199,-85.08870789303893,-11.675428530848672,61.39638900756836,6.0,180.0
362.144300574027,-84.856202925109,-11.36142146211941,61.29646682739258,6.0,180.0
362.9294990423724,-84.7103483959677,-11.30545837045156,61.19649124145508,6.0,180.0
363.5180019498453,-84.61795791945501,-11.395974211327545,61.09658813476562,6.0,180.0
363.87900474885527,-84.60214174364496,-11.638025407493224,60.99652099609375,6.0,180.0
364.5137767849132,-84.77519335878767,-12.204726830896831,60.99652099609375,6.0,180.0
365.5640539570714,-85.1563893393308,-12.792654694460406,60.89669418334961,6.0,180.0
366.6175290444944,-85.70448932014646,-13.024131739397513,60.79675674438477,6.0,180.0
367.5855118718303,-86.34413375970551,-12.76563442956016,60.69644927978516,6.0,180.0
368.5666681988235,-86.90731785701276,-12.29257420213846,60.5964469909668,6.0,180.0
369.5463127393617,-87.21830509862977,-11.833260461085947,60.49643707275391,6.0,180.0
370.5426168608444,-87.39165521939363,-11.388213445319597,60.3964729309082,6.0,180.0
371.595708839225,-87.70117962180196,-11.137633970956026,60.29653549194336,6.0,180.0
372.5934748865086,-88.1084647782567,-11.052156730961968,60.29653549194336,6.0,180.0
373.3672010173424,-88.48307820830117,-10.940816485739138,60.19643020629883,6.0,180.0
374.0616070128452,-88.72182693656558,-10.7118916141479,60.09651184082031,6.0,180.0
375.1621706734875,-88.79946462068456,-10.44004621018128,59.99651336669922,6.0,180.0
376.7979975835845,-88.86800009502007,-10.322931668332892,59.89643859863281,6.0,180.0
378.4849251803058,-88.96646212159983,-10.344626695491268,59.79651641845703,6.0,180.0
379.87880487886366,-89.01464936657617,-10.274031934277122,59.69651031494141,6.0,180.0
381.10238253012255,-88.99856651514494,-10.099911617423292,59.69651031494141,6.0,180.0
382.1872909769651,-88.97919848606405,-9.978833493250594,59.59645843505859,6.0,180.0
383.0976102656472,-89.10884521333037,-9.818075468695866,59.49659729003906,6.0,180.0
384.09546722912063,-89.41221377884298,-9.6227661298972,59.3965950012207,6.0,180.0
385.3065758607603,-89.65649911183075,-9.547329064431054,59.2965087890625,6.0,180.0
386.5826782151128,-89.8066244363652,-9.529100451577303,59.19656753540039,6.0,180.0
387.74886947258096,-90.01151885135187,-9.587573318746818,59.09646606445312,6.0,180.0
388.8074943620529,-90.25245894608288,-9.826363104467148,58.99656295776367,6.0,180.0
389.8950952190043,-90.41247879772536,-9.985311280428611,58.99656295776367,6.0,180.0
390.90404079154615,-90.52939693685312,-9.770742508673454,58.89662551879883,6.0,180.0
391.8281631052925,-90.79962969750048,-9.386050771722816,58.79646682739258,6.0,180.0
392.815608769519,-91.17020859000417,-9.144791271602347,58.69647216796875,6.0,180.0
393.7534425622714,-91.4556643623598,-9.171271078585502,58.59645080566406,6.0,180.0
394.5236269950824,-91.70637162403678,-9.387619988568428,58.49661254882812,6.0,180.0
395.1948284762595,-92.1525156676548,-9.709647142408562,58.39653015136719,6.0,180.0
395.7874370750344,-92.79951486432309,-9.961960957701065,58.39653015136719,6.0,180.0
396.2807150763952,-93.33689804321192,-9.936674345304452,58.29640579223633,6.0,180.0
396.8195070641383,-93.6162697621468,-9.907177608157848,58.19650650024414,6.0,180.0
397.657547038393,-93.66690316471282,-9.866334700681964,58.09651947021484,6.0,180.0
398.83673867990245,-93.62739363076408,-9.525763680819722,57.99654769897461,6.0,180.0
400.0335062971122,-93.64759415778414,-8.948810936711212,57.89649200439453,6.0,180.0
400.90557435921545,-93.77131505644223,-8.327766580793819,57.79648590087891,6.0,180.0
401.54380845322873,-93.98148322760252,-7.723154659042299,57.69660186767578,6.0,180.0
402.18599994919146,-94.11693714983024,-7.146226904378233,57.69660186767578,6.0,180.0
402.7952307466422,-94.13118286649502,-6.636488165455182,57.59652328491211,6.0,180.0
403.3897233210754,-94.28122893826584,-5.960117105890657,57.49653625488281,6.0,180.0
404.1490786622117,-94.5423758681594,-5.222978536691668,57.39656829833984,6.0,180.0
405.2515946265939,-94.77887781272848,-4.8558347787834,57.29645156860352,6.0,180.0
406.4975588351526,-95.208969902617,-4.9448012594923325,57.19649887084961,6.0,180.0
407.35276954386967,-95.84630422186191,-5.112712096838762,57.09640502929688,6.0,180.0
407.8393682299229,-96.5115117210671,-5.041287568622474,57.09640502929688,6.0,180.0
408.4082077642653,-97.05856587207528,-4.820994272805127,56.99646377563477,6.0,180.0
409.1261911403273,-97.33968721352323,-4.501822933395031,56.8965950012207,6.0,180.0
409.9249213641449,-97.41452147201424,-4.200183508990013,56.79651260375977,6.0,180.0
410.8026058336843,-97.62745180754987,-4.034252627213863,56.69653701782227,6.0,180.0
411.8289680956116,-98.18397998449504,-4.008572008875033,56.59647369384766,6.0,180.0
413.126814548019,-98.92699756516622,-3.9890428965996265,56.49648284912109,6.0,180.0
414.4871854916576,-99.61632135573709,-3.918576514984713,56.39655685424805,6.0,180.0
415.7276918126183,-100.11836861794032,-3.760410444575786,56.39655685424805,6.0,180.0
416.9822328610232,-100.43342893979872,-3.418011021919133,56.29643249511719,6.0,180.0
418.1568454838669,-100.59383901650789,-3.0054388149935902,56.19652557373047,6.0,180.0
419.075556828834,-100.7283557813776,-2.706068446292824,56.09656143188477,6.0,180.0
419.91589161301886,-100.79249377113348,-2.765615506495608,55.99654388427734,6.0,180.0
420.7480572304783,-100.62260566603346,-3.160423074641902,55.89650726318359,6.0,180.0
421.557300969457,-100.40318895980954,-3.7733212939175353,55.79645538330078,6.0,180.0
422.512336101159,-100.31372144251456,-4.330885429527367,55.79645538330078,6.0,180.0
423.6131318863376,-100.34559647861025,-4.477719517377052,55.69646453857422,6.0,180.0
424.7240128782163,-100.51260284473877,-4.453600298336532,55.59647369384766,6.0,180.0
425.89355076222,-100.84212966882946,-4.63384692267741,55.49658584594727,6.0,180.0
427.1659385926652,-101.2658884196538,-5.03243082432644,55.39652633666992,6.0,180.0
428.50905593580046,-101.5442753758282,-5.354311615549481,55.29640197753906,6.0,180.0
429.7373853559198,-101.63689671729436,-5.373104074961788,55.196533203125,6.0,180.0
430.5365936983369,-101.6450218841627,-5.264740778542254,55.09643173217773,6.0,180.0
430.9614786518489,-101.5289638583437,-5.370576336136379,55.09643173217773,6.0,180.0
431.349825148841,-101.4580210285246,-5.595218217374284,54.99651336669922,6.0,180.0
431.8573794054544,-101.54490257949855,-5.677007225013403,54.89654922485352,6.0,180.0
432.38443081896907,-101.68648747998418,-5.5945140563737725,54.79644775390625,6.0,180.0
432.9909992970919,-101.84880380953682,-5.335206325038326,54.69645690917969,6.0,180.0
433.8086719466434,-101.97957340983147,-4.894184892147149,54.59646987915039,6.0,180.0
434.6311760516278,-102.071692078935,-4.451934943808293,54.49658966064453,6.0,180.0
435.23479145735735,-102.22617212607416,-4.061498682852083,54.39649200439453,6.0,180.0
435.6588083002268,-102.5273708784486,-3.501042456331757,54.39649200439453,6.0,180.0
436.2578694216439,-102.85288085260795,-3.0917864067351,54.29640579223633,6.0,180.0
437.202995255269,-103.05471000641568,-3.246586613362894,54.1965217590332,6.0,180.0
438.3333151111496,-103.244829200087,-3.824048622054366,54.09651565551758,6.0,180.0
439.5905509556153,-103.4754361567418,-4.3943693518155404,53.99650955200195,6.0,180.0
440.89600828603335,-103.58889091989444,-4.628878959841282,53.89643478393555,6.0,180.0
442.07388908945046,-103.60414479354074,-4.623389650175205,53.79649353027344,6.0,180.0
443.0729226946796,-103.7823101801123,-4.474975993350236,53.79649353027344,6.0,180.0
443.90517578999584,-104.11061545880736,-4.291763337223457,53.69651031494141,6.0,180.0
444.598888112341,-104.3316734153758,-4.3056848392608,53.59661483764648,6.0,180.0
445.1885879729418,-104.49045818950414,-4.412060355490645,53.49668502807617,6.0,180.0
445.6651002028969,-104.69438983673808,-4.311822565718356,53.39643096923828,6.0,180.0
446.0306406958406,-104.86189107157584,-4.143413714273728,53.29645538330078,6.0,180.0
446.2099172187497,-104.96879718820662,-4.012937422683836,53.19647598266602,6.0,180.0
446.3481001841281,-105.02554853759506,-3.750221846512765,53.09649658203125,6.0,180.0
446.66504019633726,-105.0171306666678,-3.350004928308348,53.09649658203125,6.0,180.0
447.2355324712353,-105.0237854881304,-2.793158859442899,52.99662399291992,6.0,180.0
448.0630639402996,-105.09669180960452,-2.2230064607471487,52.89640808105469,6.0,180.0
448.9935885586063,-105.28095039280916,-1.8324552606715965,52.79645538330078,6.0,180.0
449.82221917864655,-105.63286340813433,-1.6288135322720405,52.6965217590332,6.0,180.0
450.3846074611511,-105.98625397024114,-1.612772325124927,52.59656143188477,6.0,180.0
450.62185521111553,-106.20562365578655,-1.6256937602843418,52.49674224853516,6.0,180.0
450.6356878743785,-106.30235379887094,-1.4609328201955654,52.49674224853516,6.0,180.0
450.4440761228802,-106.41802855878812,-1.148563394267835,52.39672088623047,6.0,180.0
450.0085114774363,-106.6757445140406,-0.703775058891924,52.29659271240234,6.0,180.0
449.5178617703228,-106.98881435951895,-0.0774776352621735,52.19649887084961,6.0,180.0
449.08402816261486,-107.23536354589685,0.6194764959126906,52.09635543823242,6.0,180.0
448.8881856382808,-107.41919340802188,1.206968847373604,51.99646759033203,6.0,180.0
449.5377172189041,-107.73127698101536,1.4174525953401034,51.89654922485352,6.0,180.0
450.9586808236928,-108.01900233658962,1.3782460953685467,51.79644012451172,6.0,180.0
452.075151286941,-108.11454228035744,1.3697351078049511,51.79644012451172,6.0,180.0
452.86258759296265,-108.20752427179674,1.2170558780797456,51.69656372070312,6.0,180.0
453.93284814337926,-108.27848910111852,0.9345158389673128,51.59654235839844,6.0,180.0
455.177565622306,-108.36684259101764,0.6506456048813432,51.49650573730469,6.0,180.0
456.53385859982177,-108.61302438171111,0.5956957162385121,51.39662933349609,6.0,180.0
458.14095750214574,-108.949281610866,0.7683637540641701,51.29664993286133,6.0,180.0
459.8067765975856,-109.16413506882394,0.6301001499882908,51.1964111328125,6.0,180.0
460.904515040501,-109.11531970717846,0.2221284363064417,51.1964111328125,6.0,180.0
461.5800859548449,-108.9395188841412,-0.085033718533416,51.09652328491211,6.0,180.0
462.4510808426009,-108.95410697450896,-0.2671937014437455,50.99641418457031,6.0,180.0
463.3780404333209,-109.14932376898606,-0.2620908458026676,50.89646911621094,6.0,180.0
464.120084207947,-109.3400717482926,0.0368816018363769,50.79652404785156,6.0,180.0
464.7205847618501,-109.64633795593744,0.4094724623310584,50.69645309448242,6.0,180.0
465.3460278208063,-110.06731925818542,0.6683173532965756,50.59653854370117,6.0,180.0
466.2824286384685,-110.45078499560202,0.9965359313911066,50.4964599609375,6.0,180.0
467.4090659854151,-110.70180630447808,1.431461466456983,50.4964599609375,6.0,180.0
468.3289051254944,-110.8139256868763,1.6137694881892637,50.39657592773438,6.0,180.0
469.2197880160127,-110.9499892456713,1.413298478858101,50.29658889770508,6.0,180.0
470.4143921203672,-111.30578562896588,1.221488006959817,50.19637298583984,6.0,180.0
471.8022787442396,-111.91589411920025,1.2269419742328478,50.09643936157227,6.0,180.0
473.1548759294837,-112.62661501983392,1.2307377510506683,49.99644088745117,6.0,180.0
474.4181786005279,-113.24343822480682,1.2884209244640634,49.89652252197266,6.0,180.0
475.5417894531343,-113.61328411372058,1.4864340195410826,49.79664611816406,6.0,180.0
476.4229097300233,-113.69055121071972,1.5179520824334292,49.79664611816406,6.0,180.0
477.0589402012116,-113.51214705666834,1.2630700192655877,49.69646453857422,6.0,180.0
477.684722143987,-113.37436201791247,0.9294935255077168,49.596435546875,6.0,180.0
478.393892694621,-113.55718257460498,0.6406021891555849,49.49661636352539,6.0,180.0
478.9980914083299,-113.89417917599992,0.4733539958544592,49.39655685424805,6.0,180.0
479.67001985519227,-114.1936979056225,0.4660453775657376,49.29638290405273,6.0,180.0
480.6807563400752,-114.39268747648978,0.4693913963901228,49.19637680053711,6.0,180.0
481.8006857244042,-114.4688580130971,0.5388899289161366,49.19637680053711,6.0,180.0
482.9129355000634,-114.63195658015675,0.7621727228322204,49.09648132324219,6.0,180.0
484.0321470796336,-114.82545989282698,1.013205901937969,48.99650955200195,6.0,180.0
484.9010810544712,-114.7819873861409,1.245144295668228,48.89648056030273,6.0,180.0
485.5656187754533,-114.76024732534827,1.3328263552399229,48.79650115966797,6.0,180.0
486.175679944905,-114.87851419990676,1.263862149192286,48.69649887084961,6.0,180.0
486.6260249161073,-114.91266079620304,1.1373840157781236,48.5965576171875,6.0,180.0
486.9556063375905,-115.02728030274702,0.8939431797491451,48.49657821655273,6.0,180.0
487.3540431443542,-115.32375313473412,0.6405417803708797,48.49657821655273,6.0,180.0
487.7402206818455,-115.67731719322155,0.5850316593383695,48.39642333984375,6.0,180.0
488.0774988733059,-116.12171927714296,0.624192200077609,48.29642868041992,6.0,180.0
488.55844799935824,-116.56742579803064,0.6898122244119889,48.19648742675781,6.0,180.0
489.3594450694436,-116.96574694091912,0.8182027011497293,48.09652328491211,6.0,180.0
490.6253558400415,-117.36503954151316,0.8482952307978495,47.99662780761719,6.0,180.0
491.9748705334982,-117.6100201184258,0.7873544498530625,47.89653015136719,6.0,180.0
492.9840578036361,-117.6825969516793,0.7862469719398524,47.89653015136719,6.0,180.0
493.9635447843697,-117.75097290747568,0.6453824153674428,47.79656982421875,6.0,180.0
494.902544018109,-117.8301159521316,0.2274686638247836,47.69655990600586,6.0,180.0
495.5568879709916,-117.92586442220716,-0.1489146321622025,47.59646987915039,6.0,180.0
496.1475738981164,-118.14755542795628,-0.2119273471783271,47.49662780761719,6.0,180.0
496.7490047293323,-118.48478484685374,0.0108426170248772,47.39663314819336,6.0,180.0
497.324501188649,-118.70450388688973,0.3423789892265239,47.29652404785156,6.0,180.0
497.8830236362805,-118.75530780413072,0.6930235576794352,47.19657135009766,6.0,180.0
498.5055390038043,-118.8029942219229,1.0514354970414097,47.19657135009766,6.0,180.0
499.2309597150873,-118.7991222575077,1.4834477395014931,47.09663391113281,6.0,180.0
499.8181632770428,-118.66965118060187,2.1387050763978124,46.99648666381836,6.0,180.0
500.0577979329482,-118.48062689370188,2.883799724495608,46.89644622802734,6.0,180.0
499.993076698643,-118.31243105259568,3.4925277139351976,46.79639434814453,6.0,180.0
499.908856495671,-118.1660320197802,3.979569688125231,46.69672012329102,6.0,180.0
500.110818392285,-118.0241951261281,4.321871753103361,46.59655380249023,6.0,180.0
500.3859066099987,-117.93122830239008,4.609102177391252,46.59655380249023,6.0,180.0
500.6836398377456,-117.90578099474268,4.899911470119236,46.49633407592773,6.0,180.0
501.32491494674974,-117.9936518311327,4.998674111887294,46.39648818969727,6.0,180.0
502.0336457855655,-118.32333382889524,4.995961398943503,46.29645538330078,6.0,180.0
502.5913479247711,-118.86433509707972,5.099429065955508,46.19650650024414,6.0,180.0
503.32437929558216,-119.32224984390577,5.298266006424194,46.09648895263672,6.0,180.0
504.3143745899529,-119.47574760063053,5.336640547181916,45.9965934753418,6.0,180.0
505.149294533229,-119.3987057873783,5.069857482482428,45.8967170715332,6.0,180.0
505.6967124336049,-119.4778444532178,4.678940036470747,45.8967170715332,6.0,180.0
506.31454031015886,-119.92207847575996,4.306929617205311,45.7965202331543,6.0,180.0
507.18432381100087,-120.45764951270893,4.022382195735237,45.69664764404297,6.0,180.0
507.9934288522037,-120.718124359542,3.7244268758200825,45.59651565551758,6.0,180.0
508.3109344448627,-120.57412136840824,3.3617669152677863,45.49636459350586,6.0,180.0
508.3666544451099,-120.181376898523,2.97843449597503,45.39648056030273,6.0,180.0
508.7458304137807,-119.8538528514729,2.565449315499983,45.29634475708008,6.0,180.0
509.4397863121659,-119.92224248368396,2.289085322222848,45.19637680053711,6.0,180.0
510.3925203861711,-120.40064013566254,2.0747561332009337,45.19637680053711,6.0,180.0
511.6070978349795,-121.07963126501642,1.8286664239316828,45.09641647338867,6.0,180.0
512.5934001112784,-121.65795767386152,1.810307827469384,44.99641036987305,6.0,180.0
513.2404853811873,-121.8343654419435,1.9965716574852004,44.89651870727539,6.0,180.0
513.7111863538673,-121.7559433385723,2.0539552005126933,44.79653930664062,6.0,180.0
514.1173172994454,-121.67646429305502,1.8905954617550256,44.69656372070312,6.0,180.0
514.7677598295188,-121.62548431182444,1.672469817682107,44.59641647338867,6.0,180.0
515.7336251518517,-121.553918755362,1.4581786120061344,44.59641647338867,6.0,180.0
516.947093189864,-121.51243068010751,1.1284633944101632,44.49643707275391,6.0,180.0
517.9959579039584,-121.65653941118482,0.6288174078986248,44.39656829833984,6.0,180.0
518.2730394303122,-121.80395786214808,0.091307407509197,44.29640579223633,6.0,180.0
517.9029461212771,-121.73196008212057,-0.3812815612576408,44.19649124145508,6.0,180.0
517.4541690622904,-121.5114129096817,-0.679618233993867,44.09651184082031,6.0,180.0
517.235044517672,-121.3509549050787,-0.7022642804966281,43.99655914306641,6.0,180.0
517.2968348683314,-121.465252812048,-0.600081534559433,43.89656066894531,6.0,180.0
517.6680698111386,-121.84201155777322,-0.5622718212903037,43.89656066894531,6.0,180.0
518.2479297405224,-122.2916616094806,-0.5553556417268357,43.79660415649414,6.0,180.0
519.0277981324921,-122.69306499892824,-0.5744320432768801,43.69660949707031,6.0,180.0
520.1464124201549,-123.00167125051674,-0.8718565961689277,43.5965576171875,6.0,180.0
521.1144824720961,-123.09224364235638,-1.3206344920210604,43.49670791625977,6.0,180.0
521.4248598072385,-122.93975417315008,-1.3252243650621631,43.39651489257812,6.0,180.0
521.5886941468362,-122.72889958891088,-0.8309574738097414,43.29644012451172,6.0,180.0
522.0131038505241,-122.5671622425668,-0.2930616634268275,43.29644012451172,6.0,180.0
522.4794822514891,-122.43453543922844,-0.060511001253277,43.19647216796875,6.0,180.0
522.7758684076489,-122.43614185372924,-0.15657860643977,43.09635162353516,6.0,180.0
522.6781204879767,-122.45634347370245,-0.2302562828106076,42.99657821655273,6.0,180.0
522.3219999793236,-122.15726679432764,-0.0555959951392686,42.89676666259766,6.0,180.0
521.9902352744241,-121.68827003483452,0.3637555105980166,42.79662322998047,6.0,180.0
521.4815238337419,-121.3852552839488,0.9469703851690032,42.69630432128906,6.0,180.0
520.207366581369,-121.101744328485,1.4769622348006537,42.59626388549805,6.0,180.0
517.7132968299254,-120.5302279214216,1.9604498960911336,42.59626388549805,6.0,180.0
514.6108561495622,-119.87395310583229,2.5013169231379666,42.49650573730469,6.0,180.0
512.4100869775921,-119.6229672552017,2.801814990857167,42.39669799804688,6.0,180.0
511.8384196480629,-119.91092245200596,2.463567075956456,42.29641342163086,6.0,180.0
512.1755789853421,-120.30447277240243,1.6094503617904463,42.19644165039062,6.0,180.0
513.1289196141832,-120.44200200135693,0.6413507822946065,42.09646987915039,6.0,180.0
515.045821237357,-120.50643181229508,-0.2031209141666727,41.99670028686523,6.0,180.0
517.2655738757192,-120.65291154802216,-0.8012061229761875,41.99670028686523,6.0,180.0
519.1069473267212,-120.83093936596586,-1.107156364650728,41.89662933349609,6.0,180.0
520.7161881173181,-121.15613078258868,-1.1730837075223493,41.79638290405273,6.0,180.0
522.1090571587101,-121.6876117223384,-1.205142500179352,41.69645309448242,6.0,180.0
522.8872265547834,-122.1284174578781,-1.2023631108204906,41.596435546875,6.0,180.0
523.0129486213485,-122.325190676035,-0.8801634283566253,41.49642562866211,6.0,180.0
522.9427527358397,-122.44624090168594,-0.4564876692452366,41.39646148681641,6.0,180.0
522.710955892735,-122.57072773059578,-0.419146898925768,41.29649353027344,6.0,180.0
521.9127521800418,-122.55404676223564,-0.6073912673062183,41.29649353027344,6.0,180.0
520.2974376389199,-122.23732798204288,-0.6285817216942813,41.19649505615234,6.0,180.0
518.234577962259,-121.77772087210997,-0.5825058141918333,41.0965576171875,6.0,180.0
516.817478951846,-121.5420153394446,-0.8677310823633126,40.99664306640625,6.0,180.0
516.9014129282104,-121.62416980752904,-1.6870591550776086,40.89644622802734,6.0,180.0
518.2222437769243,-121.90571261825946,-2.8642663792927223,40.79644393920898,6.0,180.0
519.8536009344753,-122.379915212978,-4.106433593369708,40.69644546508789,6.0,180.0
521.1905786157622,-123.00851758529414,-5.101727506043059,40.69644546508789,6.0,180.0
522.2172204703413,-123.595645103934,-5.5643477270865045,40.59637451171875,6.0,180.0
523.0261951294008,-123.94120984272716,-5.587661736034206,40.4965705871582,6.0,180.0
523.6779050058092,-124.10592679926005,-5.500837935711076,40.39657592773438,6.0,180.0
524.4637587880694,-124.27483992957524,-5.596474110643399,40.29646682739258,6.0,180.0
525.5281379872476,-124.41949079182037,-5.930929073625097,40.19649887084961,6.0,180.0
526.8931407203813,-124.519128369492,-6.380932667431623,40.09647750854492,6.0,180.0
528.3182136712957,-124.54843119919032,-6.962182315737885,39.9965934753418,6.0,180.0
529.5840050436235,-124.5666229457068,-7.678144303682095,39.9965934753418,6.0,180.0
530.9184049823953,-124.59103356926737,-8.469476003456311,39.8964958190918,6.0,180.0
532.0213522479066,-124.43587990156166,-9.233505515809252,39.79641723632812,6.0,180.0
532.5616734870868,-124.20280385438876,-9.86480580513932,39.69647979736328,6.0,180.0
532.8872257777348,-123.9957439646602,-10.295491030321074,39.59654998779297,6.0,180.0
533.6245451857758,-123.80919083326124,-10.564761908002724,39.49627304077148,6.0,180.0
534.8966321464967,-123.77208194405355,-10.79739479220307,39.39638137817383,6.0,180.0
536.0603473050528,-123.85524010716928,-10.910760418873355,39.29653930664062,6.0,180.0
536.8154316466446,-123.98047113919044,-11.013909182200898,39.29653930664062,6.0,180.0
537.3270113457447,-124.19601694160012,-11.444030657510329,39.19665908813477,6.0,180.0
537.5929267824662,-124.51845302184417,-12.087473677752367,39.09648132324219,6.0,180.0
537.4791636519643,-124.93435981200544,-12.495604196660432,38.99661254882812,6.0,180.0
537.2639919578903,-125.3582277225361,-12.527084066937908,38.89669799804688,6.0,180.0
537.5514390179696,-125.61364934041154,-12.460937122256544,38.79654312133789,6.0,180.0
538.5453715550708,-125.65998177139052,-12.56633992216895,38.69657516479492,6.0,180.0
539.8179629323363,-125.65954639723896,-12.875128166516191,38.69657516479492,6.0,180.0
540.7834639959865,-125.63750634319914,-13.18500678707199,38.59653472900391,6.0,180.0
541.0872982539311,-125.53533092063672,-13.21739667548134,38.49649810791016,6.0,180.0
540.5652155785999,-125.50027120062546,-12.945834403118548,38.39656066894531,6.0,180.0
539.4940976621095,-125.6252013541998,-12.669694520616272,38.29647827148438,6.0,180.0
538.3397779121215,-125.70334779799865,-12.713350287231943,38.19651794433594,6.0,180.0
537.2463612835102,-125.52318767681074,-13.051464400166967,38.0965690612793,6.0,180.0
536.2646492519535,-125.24435190388375,-13.357361269922649,37.99649047851562,6.0,180.0
535.6144446906366,-125.12852939978391,-13.530285560238209,37.99649047851562,6.0,180.0
535.4699044758266,-125.09732453964196,-13.863487565934417,37.89649963378906,6.0,180.0
535.8243191344037,-125.01972969115822,-14.5645212857738,37.79642868041992,6.0,180.0
536.7058767085339,-124.98410722700488,-15.394219226185532,37.69649505615234,6.0,180.0
537.9717036779277,-124.88949687178597,-15.897211757454276,37.59644317626953,6.0,180.0
539.1839648751393,-124.6289586455469,-15.941672377370312,37.49649429321289,6.0,180.0
540.197211138465,-124.41490887398184,-15.73148857362566,37.39651489257812,6.0,180.0
541.011302215586,-124.3727509989582,-15.419403419151866,37.39651489257812,6.0,180.0
541.4149023422575,-124.50259340743474,-15.198808027191925,37.29648208618164,6.0,180.0
541.3766801047278,-124.84222723841332,-15.297778441487084,37.19643402099609,6.0,180.0
541.1159934297243,-125.2163012487015,-15.7983649097702,37.09658432006836,6.0,180.0
540.7914355074691,-125.2084549443466,-16.695792452719008,36.99656295776367,6.0,180.0
540.7256277294019,-124.761017264585,-17.821588538026976,36.89656448364258,6.0,180.0
541.155105289767,-124.26086024751038,-18.724740814852623,36.79659271240234,6.0,180.0
541.7932773018682,-123.95709778655495,-19.237345236815354,36.69647216796875,6.0,180.0
542.4126543585057,-123.86397973737157,-19.584993274610493,36.69647216796875,6.0,180.0
542.9237640133736,-123.88455401411169,-19.925711171212257,36.59661102294922,6.0,180.0
543.1369566094307,-123.88237398781511,-20.238576394137507,36.49662780761719,6.0,180.0
542.9902786889478,-123.89181947512934,-20.39799856698847,36.39644241333008,6.0,180.0
542.6323484348997,-124.02989452774776,-20.543009215047693,36.29653930664062,6.0,180.0
542.200530233257,-124.32468768159065,-20.709327223530657,36.19649124145508,6.0,180.0
541.7405705332097,-124.58579361935696,-20.578324746027267,36.09660339355469,6.0,180.0
541.1271809596699,-124.63974951119012,-20.13241513850121,36.09660339355469,6.0,180.0
540.4231732778081,-124.6486631748956,-19.85698824625248,35.99657440185547,6.0,180.0
539.9647301815121,-124.66821471500305,-20.15276495286648,35.89639663696289,6.0,180.0
539.8936717028105,-124.67364182208428,-20.841468474589764,35.79648208618164,6.0,180.0
540.3372688224154,-124.71002432504348,-21.37702009532813,35.69644165039062,6.0,180.0
541.0747721268636,-124.63200860643344,-21.630773643312143,35.59654235839844,6.0,180.0
541.5915433862941,-124.51693904456062,-21.75122559244136,35.49654006958008,6.0,180.0
541.6077318416378,-124.45876295695474,-21.77157131146569,35.39644622802734,6.0,180.0
541.4854827227194,-124.2108282547112,-21.816760836516224,35.39644622802734,6.0,180.0
541.8427584554219,-123.84343631661996,-21.91238948387966,35.29644775390625,6.0,180.0
542.327193472742,-123.51666594412124,-22.08913300657253,35.19643402099609,6.0,180.0
542.54563313936,-123.1298393764271,-22.233059288511743,35.09645462036133,6.0,180.0
542.8113147113307,-122.7595295249385,-22.22692151578867,34.99646377563477,6.0,180.0
543.1594556584323,-122.51449978025484,-22.2948257062588,34.89656829833984,6.0,180.0
543.4450199323269,-122.3429625611928,-22.693801750353344,34.79648208618164,6.0,180.0
543.6209244143971,-122.2005097285496,-23.45962142220738,34.69647979736328,6.0,180.0
543.6950959083724,-122.13730364468736,-24.25762384861612,34.69647979736328,6.0,180.0
543.8254856064523,-122.26239356051336,-24.96009589894449,34.59651565551758,6.0,180.0
544.0558966053495,-122.47970490657714,-25.7097848860105,34.49641799926758,6.0,180.0
544.1217848417649,-122.60057683628206,-26.39955712594866,34.39649200439453,6.0,180.0
543.6171071738534,-122.7321559260068,-26.865303622612377,34.2965087890625,6.0,180.0
542.5008452623697,-122.93171013176406,-27.022173577136417,34.19647598266602,6.0,180.0
541.1437968048365,-122.92721129073055,-26.932409150071805,34.09659957885742,6.0,180.0
539.8592397015037,-122.5991768645934,-26.78615796958657,34.09659957885742,6.0,180.0
538.618773133276,-122.12140348599898,-26.69147432794729,33.99654388427734,6.0,180.0
537.4084905010882,-121.75441219514522,-26.659751183467183,33.8964958190918,6.0,180.0
536.5255012879185,-121.5457841843414,-26.68325970016759,33.79658126831055,6.0,180.0
536.3558007070618,-121.42662755206376,-26.93807851096484,33.69649505615234,6.0,180.0
536.9573933799536,-121.3879684410143,-27.49628553447932,33.59659194946289,6.0,180.0
537.9897514935934,-121.3270647611897,-28.05312650646148,33.49651336669922,6.0,180.0
538.9392063382716,-121.30186747119885,-28.431020304017565,33.39641189575195,6.0,180.0
539.4847554132667,-121.41463886564723,-28.61257974958827,33.39641189575195,6.0,180.0
539.7763498360358,-121.59818464717029,-28.560613286799484,33.29657363891602,6.0,180.0
539.8287031815819,-121.782230729796,-28.418083347932683,33.19656753540039,6.0,180.0
539.3241591665187,-121.89652261001882,-28.42066753753954,33.09660339355469,6.0,180.0
538.2605385066062,-121.82299956633224,-28.589496516315247,32.99651718139648,6.0,180.0
536.8541577216637,-121.56722783048107,-28.809675406770072,32.89648056030273,6.0,180.0
535.0880189904079,-121.34044530467273,-28.971479887505783,32.7963981628418,6.0,180.0
533.3110368731687,-121.1428881166346,-29.08661006889968,32.7963981628418,6.0,180.0
532.4158171916819,-120.97770850001923,-29.3912245120046,32.69651794433594,6.0,180.0
532.619834771863,-120.95314698860474,-29.987799397761204,32.5965461730957,6.0,180.0
533.199624135309,-120.88602960758332,-30.9573158166492,32.49647903442383,6.0,180.0
533.6400810913827,-120.782383760647,-32.29103453904322,32.39658737182617,6.0,180.0
533.852436489243,-120.89915858895108,-33.50766096342071,32.29645919799805,6.0,180.0
533.8648350032852,-121.1895647221793,-34.19047613555512,32.19656372070312,6.0,180.0
533.7513286553894,-121.28817086410102,-34.35273420209298,32.0965576171875,6.0,180.0
533.6113338370999,-121.14629417597914,-34.38807155880435,32.0965576171875,6.0,180.0
533.4039572292018,-121.04746222848853,-34.55000010419429,31.9964542388916,6.0,180.0
532.8649353273098,-120.89246590254238,-34.773761244967766,31.89657402038574,6.0,180.0
531.9714347283536,-120.48473321678289,-35.077213160058044,31.79647064208984,6.0,180.0
530.9142863128704,-119.9281108406755,-35.28253215106312,31.69650840759277,6.0,180.0
529.8218502507242,-119.3623288763762,-35.25291763466225,31.59664535522461,6.0,180.0
528.8366182609749,-118.95671967550967,-35.235287973410124,31.49650573730469,6.0,180.0
528.1957871774997,-118.6522858391652,-35.47776106165377,31.49650573730469,6.0,180.0
527.9776237399051,-118.30853281984209,-36.12735516484471,31.39657783508301,6.0,180.0
528.030419622033,-118.05597783394374,-36.96471398300709,31.29647254943848,6.0,180.0
528.0768729352484,-117.9935622063986,-37.56023294130157,31.196533203125,6.0,180.0
527.8821962907517,-118.07640292599336,-37.79093887020748,31.09664726257324,6.0,180.0
527.579293205133,-118.18256493565778,-37.777162841683584,30.99638748168945,6.0,180.0
527.185619658891,-118.29428907645658,-37.61457426130066,30.89644622802734,6.0,180.0
526.4750801059769,-118.25175103428631,-37.38382759288907,30.79651069641113,6.0,180.0
525.5765406546831,-117.93046875423885,-37.38786726248541,30.79651069641113,6.0,180.0
524.6328796581704,-117.56486960141424,-37.6477397579086,30.69658279418945,6.0,180.0
523.7109942776387,-117.2219154958657,-37.87925225460006,30.59674453735352,6.0,180.0
522.8925760157114,-116.8791530426496,-38.10090559811092,30.4966926574707,6.0,180.0
522.1168350003744,-116.60578728061935,-38.4320511741508,30.39658355712891,6.0,180.0
521.3780790956066,-116.29465339640512,-38.79936264441892,30.29645919799805,6.0,180.0
520.7225937805975,-115.93405660586924,-39.28593210237885,30.19637107849121,6.0,180.0
520.2074750521606,-115.77974529852328,-40.03779418951684,30.09642791748047,6.0,180.0
519.8172642987823,-115.82813970761462,-40.79484333023306,30.09642791748047,6.0,180.0
519.5336876833676,-115.80578555818322,-41.19563252523402,29.9964714050293,6.0,180.0
519.1912176108931,-115.52118782602464,-41.122880636627485,29.89643287658691,6.0,180.0
518.5138555074669,-114.9957366301586,-40.768037088346425,29.79643821716309,6.0,180.0
517.5787488480479,-114.5091522287011,-40.49780504246726,29.6965389251709,6.0,180.0
516.5031293909279,-114.28647856412437,-40.458236865529386,29.59647941589355,6.0,180.0
515.351733703499,-114.4189211575889,-40.46214336473968,29.49647331237793,6.0,180.0
514.3266688026714,-114.76100405447532,-40.45402666490354,29.49647331237793,6.0,180.0
513.3854672365027,-115.0253942439318,-40.50448413914683,29.39648818969727,6.0,180.0
512.5067190584988,-115.05694517696752,-40.53722771787692,29.29644966125488,6.0,180.0
511.9272708038462,-114.83996988039002,-40.70334504582453,29.1965217590332,6.0,180.0
511.6899390619434,-114.687635967265,-41.04004421122506,29.09642791748047,6.0,180.0
511.5459736960338,-114.7286231478174,-41.32162410306133,28.99642753601074,6.0,180.0
511.3221144762758,-114.82842968487272,-41.52052388482156,28.89648628234863,6.0,180.0
510.9973358282796,-114.95776364102495,-41.57537169889839,28.79652214050293,6.0,180.0
510.4206274959069,-114.90948992949606,-41.53757768911717,28.79652214050293,6.0,180.0
509.46891996404463,-114.5374724831676,-41.652908592107856,28.69651031494141,6.0,180.0
508.2587544657527,-113.92517651995384,-41.749680045386455,28.59652900695801,6.0,180.0
506.8575643718162,-113.15472717615026,-41.62886211879757,28.49647521972656,6.0,180.0
505.3006604982045,-112.43232309701892,-41.629672500859634,28.39639472961426,6.0,180.0
504.09642437771294,-111.8976807941104,-41.798019696734166,28.29656410217285,6.0,180.0
503.5569516419959,-111.43696076546256,-41.91659573553425,28.19649124145508,6.0,180.0
503.19293282819245,-111.0252324127486,-42.119553438002704,28.19649124145508,6.0,180.0
502.7567018063028,-110.70358944987692,-42.54954351922619,28.09647941589355,6.0,180.0
502.4056931651056,-110.52218107255564,-43.29570784887172,27.99653625488281,6.0,180.0
502.1020986030731,-110.48415620471444,-44.198959282203056,27.89652252197266,6.0,180.0
501.7160016648095,-110.44412677091258,-44.86140366331606,27.79660224914551,6.0,180.0
501.05811226408287,-110.37869967402332,-45.29373483940526,27.69651031494141,6.0,180.0
499.95744149786975,-110.373932558522,-45.73806778418048,27.59647941589355,6.0,180.0
498.524159634988,-110.39974648514377,-46.18308043002445,27.49647521972656,6.0,180.0
497.0461192170273,-110.3680055299379,-46.59204406370907,27.49647521972656,6.0,180.0
495.6894006305584,-110.27641112501512,-46.95004685931234,27.39652824401855,6.0,180.0
494.3877411536723,-110.12678685940996,-47.21156301056616,27.29656219482422,6.0,180.0
493.04210871163735,-109.9048915235639,-47.49957067845666,27.19651222229004,6.0,180.0
491.5667362756212,-109.68083744230512,-47.78692584590785,27.09646415710449,6.0,180.0
489.92121569534976,-109.49393508132026,-47.893625207041865,26.99658393859863,6.0,180.0
488.3992546508623,-109.21406092358993,-47.876072823285774,26.89656639099121,6.0,180.0
487.1413822349873,-108.70168894894124,-47.87998610091447,26.89656639099121,6.0,180.0
485.89193735165634,-108.1299409131198,-47.95138046877609,26.7966251373291,6.0,180.0
484.5742300474606,-107.76777815149086,-48.11760001233692,26.69652557373047,6.0,180.0
483.211510875809,-107.58951955271444,-48.3136839478905,26.59650421142578,6.0,180.0
481.6975971615753,-107.33336469874406,-48.40127990291932,26.49637603759766,6.0,180.0
480.1859446276886,-106.91296900328066,-48.25654754629472,26.39644622802734,6.0,180.0
478.797012088194,-106.40873731371708,-47.83406197903458,26.29653358459473,6.0,180.0
477.3732260790717,-105.73981239022942,-47.28955126540335,26.19658851623535,6.0,180.0
475.878148700601,-105.03278276167129,-46.86828134628824,26.19658851623535,6.0,180.0
474.38771108790417,-104.54277845012425,-46.82793301159736,26.09649658203125,6.0,180.0
473.16916822879807,-104.21066716738912,-47.28633996027822,25.99644660949707,6.0,180.0
472.183498106367,-103.85061505373037,-48.08058900631704,25.89641380310059,6.0,180.0
471.2164242022186,-103.40635499404765,-48.95430137124147,25.79657936096191,6.0,180.0
470.3889980810383,-102.92514221710935,-49.71002581634527,25.69643974304199,6.0,180.0
469.4950210554316,-102.3588107542955,-50.08747434660497,25.59647178649902,6.0,180.0
468.3520207398067,-101.78299624069074,-50.01737546303632,25.59647178649902,6.0,180.0
467.2717524729336,-101.30290840440304,-49.76727058809857,25.49655532836914,6.0,180.0
466.2997180006904,-100.7991187628388,-49.56107416585142,25.39655876159668,6.0,180.0
465.166280366361,-100.34330632886524,-49.52526117750515,25.2966136932373,6.0,180.0
463.7076344908588,-100.2156708437045,-49.54883872387733,25.19656753540039,6.0,180.0
461.9154956420327,-100.41372964171391,-49.37400847739003,25.0964527130127,6.0,180.0
459.9871915688849,-100.61132562908377,-49.18129761212687,24.99638557434082,6.0,180.0
458.3277357857472,-100.5433421325051,-49.17488136985287,24.89643478393555,6.0,180.0
457.058478486285,-100.17249325045294,-49.24668087691374,24.89643478393555,6.0,180.0
455.9274888884046,-99.62445161165655,-49.551127308293545,24.79661560058594,6.0,180.0
455.0251423623508,-99.006997378211,-50.0114623101728,24.6966438293457,6.0,180.0
454.4341972413701,-98.50236971446972,-50.36292522296284,24.59645652770996,6.0,180.0
453.8867425905392,-98.22267596585128,-50.66079114229154,24.49658012390137,6.0,180.0
453.2337235204923,-97.9767457092308,-50.82760012043102,24.3965015411377,6.0,180.0
452.40190160735335,-97.68882781637107,-50.849055084509374,24.29650497436523,6.0,180.0
451.3151721367575,-97.39095223317052,-50.69618944528805,24.19654273986816,6.0,180.0
449.958188382725,-97.19560347013967,-50.27151913099565,24.19654273986816,6.0,180.0
448.2551356198905,-97.19502321092286,-49.65384865502264,24.09648895263672,6.0,180.0
446.2174145672886,-97.10383600126818,-48.85158166173139,23.99645233154297,6.0,180.0
443.95243047172096,-96.7395451834624,-48.05820418558887,23.89644813537598,6.0,180.0
441.51400320713685,-96.24858136691508,-47.59540409106362,23.79660797119141,6.0,180.0
439.0911324439534,-95.85624653377492,-47.48716400836112,23.69652938842773,6.0,180.0
436.8870061940944,-95.70609451994144,-47.61496115147147,23.59647750854492,6.0,180.0
434.9612446586745,-95.69106848503556,-47.7822069475515,23.59647750854492,6.0,180.0
433.2817469574231,-95.62604371523948,-47.89813279209624,23.4965934753418,6.0,180.0
431.8487726248876,-95.46342564815302,-48.12141889028845,23.39650726318359,6.0,180.0
430.6898754920212,-95.16612559264355,-48.519704552696446,23.29659652709961,6.0,180.0
429.6386029683292,-94.57141039244848,-49.02548132941187,23.19656181335449,6.0,180.0
428.4781327787677,-93.7997351486586,-49.55660363231814,23.09645843505859,6.0,180.0
427.1282114892928,-93.13702510837854,-49.98254197208756,22.99651145935059,6.0,180.0
425.4435393783385,-92.5898843662724,-50.18761174231912,22.89642333984375,6.0,180.0
423.3900964364816,-92.20710296926468,-50.364871055062125,22.89642333984375,6.0,180.0
421.2250501487253,-91.8885072350262,-50.73002461897497,22.79657363891602,6.0,180.0
419.05161112081896,-91.40796158899748,-51.00843901268849,22.69650459289551,6.0,180.0
416.8218016868285,-90.85909625201867,-50.967648833678005,22.5963249206543,6.0,180.0
414.6040789157508,-90.27770215494152,-50.82679697080001,22.49646949768066,6.0,180.0
412.564774399096,-89.75483338166966,-50.71853304519351,22.39639091491699,6.0,180.0
410.75314816587615,-89.50964758939553,-50.52414401630065,22.29646682739258,6.0,180.0
409.10635628204136,-89.42769677999966,-50.39631894105431,22.29646682739258,6.0,180.0
407.5373297302054,-89.28874470819764,-50.51990952936105,22.1965160369873,6.0,180.0
405.8903463151525,-89.16725493020705,-50.59583446610742,22.09641456604004,6.0,180.0
404.2105210003293,-89.1190582715204,-50.3711204443954,21.99637794494629,6.0,180.0
402.4962660718395,-88.87632690817213,-50.12266531607945,21.89664840698242,6.0,180.0
400.54125731684286,-88.47498207567392,-50.074033092658254,21.79682731628418,6.0,180.0
398.3388716486044,-88.2150281355088,-49.95965252999226,21.69667816162109,6.0,180.0
395.8548939712769,-88.05930668239472,-49.68555502203135,21.59651374816895,6.0,180.0
393.2481471390563,-87.81308750818079,-49.44721727195413,21.59651374816895,6.0,180.0
390.8177556705082,-87.42018153635797,-49.34185487599464,21.49642562866211,6.0,180.0
388.5520467782813,-86.9165334029397,-49.429152159544735,21.3964672088623,6.0,180.0
386.47622492313695,-86.34981620384573,-49.48264467841609,21.29660987854004,6.0,180.0
384.5505132043368,-85.8555366922506,-49.27244677506218,21.19654655456543,6.0,180.0
382.7145238144204,-85.5153713042189,-48.94948846100804,21.09652519226074,6.0,180.0
381.00084818175617,-85.29410403496773,-48.70424431292296,20.99655723571777,6.0,180.0
379.3575523897674,-84.99788019792116,-48.50584054980271,20.99655723571777,6.0,180.0
377.7218779878248,-84.39470900446412,-48.30265055482666,20.89648818969727,6.0,180.0
376.0572023018833,-83.61376641032051,-48.04255278458248,20.79655647277832,6.0,180.0
374.2245745342137,-82.84776499604907,-47.5658209091431,20.69647407531738,6.0,180.0
372.10875488384784,-82.12029675747253,-46.996435214095264,20.59643363952637,6.0,180.0
369.71608829479817,-81.4078909665966,-46.6272662747213,20.49650192260742,6.0,180.0
367.1216712753941,-80.66820399835525,-46.54218922064894,20.39645004272461,6.0,180.0
364.57114000097073,-80.01908756331697,-46.67546843362522,20.2965087890625,6.0,180.0
362.12603219313183,-79.5467637613854,-46.95791062703471,20.2965087890625,6.0,180.0
359.79221800719193,-79.16173792088222,-47.25896063577866,20.19655799865723,6.0,180.0
357.795499151926,-78.77311234547038,-47.34807338256631,20.09647750854492,6.0,180.0
355.9830667722258,-78.35071884526565,-47.40620207060659,19.99654960632324,6.0,180.0
353.97869957917504,-77.98318943383458,-47.81487222477861,19.89640998840332,6.0,180.0
351.86290120134925,-77.7239266815709,-48.328890909151,19.79645347595215,6.0,180.0
349.87545531404913,-77.49463430749435,-48.50996717237094,19.69648170471191,6.0,180.0
347.8386641815034,-77.17927661613645,-48.5482788044684,19.59633445739746,6.0,180.0
345.4500867926707,-76.67349079694044,-48.797840775980205,19.59633445739746,6.0,180.0
342.7078410222487,-76.05740141862223,-49.022831182459456,19.49644470214844,6.0,180.0
339.8314773786026,-75.50184553989234,-48.93401094006536,19.39649200439453,6.0,180.0
337.16189268775435,-74.99022158933752,-48.66883007782699,19.2965087890625,6.0,180.0
334.6329598234419,-74.41866979689905,-48.44879736343536,19.19662284851074,6.0,180.0
332.06787704603755,-73.73838117400162,-48.27078951889254,19.09661102294922,6.0,180.0
329.6426025616634,-72.83863633581961,-48.059517781969525,18.9964542388916,6.0,180.0
327.4630779160749,-71.8513897095422,-47.91457202034148,18.9964542388916,6.0,180.0
325.59882832726424,-71.12383352806366,-47.81489994598485,18.89639091491699,6.0,180.0
323.9601095166486,-70.66265194078969,-47.66761151324063,18.79637908935547,6.0,180.0
322.3372397035852,-70.30784748366133,-47.604175352657485,18.69650459289551,6.0,180.0
320.52205299428056,-69.96105832553785,-47.611721710775925,18.59665679931641,6.0,180.0
318.3709394015997,-69.51452757409308,-47.45535403955907,18.49649429321289,6.0,180.0
315.98388770267366,-68.86060867241864,-47.21466206072587,18.39653015136719,6.0,180.0
313.31988286380164,-68.1661031056437,-47.03711141909345,18.29645156860352,6.0,180.0
310.27425437332056,-67.6955566596958,-46.82188683371082,18.29645156860352,6.0,180.0
307.029705316372,-67.4203321889787,-46.51528941893085,18.19655990600586,6.0,180.0
303.69787493583704,-67.32128501611395,-46.10532206992121,18.09663391113281,6.0,180.0
300.24656668744774,-67.41738885653402,-45.74779769035867,17.99653434753418,6.0,180.0
296.8402608171708,-67.54356959536322,-45.501951219347816,17.89651489257812,6.0,180.0
293.8363295667451,-67.51739791855867,-45.132704029297365,17.79655456542969,6.0,180.0
291.31944089418573,-67.3855153772443,-44.57076797579179,17.6965160369873,6.0,180.0
288.95731520036315,-67.20425800241385,-44.00751318811199,17.6965160369873,6.0,180.0
286.72858174602106,-66.88237005405792,-43.5068476441808,17.59641647338867,6.0,180.0
284.77802834717136,-66.52829241515123,-42.85887996747021,17.49647331237793,6.0,180.0
282.82262206922405,-66.21664689187968,-42.19534470877189,17.3965950012207,6.0,180.0
280.5431193563332,-65.74112498276983,-41.74825009182316,17.29650497436523,6.0,180.0
277.89308782681826,-65.02147308925746,-41.389464593405,17.19663238525391,6.0,180.0
275.0203805310352,-64.11577120987742,-41.02521422103504,17.09660911560059,6.0,180.0
272.0401412831666,-63.16517698164652,-40.51023628583303,16.99654960632324,6.0,180.0
269.089703866586,-62.41834481697596,-39.63313208868403,16.99654960632324,6.0,180.0
266.4162850556792,-61.8898234928602,-38.50246805944103,16.89655113220215,6.0,180.0
263.958847030985,-61.4124504966433,-37.60865030420773,16.79640769958496,6.0,180.0
261.2655526562149,-60.90568852635312,-37.26224871033087,16.69650268554688,6.0,180.0
258.24776178458274,-60.26565042805776,-37.217895984408905,16.5965690612793,6.0,180.0
255.40026616595364,-59.525229914634686,-37.15881785417972,16.49650573730469,6.0,180.0
252.92176159005191,-58.83959402913264,-36.94499079121996,16.39653396606445,6.0,180.0
250.53626801515787,-58.1402466973255,-36.49716861275159,16.39653396606445,6.0,180.0
248.10189137275304,-57.39548969055081,-35.96713684365829,16.2963981628418,6.0,180.0
245.4513740718519,-56.70653448126191,-35.498382229618926,16.19654273986816,6.0,180.0
242.2810151583455,-55.961217959613634,-34.98592547267203,16.09655380249023,6.0,180.0
238.80501774374665,-55.12570928097783,-34.4476894710326,15.9964485168457,6.0,180.0
235.44606230030263,-54.34549940773637,-33.87352524727496,15.89655494689941,6.0,180.0
232.3100903942676,-53.7003433008101,-33.19872515078244,15.79637050628662,6.0,180.0
229.41342841232785,-53.2555901971074,-32.62852472638018,15.69640922546387,6.0,180.0
226.5953121056748,-52.85233282252573,-32.3532347141048,15.69640922546387,6.0,180.0
223.667190060382,-52.35620542068727,-32.261868095859136,15.59651374816895,6.0,180.0
220.6967285532445,-51.86791467177544,-32.08373034719788,15.49644374847412,6.0,180.0
217.8236585534657,-51.3769044458284,-31.79400501151637,15.39648342132568,6.0,180.0
215.04724029829967,-50.79084779831443,-31.61125140467612,15.29642200469971,6.0,180.0
212.1778086404451,-50.16060227861515,-31.5865621401158,15.19654560089111,6.0,180.0
209.1868708809864,-49.6751528156297,-31.557787897725188,15.09657859802246,6.0,180.0
206.3213669029965,-49.34454880534173,-31.15865085159705,14.99656581878662,6.0,180.0
203.40795073127515,-49.01110298322483,-30.34201005436935,14.99656581878662,6.0,180.0
200.06468426251675,-48.60849787155007,-29.578816716000468,14.89651203155518,6.0,180.0
196.507916312244,-48.155098812804425,-29.192622223638608,14.79654502868652,6.0,180.0
193.1641352372708,-47.8474747841334,-29.239421851932867,14.69655418395996,6.0,180.0
189.9134181391456,-47.76447102772717,-29.411446792102083,14.59674739837646,6.0,180.0
186.34725329073652,-47.65107996135959,-29.413547772652777,14.49660682678223,6.0,180.0
182.5421834585387,-47.3001449533311,-29.28992397972982,14.3966178894043,6.0,180.0
178.84853818726737,-46.63332622808254,-28.99569909285021,14.3966178894043,6.0,180.0
175.48778641132049,-45.652459931848526,-28.41785983398497,14.29646968841553,6.0,180.0
172.62834247634203,-44.4601143061314,-27.643959773394577,14.19643688201904,6.0,180.0
170.26249921938745,-43.32085944047984,-26.94548427297045,14.09639263153076,6.0,180.0
168.08342640090092,-42.55553463470526,-26.423272020903063,13.99648094177246,6.0,180.0
165.73433171246592,-42.12544128750791,-25.890365304176903,13.89650058746338,6.0,180.0
163.02202757831844,-41.781222397054606,-25.387893495012616,13.79645824432373,6.0,180.0
159.88981281922585,-41.44513619419042,-25.010975410980112,13.69651031494141,6.0,180.0
156.4193950106918,-41.03006492614245,-24.48542990482741,13.69651031494141,6.0,180.0
152.86714010338997,-40.55295566772468,-23.802182098262296,13.59652042388916,6.0,180.0
149.55242039353672,-40.21801270025806,-23.190884886806945,13.49654769897461,6.0,180.0
146.41874288458294,-39.94838774925451,-22.684731600919672,13.39650249481201,6.0,180.0
143.25977223256075,-39.44972916108838,-22.22565746675305,13.29639911651611,6.0,180.0
140.04483053273964,-38.68977280035687,-21.709411981881143,13.19645690917969,6.0,180.0
136.6102418721366,-37.78304913603896,-21.255146347989253,13.09641361236572,6.0,180.0
132.9051038635512,-36.82927969412816,-21.039183073637293,13.09641361236572,6.0,180.0
129.3044504925748,-35.964174316910245,-21.00723250327851,12.99660778045654,6.0,180.0
126.1225196011098,-35.169406976423325,-20.89438220630834,12.89653301239014,6.0,180.0
123.16063174769508,-34.32169525480474,-20.453020556392865,12.79644680023193,6.0,180.0
120.19897520553664,-33.47574694335391,-19.98806771517976,12.69653606414795,6.0,180.0
117.21379982247728,-32.75773693755599,-19.77659628751358,12.59645748138428,6.0,180.0
113.95996671199154,-32.1233944311239,-19.48464400433554,12.49642944335938,6.0,180.0
110.3256379337511,-31.526691395692232,-18.94837338761093,12.39649200439453,6.0,180.0
106.51452341641097,-30.93557241371425,-18.284869314320343,12.39649200439453,6.0,180.0
102.68956187034247,-30.2472391229414,-17.496528111731728,12.29647922515869,6.0,180.0
98.88240449724066,-29.45093710103573,-16.59861722186103,12.19657516479492,6.0,180.0
95.04244190711952,-28.637057058927613,-15.620814877595013,12.09656238555908,6.0,180.0
91.1819370221792,-27.863653483845862,-14.712057195134602,11.99657821655273,6.0,180.0
87.30087185101681,-27.07062984461782,-14.130092661560749,11.89652252197266,6.0,180.0
83.44042015767056,-26.21627502795907,-13.88551856080246,11.79649353027344,6.0,180.0
79.82205709562426,-25.45384901298564,-13.717386114035218,11.79649353027344,6.0,180.0
76.54905137577808,-24.953513737723465,-13.499768794488851,11.69656372070312,6.0,180.0
73.45900502120966,-24.5706404377798,-13.254528277842033,11.59657001495361,6.0,180.0
70.38248556174605,-23.96363686771315,-12.847956019967029,11.49654102325439,6.0,180.0
67.17686942421267,-23.109516489892503,-12.257390265533324,11.39649200439453,6.0,180.0
63.750156778916605,-22.291395376685585,-11.64532179657649,11.29650020599365,6.0,180.0
60.22994066085051,-21.68652031772583,-11.09567936190767,11.19650268554688,6.0,180.0
56.76747224675755,-21.19061836134824,-10.62229269718332,11.09658145904541,6.0,180.0
53.18623754652425,-20.51687608157487,-10.246677889857292,11.09658145904541,6.0,180.0
49.30027884809232,-19.56425092077201,-10.051134196762264,10.99658012390137,6.0,180.0
45.26212023261104,-18.478580847916945,-9.932406966148468,10.89641761779785,6.0,180.0
41.1274429197218,-17.402468855291275,-9.616739689058289,10.79653453826904,6.0,180.0
37.02366771534404,-16.47947702351415,-9.039687255565092,10.69645500183105,6.0,180.0
33.160258043167644,-15.715821284013971,-8.339617781864229,10.59650707244873,6.0,180.0
29.457702980203003,-14.980998430039168,-7.617029226299818,10.49658489227295,6.0,180.0
25.90617629052924,-14.320560894972658,-7.046537462094302,10.49658489227295,6.0,180.0
22.551814760720745,-13.706074439303949,-6.767165798708563,10.39641284942627,6.0,180.0
19.29002359848829,-12.879469744474676,-6.590800515917823,10.29648590087891,6.0,180.0
16.00261930459915,-11.856662746227636,-6.288785566920543,10.19638347625732,6.0,180.0
12.548459952644691,-10.90878885220945,-5.79803849461805,10.09647274017334,6.0,180.0
8.688101554620594,-10.121013104375148,-5.16376251087654,9.996587753295898,6.0,180.0
4.507813746560245,-9.380747086183089,-4.493077492132647,9.896499633789062,6.0,180.0
0.2704055213723606,-8.641302979557413,-3.914894311409059,9.796527862548828,6.0,180.0
-4.100647754022155,-8.019040329071434,-3.3128142942143564,9.796527862548828,6.0,180.0
-8.463628221332428,-7.560648917849759,-2.517101014674906,9.696496963500977,6.0,180.0
-12.58178774845026,-7.176558834968304,-1.644055281167755,9.596576690673828,6.0,180.0
-16.476335460215893,-6.855988348964017,-0.8021795287156364,9.49667739868164,6.0,180.0
-20.168846847758942,-6.594558836697388,-0.1540459123907682,9.396486282348633,6.0,180.0
-23.76746811218024,-6.139217621038014,0.0673106913792356,9.29642391204834,6.0,180.0
-27.370873026063585,-5.410880628631439,0.0187025872077164,9.196459770202637,6.0,180.0
-31.118953400094263,-4.6492395863524045,-0.0938888180511234,9.096498489379885,6.0,180.0
-35.09233792953401,-3.9684015193863793,-0.1727881013091039,9.096498489379885,6.0,180.0
-39.05824654838643,-3.378580232356553,0.0613225040401568,8.996537208557129,6.0,180.0
-43.00212318567673,-2.8686098136777662,0.6392235194614928,8.896498680114746,6.0,180.0
-47.138898799605485,-2.3233354490535163,1.371725455476665,8.79644775390625,6.0,180.0
-51.35918595776036,-1.613856331612002,2.263472688119795,8.696558952331543,6.0,180.0
-55.76316828561984,-0.7678659522777913,3.4624844376587136,8.596540451049805,6.0,180.0
-60.58157879748804,0.1090387104897541,4.918589878473004,8.49655532836914,6.0,180.0
-65.51654073659539,0.955119798298929,6.22558747574508,8.49655532836914,6.0,180.0
-70.23098716020986,1.7360876507960017,7.089557182854344,8.396530151367188,6.0,180.0
-74.52601956186471,2.4925701760410703,7.655713021203505,8.296470642089844,6.0,180.0
-78.46599332476626,3.3034676067005115,8.14109176495461,8.196473121643066,6.0,180.0
-82.43593298312655,4.130941260582679,8.7036560279927,8.096403121948242,6.0,180.0
-86.5386727155495,5.030491925330539,9.407294984244189,7.996510028839111,6.0,180.0
-90.63578079824777,6.075072576761064,10.253729993705525,7.89656925201416,6.0,180.0
-94.63152375439218,7.026325121500413,11.335469433286764,7.796465396881104,6.0,180.0
-98.5396028514353,7.901300444500782,12.51411001526916,7.796465396881104,6.0,180.0
-102.49217371128424,8.963992045951263,13.48277148572808,7.696498870849609,6.0,180.0
-106.5061744296294,10.038975274700643,14.16803312742374,7.596417903900146,6.0,180.0
-110.56906229814112,10.982618904851073,14.646139496243867,7.4964919090271,6.0,180.0
-114.78014406393838,11.885042333870809,15.099761138694944,7.396547317504883,6.0,180.0
-119.19507516240688,12.689609768327346,15.709095992772893,7.296497344970703,6.0,180.0
-123.63794744925018,13.306897978863091,16.44086718026076,7.196525096893311,6.0,180.0
-127.89235187074122,13.671884491042254,17.325066716946452,7.196525096893311,6.0,180.0
-132.142992991386,13.9971194022553,18.27973452842309,7.09652042388916,6.0,180.0
-136.70912038170655,14.608273465645604,19.02630315111565,6.996529579162598,6.0,180.0
-141.5649009076455,15.426963489405638,19.596243473628327,6.896585941314697,6.0,180.0
-146.20949485042388,16.217484227138147,20.25784716131158,6.796517848968506,6.0,180.0
-150.42629466331442,16.96281918220627,21.03400795191216,6.696582317352295,6.0,180.0
-154.58701613910264,17.811997421034565,21.60267566097248,6.596652030944824,6.0,180.0
-158.76994391499846,18.690249758205063,21.977362446270828,6.496593475341797,6.0,180.0
-162.8238440239386,19.40350899205877,22.508505147309368,6.496593475341797,6.0,180.0
-166.75249141519294,20.036443722279724,23.180357493456057,6.396558284759521,6.0,180.0
-170.71759592560772,20.665618188883663,23.83857436789457,6.296500682830811,6.0,180.0
-174.94052104062146,21.316285237994563,24.632992727899044,6.196448802947998,6.0,180.0
-179.51834889445158,22.148270231163377,25.727177209525752,6.096410751342773,6.0,180.0
-184.47695644441364,23.15633839273224,26.882032048416026,5.996528148651123,6.0,180.0
-189.5775540719181,24.00669988853797,27.762718287916044,5.896512508392334,6.0,180.0
-194.37408966422183,24.58392169701883,28.388698248411902,5.896512508392334,6.0,180.0
-198.83032303475423,25.16262555491772,28.80467131690105,5.796409130096436,6.0,180.0
-203.19394531519325,25.88516582020145,28.85590884554172,5.696513652801514,6.0,180.0
-207.59885818029608,26.75561261466188,28.68192360993104,5.596429824829102,6.0,180.0
-212.21108515057853,27.792943484820626,28.781464562088782,5.496490955352783,6.0,180.0
-216.94249475791145,28.91073161101085,29.3243640694978,5.396531105041504,6.0,180.0
-221.3833465155538,29.898245359889287,30.04134488815301,5.296451091766357,6.0,180.0
-225.453583163358,30.66402026328464,30.93531136163997,5.196488380432129,6.0,180.0
-229.48897227331224,31.39978834307543,32.00154279254856,5.196488380432129,6.0,180.0
-233.73768058657205,32.33498984894851,32.947117906191686,5.096512317657471,6.0,180.0
-238.120475455251,33.4237892678002,33.84889465056932,4.996500015258789,6.0,180.0
-242.6225125215605,34.5747181834681,34.95755126054594,4.896567821502686,6.0,180.0
-247.41660929823493,35.77386246101643,36.16266429204738,4.796547412872314,6.0,180.0
-252.3204712870902,36.94086292906327,37.2616732149168,4.696500301361084,6.0,180.0
-257.05331588172567,37.99211014956509,38.29594515674083,4.596496105194092,6.0,180.0
-261.78558181901866,38.84249888344456,39.376700822544265,4.496440410614014,6.0,180.0
-266.6621206675916,39.45795890410842,40.41612974894839,4.496440410614014,6.0,180.0
-271.4526724842342,40.004800785076974,41.24585362161642,4.396552562713623,6.0,180.0
-275.8774975135371,40.65259147760622,42.0073649339278,4.296582221984863,6.0,180.0
-280.09607824771194,41.285689396276354,43.01351258110491,4.196550369262695,6.0,180.0
-284.4558320318043,41.8480736821685,44.14345812239619,4.096548557281494,6.0,180.0
-288.9058302644689,42.37843695617437,45.13605378800859,3.996418952941895,6.0,180.0
-293.4169036298715,42.94278870048655,46.07278109897224,3.896467924118042,6.0,180.0
-298.156944722678,43.671667406394,46.90215882942912,3.896467924118042,6.0,180.0
-303.08514085970046,44.47792569202787,47.51094243406233,3.796469449996948,6.0,180.0
-308.0344337221161,45.29239300600753,48.069194968129565,3.696514844894409,6.0,180.0
-312.954401404019,46.15875497695384,48.66548146245415,3.596565246582031,6.0,180.0
-317.8399676279632,47.1055476203455,49.11209055696378,3.496548175811768,6.0,180.0
-322.682507846501,48.11847822931104,49.38445099105684,3.396548271179199,6.0,180.0
-327.4409684248783,49.03712965267155,49.69504459270976,3.296465396881104,6.0,180.0
-331.99443773887054,49.92583085722955,50.13287798998039,3.196546792984009,6.0,180.0
-336.4100522769079,51.03940151966688,50.64699384635425,3.196546792984009,6.0,180.0
-340.7918909669912,52.16896886879529,51.2195775326022,3.096477031707764,6.0,180.0
-345.1768826636732,52.916283389425146,51.91508782338318,2.996507406234741,6.0,180.0
-349.6964028695519,53.297789872825135,52.683047798849216,2.896606206893921,6.0,180.0
-354.2635859947741,53.57313312342872,53.4293456014129,2.796435832977295,6.0,180.0
-358.7962837262121,53.810448194125314,54.08313529232117,2.696606874465942,6.0,180.0
-363.4201281876482,53.97471407440071,54.66608370751711,2.596546411514282,6.0,180.0
-368.17563589278353,54.318907705766094,55.34548218967504,2.596546411514282,6.0,180.0
-373.0630337272619,55.11413514990424,56.09462506010106,2.496439933776855,6.0,180.0
-378.00153890257127,56.261911948313326,56.97021591097044,2.396458864212036,6.0,180.0
-382.813572998392,57.55923893483243,58.14354863362577,2.29643702507019,6.0,180.0
-387.4563977962646,58.8563777536687,59.459435116887015,2.196505308151245,6.0,180.0
-391.9719701646906,60.03156639557209,60.62426530766098,2.096517086029053,6.0,180.0
-396.2721848284097,61.11369806480863,61.60928176535946,1.996483087539673,6.0,180.0
-400.2267507993644,62.1630091455264,62.72407035976738,1.896600365638733,6.0,180.0
-403.8053803294458,63.18548393501646,64.11304174483021,1.896600365638733,6.0,180.0
-407.2096908112352,64.17419951431374,65.74452899496721,1.796516060829163,6.0,180.0
-410.7432986609366,65.16973999879936,67.38213057928978,1.696566581726074,6.0,180.0
-414.5928902722263,66.23373225507186,68.53540908152932,1.596660256385803,6.0,180.0
-418.7222739324662,67.25135114280481,69.30166311219008,1.496458053588867,6.0,180.0
-423.003686430206,68.02159526768844,70.09563871314117,1.39657735824585,6.0,180.0
-427.3576905796134,68.58332355742745,70.87651529632504,1.296520709991455,6.0,180.0
-431.694237024936,69.12750450144317,71.62759722923616,1.296520709991455,6.0,180.0
-436.02580825621726,69.76183637965275,72.55833873460813,1.196521639823914,6.0,180.0
-440.24459672460654,70.55216305163465,73.641655903121,1.09662663936615,6.0,180.0
-444.2822390242434,71.50874223166535,74.68758619940458,0.996378779411316,6.0,180.0
-448.1716731183325,72.64839218883903,75.65515996897823,0.8964607119560242,6.0,180.0
-451.72452484388026,73.92488935187052,76.54641474993943,0.7964597940444946,6.0,180.0
-454.9017050860691,75.16319454076219,77.43206405331564,0.6965848803520203,6.0,180.0
-457.9698878776558,76.28625305694189,78.45862745732623,0.5966278910636902,6.0,180.0
-461.1871875023666,77.24611206647816,79.68495951498733,0.5966278910636902,6.0,180.0
-464.584734090295,77.94778703843139,81.03725688282081,0.4964002072811127,6.0,180.0
-467.8374011947269,78.37209441823278,82.30161612917509,0.3963665962219238,6.0,180.0
-470.7632098313572,78.55334623818474,83.35710039949426,0.2963270246982574,6.0,180.0
-473.4577594363718,78.69484954764631,84.16354455831981,0.1972870081663132,6.0,180.0
-475.7003801096801,78.97551260053876,84.65565062136073,0.111084520816803,6.0,180.0
-477.3494835171194,79.36417625596215,85.06742974803318,0.0528554767370224,6.0,180.0
-478.6134774320572,79.79980973421192,85.6247719300517,0.0241666622459888,6.0,180.0
-479.76112429893146,80.12424397020247,86.00802465428345,0.0241666622459888,6.0,180.0
-480.9500254137724,80.34122928444455,85.95635027034302,0.0119893215596675,6.0,180.0
-482.1584823984288,80.6779260353999,85.62337820556795,0.0060453177429735,6.0,180.0
-483.5066963433121,81.07816771543176,85.28713315952083,0.0032883519306778,6.0,180.0
-484.9836958302018,81.35976424339555,85.14889735175711,0.0018059093272313,6.0,180.0
-486.295995218259,81.59336266177318,85.12433452536342,0.0009286904823966,6.0,180.0
-487.5331565043749,81.84474952424951,85.14054890263591,0.0004739265714306,6.0,180.0
-489.0316775111973,82.07963006050421,85.12873482432578,0.0004739265714306,6.0,180.0
-490.72395185393617,82.23146804067707,84.99177522821546,0.000209688587347,6.0,180.0
-492.4115508461769,82.36792890326225,84.95093898000326,8.710912516107783e-05,6.0,180.0
-494.1984663274318,82.75881526314055,85.05892085518215,2.041598418145441e-05,6.0,180.0
-496.2978875556084,83.34307352623097,85.15422782417168,-1.948292083397973e-05,6.0,180.0
-498.69211472540815,83.78375009226384,85.22684864467278,-4.351974712335505e-05,6.0,180.0
-501.14350548119,84.04514060611923,85.21353578071506,-5.771066571469419e-05,6.0,180.0
-503.5473727793928,84.24659362712569,85.16967289823056,-6.573222344741225e-05,6.0,180.0
-505.9367064051699,84.3893529282048,85.19846870156539,-6.573222344741225e-05,6.0,180.0
-508.27924391030695,84.52983515560224,85.58868174778694,-6.227850099094212e-05,6.0,180.0
-510.5480612193225,84.73439135823406,86.64002851254553,-6.492449756478891e-05,6.0,180.0
-512.6475591704202,84.97395766718267,87.80217982321275,-6.044022302376106e-05,6.0,180.0
-514.3707206565132,85.08038290316102,88.61234809127535,-5.76549609832e-05,6.0,180.0
-515.7729211274045,84.94336718636745,89.38706594770886,-5.16248655912932e-05,6.0,180.0
-517.1062138716713,84.65212137822908,90.18463319740977,-4.489845377975143e-05,6.0,180.0
-518.4093180835711,84.33121030064316,90.60728663643178,-4.489845377975143e-05,6.0,180.0
-519.5089763754387,84.13274231074521,90.62685330844216,-4.814328349311836e-05,6.0,180.0
-520.450643110137,84.10911105544885,90.55644603483204,-4.163969424553216e-05,6.0,180.0
-521.4394085310173,84.21827857860292,90.44544647793488,-3.875694528687745e-05,6.0,180.0
-522.412519691298,84.38064905028676,90.2627295164333,-3.857590490952134e-05,6.0,180.0
-523.2673174490534,84.49141363798053,90.07176981651894,-3.191912401234731e-05,6.0,180.0
-524.0571396378066,84.71554505589845,89.8842608396877,-2.768552258203272e-05,6.0,180.0
-524.813361386813,85.20905493553552,89.76314828074788,-2.996943840116728e-05,6.0,180.0
-525.4467043058632,85.67638071917503,89.67619573857476,-2.996943840116728e-05,6.0,180.0
-526.0794458814464,85.93133769692176,89.49273422417208,-2.98580271191895e-05,6.0,180.0
-526.9839046725482,86.17372260075427,89.35243991133694,-2.767159639915917e-05,6.0,180.0
-528.1668329276162,86.45944665072834,89.42478254935676,-2.095910895150155e-05,6.0,180.0
-529.5865375811192,86.67561695332773,89.64601449475086,-2.045776273007505e-05,6.0,180.0
-531.1894175948619,86.93657016391121,89.96737849809999,-1.817384691094048e-05,6.0,180.0
-532.8663634353574,87.39169286099744,90.4265819823084,-1.824347782530822e-05,6.0,180.0
-534.6683805247005,87.97566355512896,90.92242699132782,-1.824347782530822e-05,6.0,180.0
-536.6207550940842,88.6565016814835,91.3064601790144,-1.958040411409456e-05,6.0,180.0
-538.5804610701301,89.48326987193434,91.62263928044965,-1.240834990312578e-05,6.0,180.0
-540.5145687891811,90.26508722537736,91.90805686122768,-1.497079301771009e-05,6.0,180.0
-542.4714604998235,90.75559041239778,92.09482613399706,-1.460870862501906e-05,6.0,180.0
-544.2546819947881,91.05587972298744,92.20694417911604,-1.313251868850784e-05,6.0,180.0
-545.6959639559382,91.3598921214076,92.33724804392332,-1.115498162107542e-05,6.0,180.0
-546.9183535496875,91.6683937182908,92.52945797267186,-9.12173891265411e-06,6.0,180.0
-547.9564823651285,91.9622092397784,92.80804943004368,-9.12173891265411e-06,6.0,180.0
-548.6760283517439,92.15954671440002,93.12979386341064,-7.756959348625969e-06,6.0,180.0
-549.0377242827035,92.1586771394097,93.35393615472404,-8.940696716308594e-06,6.0,180.0
-549.2079841823089,92.1230541433537,93.48263737853937,-1.068148685590131e-05,6.0,180.0
-549.5858688417314,92.2533453555794,93.71211980073156,-9.038180905918123e-06,6.0,180.0
-550.1940035281596,92.5632162181315,93.99410839210006,-5.027401130064391e-06,6.0,180.0
-550.7063228562502,92.83996617597325,94.23467159366608,-9.553455129207578e-06,6.0,180.0
-551.1638212289677,92.9184586144078,94.53938548778024,-9.553455129207578e-06,6.0,180.0
-551.6400208130433,93.00058858023516,94.76563507335123,-5.862980287929531e-06,6.0,180.0
-552.1261598007234,93.12562745405434,94.9156509268664,-1.045866520144045e-05,6.0,180.0
-552.713646527043,93.10288481226482,95.21312478171862,-7.979781003086828e-06,6.0,180.0
-553.3995678231772,93.00175179238596,95.41278516052972,-4.205748155072797e-06,6.0,180.0
-554.2366302017612,92.8633206324684,95.28493707511228,-6.461812063207617e-06,6.0,180.0
-555.3333815724429,92.8471241969645,95.17796310870231,-6.726411811541766e-06,6.0,180.0
-556.6130669679605,93.16573890231253,95.4677900509162,-8.035485734581016e-06,6.0,180.0
-558.093627136403,93.59694817443332,96.01013291770138,-8.035485734581016e-06,6.0,180.0
-559.7901993176611,94.01134857638296,96.45697250622312,-5.807275101687992e-06,6.0,180.0
-561.4441829838047,94.41022858913188,96.78166172277317,-3.509432417558855e-06,6.0,180.0
-562.9555080175148,94.58957926543152,96.9706756625042,-4.03863259634818e-06,6.0,180.0
-564.4591199782751,94.52694027470172,97.04771133084148,-3.439800821070094e-06,6.0,180.0
-566.0024676449199,94.51154567391194,97.27978564140687,-3.676548203657148e-06,6.0,180.0
-567.4611645748464,94.71514421321956,97.6439611525771,-4.72102237836225e-06,6.0,180.0
-568.6181152024999,95.03616514317892,97.977814574403,-3.843663762381766e-06,6.0,180.0
-569.551587397532,95.34411211622836,98.19223105616564,-3.843663762381766e-06,6.0,180.0
-570.3884684972621,95.4969609345804,98.16056400996136,-4.846358933718875e-06,6.0,180.0
-571.0114967413679,95.40832204909808,97.9859640873588,-3.537285010679625e-06,6.0,180.0
-571.5236059115547,95.2526235368033,97.65529025001472,-6.963159648876172e-06,6.0,180.0
-572.041864019628,95.34010338129973,97.11417547057282,-5.305927516019437e-06,6.0,180.0
-572.5666815952255,95.57770798910404,96.74535266303806,-2.186432084272383e-06,6.0,180.0
-573.0225946663734,95.5819343592526,96.6942672361482,-1.921832108564558e-06,6.0,180.0
-573.3525095901707,95.44480881886416,96.7564251526678,-1.921832108564558e-06,6.0,180.0
-573.7385717609243,95.5190869549814,96.81511732095464,-3.133421841994277e-06,6.0,180.0
-574.3047836553156,95.79177048001216,96.77872419802767,-7.49235960029182e-06,6.0,180.0
-575.0454785992895,96.12724684534275,96.67333170901752,-4.024705958727282e-06,6.0,180.0
-575.8858618065675,96.67121742441684,96.6962887484718,-4.999548764317296e-06,6.0,180.0
-576.8170643479446,97.40704475424867,96.9560073667291,-4.45642217528075e-06,6.0,180.0
-577.8723314333861,98.06240591396173,97.25372221910555,-2.534590066716191e-06,6.0,180.0
-579.0718082026054,98.58091898120668,97.31808394113426,-3.787958803513902e-06,6.0,180.0
-580.5340641344869,99.06553050959737,97.41438717787028,-3.787958803513902e-06,6.0,180.0
-582.1442903324953,99.33055158769876,97.93844052555085,-3.035937652384746e-06,6.0,180.0
-583.6853185312436,99.208867709588,98.76896096845977,-2.297842684129137e-06,6.0,180.0
-585.2766134315726,99.10547193201812,99.71368861796256,-1.615453129488742e-06,6.0,180.0
-587.1087654577914,99.38643447396004,100.64278162151302,-4.595685823005624e-07,6.0,180.0
-589.0654765945645,99.97784158236372,101.24655130297938,-1.114105543820187e-06,6.0,180.0
-590.9053562918962,100.58242188976529,101.48804269064726,-1.309074150412926e-06,6.0,180.0
-592.497309057701,100.85582616826228,101.70116234130008,-1.309074150412926e-06,6.0,180.0
-593.7894906173874,100.81751762110358,101.8349766229801,-2.548516476963414e-06,6.0,180.0
-594.8371824932536,100.81708536217133,101.80506584507302,-3.969001227233093e-06,6.0,180.0
-595.4824321947366,100.91508104033775,101.86696545097163,1.657231905483059e-06,6.0,180.0
-595.6080398574913,100.98333971975164,102.08173406013373,-2.047168891294859e-06,6.0,180.0
-595.6299191032124,100.8677551357924,102.34757380529174,-3.871517037623562e-06,6.0,180.0
-595.7165618007059,100.48223390292334,102.56781061093926,-3.022011242137523e-06,6.0,180.0
-595.7041734639103,100.06738192696204,102.79392753786544,-2.367474280617898e-06,6.0,180.0
-595.6785511552478,99.76151414018956,103.12890167408622,-2.367474280617898e-06,6.0,180.0
-595.7316453702131,99.49492265033676,103.50841550390928,-1.782568915587035e-06,6.0,180.0
-595.7085569708986,99.16109290918156,103.79622572768191,-3.091642838626285e-06,6.0,180.0
-595.5356763207313,98.78420851178927,103.8468159385212,-1.949684701685328e-06,6.0,180.0
-595.5901218224836,98.55723881012202,103.7198957165412,-3.74617980014591e-06,6.0,180.0
-596.1164551077849,98.6296783505699,103.58456707503215,-4.637464371626265e-06,6.0,180.0
-596.9661491136616,98.97747868656316,103.6599849925062,-2.785263859550469e-07,6.0,180.0
-598.0231311958258,99.4617360362457,104.03374711857307,-2.785263859550469e-07,6.0,180.0
-599.0316583434478,100.14061871575682,104.49248155819014,-1.685084725977504e-06,6.0,180.0
-600.0034100815861,100.97221583698628,104.93321239319536,-9.33063347474672e-07,6.0,180.0
-601.3561692016619,101.76702302204151,105.3784396734094,-1.949684701685328e-06,6.0,180.0
-603.0545377071827,102.6042608211753,105.82562663501088,-1.002694943963434e-06,6.0,180.0
-604.7973439491054,103.4986507515044,106.14508950370684,1.392631929775234e-07,6.0,180.0
-606.4532572627063,104.21601542990628,106.2197022959229,-2.868821866286453e-06,6.0,180.0
-607.953329719439,104.5832381288095,106.26411291463832,-2.785263859550469e-07,6.0,180.0
-609.161818266359,104.84002836434364,106.46443332491562,-2.785263859550469e-07,6.0,180.0
-609.954165704059,105.27604634368345,106.74237021160084,-4.372864168544766e-06,6.0,180.0
-610.5405599528254,105.6999118680228,107.02742960957632,-2.785282049444504e-08,6.0,180.0
-611.1204524722476,105.95973435381524,107.30073579639168,-2.757411266429699e-06,6.0,180.0
-611.5054378460957,106.12132015705674,107.36395574987225,-1.211589733429719e-06,6.0,180.0
-611.6349910114293,106.15905971500749,107.15032683166814,-2.673853259693715e-06,6.0,180.0
-611.6722184735279,106.1163120597548,107.02348770863992,-1.420484522896004e-06,6.0,180.0
-611.6434440609221,106.1810748741764,107.02477475633798,-3.342317995702615e-07,6.0,180.0
-611.5070685405403,106.36882188249878,107.03017163793736,-3.342317995702615e-07,6.0,180.0
-611.3683617390458,106.5648048269154,107.22161213747914,-2.46495847022743e-06,6.0,180.0
-611.4467892726009,106.64489348290208,107.64698094114428,-1.28122132991848e-06,6.0,180.0
-611.7441984957421,106.55472793517224,108.0721605512878,1.67115786098293e-07,6.0,180.0
-612.2003325527414,106.34497895081236,108.186596350487,-1.323000333286473e-06,6.0,180.0
-612.801340445646,106.04404675464968,108.2085713791676,-1.420484522896004e-06,6.0,180.0
-613.3899498279228,105.81370622645012,108.55072661917714,-6.963159648876172e-07,6.0,180.0
-614.1003137067717,105.78208164695918,108.89405342198722,-6.963159648876172e-07,6.0,180.0
-615.1525507395063,105.96489716701078,108.99602443826092,-1.183737140308949e-06,6.0,180.0
-616.286731944057,106.33836034770248,109.14994643436609,-2.924527962022694e-07,6.0,180.0
-617.314693880789,106.72472330794304,109.34877405556271,-2.172505901398836e-06,6.0,180.0
-618.426998841808,106.96788276886556,109.51357153315604,-1.99146370505332e-06,6.0,180.0
-619.7054246302764,107.10097717584986,109.7911161070138,-5.849053650308633e-07,6.0,180.0
-621.0293559625318,107.29880097015018,110.23767165920596,-1.420484522896004e-06,6.0,180.0
-622.3488140493157,107.72227746738476,110.7482712323338,-3.20305389323039e-07,6.0,180.0
-623.6641385587094,108.19856617245844,111.12252340542211,-3.20305389323039e-07,6.0,180.0
-624.8910645944112,108.41752850064246,111.29904164183225,9.191369372274494e-07,6.0,180.0
-625.9362553929751,108.34861405227176,111.32379077617178,-6.127581855253084e-07,6.0,180.0
-626.7388176466726,108.07481317345476,111.20194034595708,-1.15588454718818e-06,6.0,180.0
-627.3354591316848,107.89269407823612,111.00024014204236,-1.601526719241519e-06,6.0,180.0
-627.8769216798415,107.94507531482569,110.87921445558844,1.072326540452195e-06,6.0,180.0
-628.3019690387969,107.92986388989344,110.98203055775464,-3.425874410822871e-06,6.0,180.0
-628.4941789104139,107.93535551650172,111.27068983656427,-3.425874410822871e-06,6.0,180.0
-628.6394253346521,108.26580009523548,111.49673264882664,-4.595685823005624e-07,6.0,180.0
-628.9135945998471,108.65724608698312,111.65999297408514,-3.286611217845348e-06,6.0,180.0
-629.263509280849,108.79075290827916,111.9067273247686,7.520211511291564e-07,6.0,180.0
-629.6791190268638,108.78987312108912,111.98416371627695,-6.40610778646078e-07,6.0,180.0
-630.0397056184016,108.76458094491376,111.7242850742786,9.748418960953133e-08,6.0,180.0
-630.2341209501188,108.81217595942186,111.33245027082933,-5.988317752780858e-07,6.0,180.0
-630.4525959588124,109.01690877966747,111.07707488139802,-2.646002030814998e-07,6.0,180.0
-630.8214223528364,109.173284346211,111.08752452192908,-2.646002030814998e-07,6.0,180.0
-631.4386042603107,109.1727581687678,111.23984149080609,-9.748418960953133e-08,6.0,180.0
-632.3480912736852,109.0539038952966,111.50073564721,1.629379312362289e-06,6.0,180.0
-633.4830973275675,108.72111082670595,111.79690973209838,-2.102874304910074e-06,6.0,180.0
-634.6797370255182,108.37291660099156,111.85488701408718,-1.517968939879211e-06,6.0,180.0
-635.8158279403358,108.37943059716513,111.78456123540724,-3.175200845362269e-06,6.0,180.0
-636.9538979725448,108.7390841387194,111.86110545700213,-4.581758730637375e-06,6.0,180.0
-638.0495661912787,109.2618100417386,111.94159310280456,-4.581758730637375e-06,6.0,180.0
-639.061653520669,109.7332150300283,111.98532112632236,-7.798739716236014e-07,6.0,180.0
-640.1109970812786,110.12722635961067,112.20248718046014,-1.114105543820187e-06,6.0,180.0
-641.3474920476368,110.48123753172403,112.46425890777464,-1.949684701685328e-06,6.0,180.0
-642.7589509586062,110.62487213776342,112.69720038169928,-2.604221663204953e-06,6.0,180.0
-644.1062155615633,110.60077750384848,113.15596651072924,-4.87421175421332e-07,6.0,180.0
-645.1740477784605,110.61799780542832,113.78692793399492,4.59568354926887e-07,6.0,180.0
-645.7417869928953,110.78786079943627,114.22276324615238,-1.977537294806098e-06,6.0,180.0
-645.846291721755,111.11483257561568,114.4838639970264,-1.977537294806098e-06,6.0,180.0
-645.882417637219,111.43585527155008,114.92946359488975,-1.657231905483059e-06,6.0,180.0
-645.7719781889093,111.72983896061514,115.63180725492973,-2.85489545603923e-06,6.0,180.0
-645.2996189738193,112.10534956133029,116.1033373514172,-2.813116452671238e-06,6.0,180.0
-644.6996821303657,112.55692015988822,115.93504736386129,-2.01931629817409e-06,6.0,180.0
-644.3080679289054,112.8626453725125,115.44275649758028,-2.548516476963414e-06,6.0,180.0
-644.2574395440408,112.83681222955406,115.11329283589264,6.406105512724025e-07,6.0,180.0
-644.391292167224,112.63710766557476,115.0933836430013,-2.534590066716191e-06,6.0,180.0
-644.7421653424288,112.3527306912706,115.22991410577944,-2.534590066716191e-06,6.0,180.0
-645.5400167365343,111.98283044244172,115.3091239020156,-9.887687610898863e-07,6.0,180.0
-646.5224295392986,111.6503144693619,115.3660793235477,1.392618287354708e-08,6.0,180.0
-647.3919596322007,111.39016263835536,115.48450054385056,-1.197663550556172e-06,6.0,180.0
-648.3259706302371,111.2649940944062,115.830667009816,-6.963159648876174e-08,6.0,180.0
-649.3120941734406,111.44267946541008,116.59379330108963,-5.013475856685545e-07,6.0,180.0
-650.2030024001793,111.83640706701637,117.41944611103146,-4.87421175421332e-07,6.0,180.0
-651.1242473628122,112.1366710119178,118.0358580513364,-4.87421175421332e-07,6.0,180.0
-652.2577485501521,112.18747958607293,118.50662337442152,-1.378705746901687e-06,6.0,180.0
-653.5112853587093,112.10303649611144,118.67691166880928,-1.810421508707805e-06,6.0,180.0
-654.616144846638,112.12647502584024,118.51434560430104,-1.476189936511219e-06,6.0,180.0
-655.341929979831,112.45066555571186,118.20759044762308,-2.687779669940937e-06,6.0,180.0
-655.7254168881125,113.0339548493538,117.87981508608851,2.088947894662851e-07,6.0,180.0
-656.1455609667195,113.59596591219145,117.70296599912166,-8.355791578651406e-07,6.0,180.0
-656.7302117265444,114.01711435837748,117.76232394096958,-6.40610778646078e-07,6.0,180.0
-657.2977062504095,114.33673553498784,117.86139459434966,-6.40610778646078e-07,6.0,180.0
-657.664484995016,114.46167330560635,117.88404885811556,8.773579338594573e-07,6.0,180.0
-657.8175594161289,114.38096611318176,117.83374021565056,-1.309074150412926e-06,6.0,180.0
-657.9463048345482,114.27678137273112,117.7319986654027,-2.729558673308929e-06,6.0,180.0
-658.0796022582009,114.28814841635614,117.54421096880203,-3.537285010679625e-06,6.0,180.0
-658.0734723908971,114.31108337902585,117.20159406056484,-1.406558340022457e-06,6.0,180.0
-657.9912429831418,114.27329611254946,116.8743587332296,1.671158088356606e-06,6.0,180.0
-657.9749774821204,114.2898677479316,116.683309869554,1.671158088356606e-06,6.0,180.0
-658.0560912828237,114.37947733973311,116.68656418241736,-1.893979515443789e-06,6.0,180.0
-658.4004234130425,114.62925221132016,117.1400461292192,2.019316070800414e-06,6.0,180.0
-659.1467137010103,115.14244074645144,117.9630951713263,5.291999514156487e-07,6.0,180.0
-660.2779963599173,115.77381667675851,118.6539416217136,5.431263616628712e-07,6.0,180.0
-661.6810016468872,116.36967094756456,119.1048725135978,-3.049863835258293e-06,6.0,180.0
-663.0787142830911,116.90509390913311,119.59137030444892,1.155884319814504e-06,6.0,180.0
-664.6237517423488,117.33886741903322,120.06144712064656,2.924525688285939e-07,6.0,180.0
-666.4528622432284,117.6296793777701,120.43596536886434,2.924525688285939e-07,6.0,180.0
-667.9979186010899,117.82362682054534,120.8807571659749,-1.768642505339812e-06,6.0,180.0
-669.1636145632025,118.038493129787,121.21221999444772,-1.378705746901687e-06,6.0,180.0
-670.2440099518568,118.33302853726184,121.33714754186602,1.392618287354708e-08,6.0,180.0
-671.1398935944188,118.52953636011942,121.6507484268999,-1.044473947331426e-06,6.0,180.0
-671.830040727298,118.49133251984162,122.134344400865,1.392631929775234e-07,6.0,180.0
-672.4480096687272,118.42471140611666,122.50626830506604,-1.587600308994297e-06,6.0,180.0
-672.9696751179729,118.48214476132316,122.8300516692864,-1.587600308994297e-06,6.0,180.0
-673.2362589228375,118.53320572010134,123.11341358263029,-1.907905698317336e-06,6.0,180.0
-673.2438825997534,118.3856822142723,123.23264823836298,-6.823897820140701e-07,6.0,180.0
-673.1584543272133,118.1226854855775,123.09839613157928,1.128031726693735e-06,6.0,180.0
-672.9886398803353,117.93787825902736,122.77395142477906,-1.239442553924164e-06,6.0,180.0
-672.6325708880088,117.79851255937103,122.48164418043802,6.266843683988554e-07,6.0,180.0
-672.1909604658927,117.71713423964684,122.26876883307683,-1.921832108564558e-06,6.0,180.0
-671.8703115984237,117.7324772056986,122.06328029265502,-8.216529749915935e-07,6.0,180.0
-671.7516503835902,117.90318369918322,121.87023799374766,-8.216529749915935e-07,6.0,180.0
-671.8317989382663,118.36464456674604,121.74685253732812,-3.105569248873508e-06,6.0,180.0
-672.0536112775123,118.8537506049322,121.73186378992123,-9.191371646011248e-07,6.0,180.0
-672.2492838945909,119.02866670351816,121.79852006151827,-1.183737140308949e-06,6.0,180.0
-672.362793005509,119.05567432841896,121.90280777761164,1.963610884558875e-06,6.0,180.0
-672.7574473494584,119.11666682935596,121.9790134010429,-8.773581612331327e-07,6.0,180.0
-673.6795916118184,119.17285472245312,122.18773298195926,-5.431265890365466e-07,6.0,180.0
-674.799638337278,119.30715897178962,122.67742993772968,-5.431265890365466e-07,6.0,180.0
-675.9682048636431,119.559419924599,123.14106083434812,-8.355800673598426e-08,6.0,180.0
-677.4073051394486,119.6961496639939,123.42170419406985,-2.381400690865121e-06,6.0,180.0
-679.1088784256053,119.58422018181658,123.75137310000756,-7.659475613763789e-07,6.0,180.0
-680.7983271320072,119.27929381704205,124.18874773458164,-5.570541361521465e-08,6.0,180.0
-682.1283607193571,119.09254851118976,124.5741651026487,-1.10017936094664e-06,6.0,180.0
-683.031022913544,119.3368631597162,124.997327361773,-2.952379645648762e-06,6.0,180.0
-683.7719516457515,119.7879824297209,125.55171101459128,-3.579064014047617e-06,6.0,180.0
-684.3482138841588,120.120248467634,126.03842952761528,-3.579064014047617e-06,6.0,180.0
-684.6153275617545,120.25062430720808,126.50637728767516,-1.197663550556172e-06,6.0,180.0
-684.8150668417306,120.27939369641106,127.02798753409331,-2.46495847022743e-06,6.0,180.0
-685.1695067026002,120.22526647936712,127.40097309139756,5.152737685421016e-07,6.0,180.0
-685.5189156258036,119.89485459639867,127.45895527706772,-4.87421175421332e-07,6.0,180.0
-685.5271822356982,119.45392691518808,127.20746863013406,8.495053407386877e-07,6.0,180.0
-685.2004833174296,119.29134300135216,126.79905539272823,-1.712937319098273e-06,6.0,180.0
-684.877721215093,119.2841708454906,126.34493842213702,-2.144653080904391e-06,6.0,180.0
-684.7630643783739,119.0399269180514,126.00262705010483,-2.144653080904391e-06,6.0,180.0
-684.8523193294366,118.56998056234548,125.73716375144645,-2.367474280617898e-06,6.0,180.0
-684.9376005618199,118.27032961359512,125.54677148360508,-1.643305722609512e-06,6.0,180.0
-685.0243420628486,118.37077563861727,125.58999243284303,-8.07726564744371e-07,6.0,180.0
-685.3420306514261,118.80531436662795,125.74333017872192,2.033242481047637e-06,6.0,180.0
-685.962475200845,119.38881791997672,125.84343278495172,-9.748418960953133e-08,6.0,180.0
-686.8605208315968,119.91040725549496,125.82340278242724,-6.266843683988554e-07,6.0,180.0
-687.9726248639753,120.3566385566514,125.7060516097978,-6.266843683988554e-07,6.0,180.0
-689.2795718381549,120.81847864566144,125.5298090663369,1.016621126836981e-06,6.0,180.0
-690.7612475876856,121.23565625231252,125.40352551500996,6.266843683988554e-07,6.0,180.0
-692.257107423339,121.56373680468788,125.49198416296332,-5.013475856685545e-07,6.0,180.0
-693.648603276093,121.8816815324008,125.87973539227085,-8.634317509859102e-07,6.0,180.0
-695.0152892327485,122.24702791562764,126.40137727294488,-7.380949682556093e-07,6.0,180.0
-696.4645979221577,122.5794661836796,126.82858592356314,-5.988317752780858e-07,6.0,180.0
-697.9873452261158,122.68329756090104,127.27997332787274,-5.431265890365466e-07,6.0,180.0
-699.3091151174795,122.61474741720048,127.69831230469156,-5.431265890365466e-07,6.0,180.0
-700.1223172745802,122.63670752013458,127.92115667133254,6.127579581516329e-07,6.0,180.0
-700.4473102320802,122.72578757056412,128.19919608498714,-4.177895789325703e-07,6.0,180.0
-700.4791262101373,122.74310895790428,128.55948110903145,-2.478884880474652e-06,6.0,180.0
-700.4645408863496,122.67493679280877,128.85907790277537,-1.699010908851051e-06,6.0,180.0
-700.4723210165671,122.53962609726138,129.12714557254128,-9.748418960953133e-08,6.0,180.0
-700.2499233794545,122.3996580598908,129.3387041656462,-1.058400357578648e-06,6.0,180.0
-699.8167946754166,122.2762714306858,129.41211577581808,-1.058400357578648e-06,6.0,180.0
-699.5299914025625,122.22290214731642,129.40456120337848,-2.325695277249906e-06,6.0,180.0
-699.3639152549192,122.2898298047041,129.49234212783688,-1.406558340022457e-06,6.0,180.0
-699.1852849633498,122.35609526083488,129.63216827725643,-9.191371646011248e-07,6.0,180.0
-699.1140115879566,122.33119784852784,129.76050086213309,-2.715632263061707e-06,6.0,180.0
-699.1787996436865,122.25800954279411,129.91446353968658,-1.643305722609512e-06,6.0,180.0
-699.4397203002516,122.225429053656,130.08280426718278,-1.12803195406741e-06,6.0,180.0
-700.045195723173,122.42827299609392,130.17929710228628,4.038631686853478e-07,6.0,180.0
-700.9235776192222,122.7795028532898,130.3905376825243,4.038631686853478e-07,6.0,180.0
-701.941435728962,122.90144849033156,130.94012264035845,-7.102423751348397e-07,6.0,180.0
-703.1320072511888,122.9331167284739,131.5764606415333,-2.729558673308929e-06,6.0,180.0
-704.4082632894624,123.03493645692468,132.03121119210897,1.016621126836981e-06,6.0,180.0
-705.5719575862548,123.05863070579076,132.29778952908765,-1.28122132991848e-06,6.0,180.0
-706.6755898467335,123.06190759046824,132.52884824554303,6.127579581516329e-07,6.0,180.0
-707.673755529804,123.21242494911785,132.94981549027477,6.823895546403946e-07,6.0,180.0
-708.3523619603463,123.61117278404578,133.42328139908244,6.823895546403946e-07,6.0,180.0
-708.9869176712283,124.2721001536774,133.63885099667198,-1.141958136940957e-06,6.0,180.0
-709.7439089406337,125.031852746799,133.82028935134778,4.317157618061174e-07,6.0,180.0
-710.3741997179496,125.38051962134186,134.31520388828912,4.87421175421332e-07,6.0,180.0
-710.9594563288725,125.12319673645622,134.94257849179652,-2.771337449303246e-06,6.0,180.0
-711.5740774584103,124.80849281033568,135.2800836911508,4.177877599431668e-08,6.0,180.0
-712.0762555428942,124.74493397472276,135.28354426333988,-1.336926743533695e-06,6.0,180.0
-712.312664329254,124.61447115683686,135.078776202545,-5.570527719100937e-07,6.0,180.0
-712.2710578422425,124.33672773029636,134.61778321717452,-5.570527719100937e-07,6.0,180.0
-712.1656116629285,124.1321928623367,134.00494357656683,6.823895546403946e-07,6.0,180.0
-712.0561946492599,124.13703720335155,133.3802172330471,9.191369372274494e-07,6.0,180.0
-711.9893627113114,124.45758527601684,132.8568679690789,-1.72686350197182e-06,6.0,180.0
-712.1634737638215,124.9060300040873,132.68566582494304,1.128031726693735e-06,6.0,180.0
-712.696599576534,125.16483303296872,132.8727561897393,2.381400463491445e-06,6.0,180.0
-713.6078750817495,125.2028648636816,133.30759737348785,1.253367827303009e-07,6.0,180.0
-714.7990568308325,125.13985529819868,133.9555227917199,-2.228211997135077e-07,6.0,180.0
-715.9758648438165,125.10568481704892,134.52321883857613,-2.228211997135077e-07,6.0,180.0
-716.9238717791468,125.0803286568771,134.7856387837221,8.216527476179181e-07,6.0,180.0
-717.7669803886015,125.10573165689677,134.76701886829707,-4.595685823005624e-07,6.0,180.0
-718.6616222143355,125.43263373664468,134.59054063552497,2.78525931207696e-08,6.0,180.0
-719.6088223964629,125.98565437253208,134.5671425322533,-2.186432084272383e-06,6.0,180.0
-720.4874054597632,126.48810218078602,134.76852878219094,5.291999514156487e-07,6.0,180.0
-721.1920115558004,126.95353178942804,135.08532675576618,-2.228211997135077e-07,6.0,180.0
-721.8618299795801,127.43247474706143,135.4961577510176,-2.228211997135077e-07,6.0,180.0
-722.5992565461431,127.78326982728883,135.96362692288668,-1.211589733429719e-06,6.0,180.0
-723.4089203875451,128.00408324316146,136.37962536414736,1.531893758510705e-07,6.0,180.0
-724.1956041819064,128.212352791816,136.63081966087495,-2.687779669940937e-06,6.0,180.0
-724.7266328818246,128.31032491908917,136.76546894547027,-2.228211997135077e-07,6.0,180.0
-725.135507938664,128.10760837220545,136.82004597941142,-4.734949925477849e-07,6.0,180.0
-725.5737859058513,127.7195788757514,136.79745123758025,6.266843683988554e-07,6.0,180.0
-725.8265822803962,127.49752953608451,136.79462322563617,-2.130726898030844e-06,6.0,180.0
-725.8154533486428,127.63630517435476,136.9868496022434,-2.130726898030844e-06,6.0,180.0
-725.7916485616462,128.03098248273074,137.28895209954035,4.038631686853478e-07,6.0,180.0
-725.8623589742444,128.41907159875828,137.39762476172285,-7.659475613763789e-07,6.0,180.0
-725.8716615230326,128.84294872499652,137.29558537289375,-1.392641024722252e-08,6.0,180.0
-725.7692966269998,129.39949325916183,137.04612421194986,-1.295147740165703e-06,6.0,180.0
-725.6616201752057,130.0257769735813,136.64670444740636,-9.052107543539024e-07,6.0,180.0
-725.7688543306407,130.73716887482885,136.2578785590102,1.810421281334129e-06,6.0,180.0
-726.3021510553649,131.4149907487729,136.14308685597447,1.810421281334129e-06,6.0,180.0
-727.3168237814909,131.96770248686917,136.31326769970914,1.685084498603828e-06,6.0,180.0
-728.5167625193255,132.3624132829578,136.60435120979864,3.342315721965861e-07,6.0,180.0
-729.6370855514408,132.49933983368868,137.11905972558347,1.114105543820187e-06,6.0,180.0
-730.8757743802075,132.4360095682991,137.85531203345658,-5.849053650308633e-07,6.0,180.0
-732.1981102931605,132.26065075046023,138.5023047953312,-1.448337343390449e-06,6.0,180.0
-733.4655838042993,132.01960546241415,138.9948350218392,1.420484522896004e-06,6.0,180.0
-734.7249443827081,131.77292964927005,139.55765238110862,-2.381400690865121e-06,6.0,180.0
-735.8717021849112,131.59026342733063,140.14245928482862,-2.381400690865121e-06,6.0,180.0
-736.843300198696,131.60878037858438,140.60128572121965,7.79873744249926e-07,6.0,180.0
-737.6459087281896,131.8127544754562,140.97713158626215,-8.773581612331327e-07,6.0,180.0
-738.370325466988,132.0014180715136,141.2791302583331,-1.225516143676941e-06,6.0,180.0
-738.9414023372207,132.07428053691143,141.53439660313765,-6.823897820140701e-07,6.0,180.0
-739.2836201267967,132.06173706320388,141.6889067032618,-4.87421175421332e-07,6.0,180.0
-739.5579237470421,131.98553750237983,141.67844106901893,-1.462263526263996e-06,6.0,180.0
-739.6839575359836,131.8711649220727,141.6258176803309,-1.462263526263996e-06,6.0,180.0
-739.4108996886464,131.71984889490102,141.62410405074343,-2.478884880474652e-06,6.0,180.0
-738.9720482783122,131.6512855188975,141.59322016499195,1.086252723325742e-06,6.0,180.0
-738.7416702338667,131.83422344905875,141.55196300056093,5.988315479044104e-07,6.0,180.0
-738.6947171456251,132.136804051933,141.67082905443027,-1.490116119384766e-06,6.0,180.0
-738.8346339780954,132.30678869110395,141.8817890156965,1.392631929775234e-06,6.0,180.0
-739.0689349434952,132.37391246631643,142.04967308429957,-1.28122132991848e-06,6.0,180.0
-739.1871459752485,132.4797301806193,142.2641040926631,1.323000333286473e-06,6.0,180.0
-739.2699161270227,132.5863269730192,142.4920444626308,1.323000333286473e-06,6.0,180.0
-739.6131199120315,132.79842892191283,142.54900126954269,2.78525931207696e-08,6.0,180.0
-740.2586054382048,133.13969808744568,142.56423092654984,-8.355791578651406e-07,6.0,180.0
-740.9984140298253,133.4328932455691,142.79006401696964,-8.355791578651406e-07,6.0,180.0
-741.7357643702227,133.71997132959413,143.2199316042534,-1.504042529631988e-06,6.0,180.0
-742.4982106901805,134.05242402465282,143.84233853299492,-1.323000333286473e-06,6.0,180.0
-743.4327819099713,134.4251717988832,144.6142406452471,-2.785263859550469e-06,6.0,180.0
-744.5789030047006,134.84734963432314,145.3803135923908,1.267294919671258e-06,6.0,180.0
-745.8494529261635,135.0885923183908,146.111926406274,1.267294919671258e-06,6.0,180.0
-747.0754530584483,134.92062686854632,146.8024000400406,-2.116800487783621e-06,6.0,180.0
-748.1672731302284,134.66463884657648,147.28808869698793,-1.72686350197182e-06,6.0,180.0
-749.2201792104743,134.65327476525695,147.33373290017738,-1.016621354210656e-06,6.0,180.0
-750.2005521054239,134.73454188675998,146.9652272558989,-7.380949682556093e-07,6.0,180.0
-751.0876395023184,134.8370516663185,146.67594008069452,-1.559747715873527e-06,6.0,180.0
-751.8078042510322,135.0952319243889,146.76348171220238,8.495053407386877e-07,6.0,180.0
-752.2907579489186,135.48602082434604,147.07961449650165,8.495053407386877e-07,6.0,180.0
-752.5592348802519,135.7450579579851,147.42272255013464,3.481579824438086e-07,6.0,180.0
-752.64470813245,135.74744491810043,147.5429455330733,-1.810421963455155e-07,6.0,180.0
-752.6618610870817,135.83127040031803,147.32069274814845,-1.323000333286473e-06,6.0,180.0
-752.7208434383675,136.27150240495536,146.7800478847845,8.912843441066798e-07,6.0,180.0
-752.8849045109489,136.9002971490634,146.09119752821678,9.74842350842664e-07,6.0,180.0
-753.1334828481421,137.4465646300966,145.3838832932158,-9.74842350842664e-07,6.0,180.0
-753.4034209521161,137.9262359959026,144.65863006250993,-1.448337343390449e-06,6.0,180.0
-753.6946365239162,138.52164465577064,144.11782554123897,-1.448337343390449e-06,6.0,180.0
-754.1948856040962,139.16193809549804,143.93149225668242,-1.183737140308949e-06,6.0,180.0
-754.9880390857594,139.7196419734992,144.10165029540795,7.241685580083868e-07,6.0,180.0
-755.917397252404,140.17095851713577,144.51344818980488,-2.047168891294859e-06,6.0,180.0
-756.9645743114064,140.4100290328991,144.94904552423608,9.052107543539024e-07,6.0,180.0
-758.0286575188322,140.4114119412293,145.2693557115143,1.67115786098293e-07,6.0,180.0
-758.9160314861241,140.3090007752285,145.70558411252446,1.002694943963434e-06,6.0,180.0
-759.8530435870813,140.0937768849239,146.4496605567782,1.002694943963434e-06,6.0,180.0
-761.0402974824065,139.7453106570105,147.21524795477723,-1.643305722609512e-06,6.0,180.0
-762.2654633673419,139.49452273064446,147.81999536996375,8.077263373706955e-07,6.0,180.0
-763.3020165782672,139.47010783873208,148.2690049566951,-7.520213785028318e-07,6.0,180.0
-764.1206607835527,139.48743222358138,148.5261741200098,1.671158088356606e-06,6.0,180.0
-764.7794266499274,139.42714803634118,148.5614821814895,1.364779109280789e-06,6.0,180.0
-765.3658641617806,139.36575502997945,148.42435393029416,7.520211511291564e-07,6.0,180.0
-765.9854996036419,139.31849318537803,148.35049760139626,6.823895546403946e-07,6.0,180.0
-766.6935389639341,139.2205085755265,148.58196371164436,6.823895546403946e-07,6.0,180.0
-767.286540400734,139.06290991062798,149.00959838594207,1.643305495235836e-06,6.0,180.0
-767.5772776704613,138.97335545295363,149.34028189639383,2.088947894662851e-07,6.0,180.0
-767.706887670301,138.9335478930592,149.4238621646116,5.988315479044104e-07,6.0,180.0
-767.7720554414263,138.79776024148234,149.33986854715724,2.924525688285939e-07,6.0,180.0
-767.7380016903882,138.6244462080382,149.2527496331038,0.0,6.0,180.0
-767.6641479970494,138.54972377338834,149.2502102502005,-9.60916167969117e-07,6.0,180.0
-767.7508502508288,138.63813367538452,149.45390940051675,-9.60916167969117e-07,6.0,180.0
-767.9419987419742,138.81784931922135,149.72616473918123,1.197663323182496e-06,6.0,180.0
-768.1841815367427,138.9345467730963,149.83431448314786,1.699010908851051e-06,6.0,180.0
-768.805798646473,138.9191813612237,149.80921073748772,-1.141958136940957e-06,6.0,180.0
-769.7939077085042,138.92362159769934,149.74462182266043,-1.211589733429719e-06,6.0,180.0
-770.8794949474197,139.04058524119947,149.8066873081729,1.128031726693735e-06,6.0,180.0
-772.09855774702,139.11946523411612,149.9451076570288,-1.225516143676941e-06,6.0,180.0
-773.4163268944488,139.0974479656617,149.9899266024854,-1.476189936511219e-06,6.0,180.0
-774.6575550649627,139.05429208445446,150.16912878927687,-1.476189936511219e-06,6.0,180.0
-775.7765839876338,139.20000002287452,150.6478204606718,-9.74842350842664e-07,6.0,180.0
-776.7610713650909,139.55987421286835,151.23931484670752,-4.122190148336813e-06,6.0,180.0
-777.6358387818573,140.00762467994645,151.76826127885582,-1.28122132991848e-06,6.0,180.0
-778.4526425256246,140.5480120854453,152.20574518264186,-7.241685580083868e-07,6.0,180.0
-779.2037232917833,141.10343363586065,152.66637237350582,-3.147348024867824e-06,6.0,180.0
-779.8694043636882,141.6079522438207,153.34343438035407,-6.684633717668476e-07,6.0,180.0
-780.4568490583423,141.97009140454406,154.1719086491956,-6.684633717668476e-07,6.0,180.0
-780.9702265751654,142.08398199164637,154.8219018923034,-3.342317995702615e-07,6.0,180.0
-781.3372878819195,141.9918392626058,155.123729758582,-1.824347918955027e-06,6.0,180.0
-781.5752327276575,141.7761798385551,155.1526610223439,-1.921832108564558e-06,6.0,180.0
-781.82809286986,141.51721505602245,155.16011643325103,-1.977537294806098e-06,6.0,180.0
-782.0986096404479,141.4842767706955,155.2679939996962,-3.342317995702615e-07,6.0,180.0
-782.296891089533,141.7962997587103,155.2772518569287,-4.734949925477849e-07,6.0,180.0
-782.2924603342934,142.1689932255191,155.2335002471688,-2.269990091008367e-06,6.0,180.0
-782.1531883857822,142.43618774825978,155.32974628477544,-2.269990091008367e-06,6.0,180.0
-782.2998265734955,142.64511938810813,155.39112059830862,1.100179133572965e-06,6.0,180.0
-782.899111475085,142.82692774809692,155.39197957485422,-9.60916167969117e-07,6.0,180.0
-783.743074287631,142.98961041911485,155.50424674443235,-1.12803195406741e-06,6.0,180.0
-784.678775607985,143.179941937384,155.65640418927336,-2.868821866286453e-06,6.0,180.0
-785.6489035996557,143.37615048181326,155.8318439592914,-1.434410933143226e-06,6.0,180.0
-786.7140047084849,143.55702049201585,156.11812053474847,-7.241685580083868e-07,6.0,180.0
-787.9618269744739,143.77105137478213,156.51207065918763,-9.60916167969117e-07,6.0,180.0
-789.0934724285264,144.01912269307894,156.86856715723087,-9.60916167969117e-07,6.0,180.0
-789.9967444019137,144.35643709348454,156.98773938462816,-2.91060064228077e-06,6.0,180.0
-791.1728074646711,144.73511967528037,156.97677299222033,-4.595685823005624e-07,6.0,180.0
-792.7248905903973,145.0299467785353,156.95515496905003,-2.186432084272383e-06,6.0,180.0
-794.2795733342821,145.15812967510095,156.83754982963708,4.177895789325703e-07,6.0,180.0
-795.6188239618011,145.15245001540202,156.80900279488878,-1.225516143676941e-06,6.0,180.0
-796.6732922035022,145.34790302376925,157.1398900729205,-1.169810957435402e-06,6.0,180.0
-797.5102233409748,145.90620492150026,157.57659263425964,-1.169810957435402e-06,6.0,180.0
-798.1823643919449,146.6283907737455,157.72333989494842,7.938001544971485e-07,6.0,180.0
-798.6314282944053,147.41346710585685,157.53703753934593,-5.849053650308633e-07,6.0,180.0
-798.9241203665359,148.12600300179824,157.22106782214036,-1.949686065927381e-07,6.0,180.0
-799.2181226346199,148.4500632951976,157.11847958058195,-1.183737140308949e-06,6.0,180.0
-799.5870166580493,148.3971791548128,157.36462567863694,-2.506737928342773e-07,6.0,180.0
-799.9538586100574,148.18528558484303,157.72256618186609,-1.434410933143226e-06,6.0,180.0
-800.2081921441181,147.89402122791702,157.91566673457515,-1.253370101039764e-07,6.0,180.0
-800.3120429902426,147.5847984165459,157.8798036455215,-1.253370101039764e-07,6.0,180.0
-800.2782652948383,147.24588311806525,157.60411655780177,-2.367474280617898e-06,6.0,180.0
-800.2813310921927,146.9949204085776,157.20630408458564,6.406105512724025e-07,6.0,180.0
-800.4126482102782,147.02968459793678,156.9190283185956,-4.177900336799213e-08,6.0,180.0
-800.5904693448718,147.24060448438922,156.70595799591538,-1.657231905483059e-06,6.0,180.0
-800.9794371514367,147.4136088651582,156.58913159409963,-1.016621354210656e-06,6.0,180.0
-801.8594970409013,147.4224348576132,156.70210675832104,7.659475613763789e-07,6.0,180.0
-803.0659165378036,147.20571084480204,156.9469374499498,7.659475613763789e-07,6.0,180.0
-804.2858763835605,146.94410585808495,157.26439693783783,-1.10017936094664e-06,6.0,180.0
-805.5998578306617,146.9665074775515,157.6025420997314,8.634317509859102e-07,6.0,180.0
-806.9550225402585,147.29428432072942,158.0897207240433,2.311768867002684e-06,6.0,180.0
-808.1115035631396,147.6230698599643,158.9711225156167,1.866126694949344e-06,6.0,180.0
-808.9645228638117,147.82171418753646,159.9969130861777,-9.191371646011248e-07,6.0,180.0
-809.566928491838,148.13295358611353,160.82992269090408,-1.309074150412926e-06,6.0,180.0
-810.2694801781756,148.61731706485432,161.36813784303894,-1.183737140308949e-06,6.0,180.0
-811.0865256910139,149.03700450727453,161.55616967176195,-1.183737140308949e-06,6.0,180.0
-811.6898083272537,149.42266312395907,161.50698657360303,-2.047168891294859e-06,6.0,180.0
-812.0959864108655,150.03573590761172,161.48784163793417,-3.899369858118007e-07,6.0,180.0
-812.5078923539925,150.88555239697348,161.71804867902836,4.177877599431668e-08,6.0,180.0
-812.8893724135794,151.5876732463944,162.21285150147168,2.520663656468969e-06,6.0,180.0
-813.10932978657,151.99736381112174,162.83588808028725,6.406105512724025e-07,6.0,180.0
-813.2697173867105,152.41907924990522,163.48914910183703,2.604221663204953e-06,6.0,180.0
-813.5401194469616,152.85288577976226,163.95031370445514,2.604221663204953e-06,6.0,180.0
-814.0602652432244,153.05557982104494,164.05404041270012,1.197663323182496e-06,6.0,180.0
-814.7733271080126,152.9846944602374,163.98085786719656,2.019316070800414e-06,6.0,180.0
-815.4303755711691,152.73310471797524,163.81702389483206,-3.063789790758165e-07,6.0,180.0
-816.0287156731993,152.48746537341304,163.58868681510998,-1.53189603224746e-07,6.0,180.0
-816.6461018306984,152.43499243990334,163.5191578492319,-5.709791821573162e-07,6.0,180.0
-817.3823726772815,152.5175197926376,163.6949385018524,-1.044473947331426e-06,6.0,180.0
-818.4102597444232,152.49693206799745,164.02351571850363,-1.030547764457879e-06,6.0,180.0
-819.4937184412274,152.42005513867971,164.4786691170313,-1.030547764457879e-06,6.0,180.0
-820.4657588802211,152.3381857376608,164.99597270830697,-1.782568915587035e-06,6.0,180.0
-821.6368490264738,152.1594824903881,165.46629845568887,1.128031726693735e-06,6.0,180.0
-823.0546738909487,152.06749323609938,165.92852092000186,-7.938001544971485e-07,6.0,180.0
-824.3765329202361,152.1628020409232,166.36972843053735,-9.33063347474672e-07,6.0,180.0
-825.4790121933934,152.33057549809368,166.74938460635815,-1.601526719241519e-06,6.0,180.0
-826.5804967139132,152.65677162756802,167.14802224010137,2.687779442567262e-06,6.0,180.0
-827.8583199351485,153.23309873355598,167.54619148179555,1.852200284702121e-06,6.0,180.0
-829.2451116228509,153.74866003237855,167.97527997103762,1.852200284702121e-06,6.0,180.0
-830.4118188968433,153.90676344959928,168.41882338267357,5.709789547836408e-07,6.0,180.0
-831.1648605709624,153.7820511739024,168.70899086346571,-9.748418960953133e-08,6.0,180.0
-831.6124913900169,153.6141320682578,168.91707904466773,-1.169810957435402e-06,6.0,180.0
-831.9185355016313,153.6178483892459,169.20791964918556,-1.141958136940957e-06,6.0,180.0
-832.2654318702682,153.77067434495393,169.52547361852012,0.0,6.0,180.0
-832.6867461525597,153.80025930094337,169.8163525579805,-2.785282049444504e-08,6.0,180.0
-832.9508763729008,153.67642244857893,170.1262895869616,-2.785282049444504e-08,6.0,180.0
-832.909467647246,153.6692221234757,170.3501149848448,-1.57367412612075e-06,6.0,180.0
-832.760005857261,153.75487569635652,170.2720785831645,4.59568354926887e-07,6.0,180.0
-832.6761382695254,153.80688463391266,169.92604836857828,-1.601526719241519e-06,6.0,180.0
-832.7360606025055,153.98051087284776,169.70077983649745,5.431263616628712e-07,6.0,180.0
-833.095915053101,154.32101530840023,169.69159934842557,1.253367827303009e-07,6.0,180.0
-833.926597634881,154.6154401457732,169.58269845483602,8.355777936230879e-08,6.0,180.0
-835.0490366067114,154.90077776284136,169.4046604565363,2.701705852814484e-06,6.0,180.0
-836.1045661965179,155.41677357588537,169.38476282843357,2.701705852814484e-06,6.0,180.0
-837.028032100654,156.12082897729712,169.56247737543978,7.102421477611642e-07,6.0,180.0
-837.9113572298875,156.82630182880334,169.81891390732113,-2.646002030814998e-07,6.0,180.0
-838.900770701218,157.5299910171234,170.01761346767455,8.216527476179181e-07,6.0,180.0
-839.9620094533418,158.1469923349541,170.24542430734803,2.228209723398322e-07,6.0,180.0
-841.0398299839117,158.4410245031516,170.61755049958913,-2.339621687497129e-06,6.0,180.0
-842.2714243890488,158.40802101453366,171.0345326305303,-4.177900336799213e-08,6.0,180.0
-843.6870517587163,158.20442201300298,171.2740731141711,-4.177900336799213e-08,6.0,180.0
-844.9966486362946,158.10183619963067,171.4015016905367,1.128031726693735e-06,6.0,180.0
-845.9730903065097,158.28016338271067,171.6490449536542,-7.938001544971485e-07,6.0,180.0
-846.7272123917833,158.57072791825925,171.92997117702083,1.629379312362289e-06,6.0,180.0
-847.2861058537114,158.74483331436426,172.00808976179877,-1.336926743533695e-06,6.0,180.0
-847.8301133610466,158.70459580691096,172.05959732053847,-6.127581855253084e-07,6.0,180.0
-848.5633250826272,158.43233259499578,172.41074494947026,1.810421281334129e-06,6.0,180.0
-849.125578366391,157.97859339581606,172.80682820238906,-4.87421175421332e-07,6.0,180.0
-849.3225944885128,157.4876284982937,172.84484846778105,-4.87421175421332e-07,6.0,180.0
-849.4221369306075,157.13045076669994,172.51853911757672,-1.002694943963434e-06,6.0,180.0
-849.5342362170276,156.97948365391173,172.19227003583416,1.392631929775234e-07,6.0,180.0
-849.7521489209184,156.9241951699159,172.07758993927192,-2.785282049444504e-08,6.0,180.0
-850.1566683469662,156.87384655949063,172.02538558942513,1.657231905483059e-06,6.0,180.0
-850.6052844539176,156.97242221424716,172.09650832834058,8.077263373706955e-07,6.0,180.0
-851.2423635095582,157.30758532003836,172.2368835222235,2.506735654606018e-07,6.0,180.0
-852.1775858299468,157.67506695381928,172.14474012113206,2.506735654606018e-07,6.0,180.0
-853.1557932357455,157.8534462091509,171.90223476342712,-5.709791821573162e-07,6.0,180.0
-854.0838197494852,157.88738624098372,171.78002739106856,2.645999757078243e-07,6.0,180.0
-854.9319745511048,158.0310252061689,171.8826194190732,3.203051619493635e-07,6.0,180.0
-855.736140615229,158.3458139750047,172.13342748082056,5.152737685421016e-07,6.0,180.0
-856.6701443639506,158.75763957288257,172.39437906595452,-7.798739716236014e-07,6.0,180.0
-857.7424420424445,159.30398772861224,172.68116222126693,1.392618287354708e-08,6.0,180.0
-858.8326211604323,159.8729014437055,172.96109878774936,-9.33063347474672e-07,6.0,180.0
-859.905884356295,160.33428779948554,173.27716712591678,-9.33063347474672e-07,6.0,180.0
-860.9509741481058,160.6897669009467,173.85419001328194,1.977537294806098e-06,6.0,180.0
-861.973944810579,160.97098082919814,174.66316001209245,2.088947894662851e-07,6.0,180.0
-862.9962262287487,161.20458878680466,175.46924153521022,-5.570541361521465e-08,6.0,180.0
-863.9549302056365,161.29018367061963,176.13911769699365,-1.392641024722252e-08,6.0,180.0
-864.85438309194,161.1684125816868,176.62754724456352,1.364779109280789e-06,6.0,180.0
-865.7767472147851,161.06453503342286,176.9218753889243,8.077263373706955e-07,6.0,180.0
-866.6815041003501,161.03496796718773,177.040757649011,-1.323000333286473e-06,6.0,180.0
-867.452295749202,160.9296864458898,177.01057731308265,-1.323000333286473e-06,6.0,180.0
-868.1143637304397,160.90673837734067,176.94449645789925,-6.963159648876174e-08,6.0,180.0
-868.6919518263248,160.91853881271268,176.97747581314815,5.291999514156487e-07,6.0,180.0
-869.2744093923111,160.7478134922511,177.0761748136254,7.79873744249926e-07,6.0,180.0
-870.0481178718566,160.5662596913237,177.18837116896322,-3.662622020783601e-06,6.0,180.0
-870.8671253353555,160.554627434294,177.2631586333438,6.823895546403946e-07,6.0,180.0
-871.6076511870409,160.7274221192701,177.16942318173705,-3.620843926910311e-07,6.0,180.0
-872.3949622606094,161.14826117036264,177.03911227178844,-3.620843926910311e-07,6.0,180.0
-873.1194641036906,161.77332192088457,177.02590391699837,1.28122132991848e-06,6.0,180.0
-873.6675538832598,162.27631675621473,177.04060337331245,-1.671158315730281e-06,6.0,180.0
-874.2004499149524,162.55287348623273,177.073175735758,-1.309074150412926e-06,6.0,180.0
-874.7604842734012,162.82714339639398,177.3699790868761,5.152737685421016e-07,6.0,180.0
-875.4561625342488,163.22115163091917,178.3058243015749,-1.058400357578648e-06,6.0,180.0
-876.5444026788739,163.60668088689212,179.81064286954307,-1.699010908851051e-06,6.0,180.0
-877.8478615703087,163.83424660448716,181.3114942291813,2.78525931207696e-08,6.0,180.0
-879.0553471358369,164.0134012017649,182.48962787894885,2.78525931207696e-08,6.0,180.0
-880.1004028449173,164.26914488667643,183.45205071791847,-4.456421720533399e-07,6.0,180.0
-880.9534441035719,164.57373850424486,184.233045211894,2.367473825870547e-07,6.0,180.0
-881.6798874337402,164.78464814071867,184.72123526553725,4.317157618061174e-07,6.0,180.0
-882.5180444654554,164.8466131635143,184.9539184118276,2.144653080904391e-06,6.0,180.0
-883.4779099791816,164.959226317865,184.9935086796136,-2.242137497887597e-06,6.0,180.0
-884.3319840767592,165.19728133389856,184.93382998571852,2.645999757078243e-07,6.0,180.0
-885.193272554007,165.41646035104253,184.90957675817847,2.645999757078243e-07,6.0,180.0
-886.2491285556194,165.6029108158781,184.8043328425784,-8.216529749915935e-07,6.0,180.0
-887.270872448579,165.73943803967575,184.59532283298395,-7.380949682556093e-07,6.0,180.0
-887.878471265263,165.75284419721714,184.4529698571836,1.072326540452195e-06,6.0,180.0
-888.1184366968723,165.66951433568448,184.4270536127724,-1.99146370505332e-06,6.0,180.0
-888.3972168909513,165.55696430379606,184.42626631231565,-2.980232238769531e-06,6.0,180.0
-888.7582729604613,165.5306486606206,184.2599329138196,-2.088947894662851e-07,6.0,180.0
-888.9603056290757,165.6764799343911,183.9752746310055,-9.469897577218944e-07,6.0,180.0
-889.1659040315648,165.9347200184737,183.88763404859267,-9.469897577218944e-07,6.0,180.0
-889.789880580492,166.2620160886773,183.97568309851343,2.785263859550469e-07,6.0,180.0
-890.7644590991414,166.50225759484002,183.9301996354486,-8.07726564744371e-07,6.0,180.0
-891.7514272533399,166.52361637705687,183.7594766584105,4.317157618061174e-07,6.0,180.0
-892.7497150682417,166.65595909663458,183.68830424590368,8.773579338594573e-07,6.0,180.0
-893.9297735635831,167.10789051259832,183.824146042034,1.392618287354708e-08,6.0,180.0
-895.4063114439607,167.73824486825052,184.3462202659908,-3.620843926910311e-07,6.0,180.0
-896.9646693100544,168.3525070704363,185.26893522312253,-3.620843926910311e-07,6.0,180.0
-898.1894094158986,168.7723213157583,186.086851996392,1.893979288070113e-06,6.0,180.0
-899.0411898808286,168.95246355679217,186.4621624418945,-6.266843683988554e-07,6.0,180.0
-899.8196947376838,168.87188062828452,186.47072576496785,-2.46495847022743e-06,6.0,180.0
-900.77370307786,168.69708055272267,186.2532275840104,-2.785282049444504e-08,6.0,180.0
-901.8460749216622,168.68178978156578,186.00390223764825,-1.253368736797711e-06,6.0,180.0
-902.8258634806028,168.73164680101326,185.81187323866413,-1.044473947331426e-06,6.0,180.0
-903.719183317814,168.68242566943343,185.79745787538164,-1.309074150412926e-06,6.0,180.0
-904.6810750076348,168.47954597137402,185.9969814592105,-1.309074150412926e-06,6.0,180.0
-905.5600621572607,168.198032845826,186.18819514087124,9.33063347474672e-07,6.0,180.0
-906.213903653114,167.98642318406652,186.4026006700444,-3.342317995702615e-07,6.0,180.0
-906.7524327959684,167.86784924491056,186.8013089267551,1.267294919671258e-06,6.0,180.0
-907.159039390385,167.88496723352014,187.3347952865464,1.935758291438106e-06,6.0,180.0
-907.4545079613744,167.99476515998592,187.76336933026943,2.242137270513922e-06,6.0,180.0
-907.7245770093084,168.04130855175438,187.96403223314985,9.74842350842664e-07,6.0,180.0
-908.1642332861708,168.06085796142452,188.0708556403642,9.74842350842664e-07,6.0,180.0
-908.939498852911,168.27788617668136,188.13201056366864,-2.047168891294859e-06,6.0,180.0
-909.8782378886596,168.8196034531228,188.241942491187,-7.659475613763789e-07,6.0,180.0
-910.732898667366,169.63456934777676,188.52543110764924,2.353547870370676e-06,6.0,180.0
-911.4229192251252,170.55116457259572,188.8955365612369,2.924525688285939e-07,6.0,180.0
-912.1208189847316,171.3086665307925,189.17215077057207,-2.646002030814998e-07,6.0,180.0
-912.9589387996044,171.84670770795591,189.29300848393075,-1.044473947331426e-06,6.0,180.0
-913.9180137159394,172.2940956720826,189.2564816136539,2.701705852814484e-06,6.0,180.0
-914.8634255586636,172.5871157275419,189.04502432002548,2.701705852814484e-06,6.0,180.0
-915.5545458254468,172.61588763698975,188.8016488157176,0.0006775293149985,6.0,180.0
-915.9769619536016,172.5086633387152,188.6151737444648,0.0124601423740387,6.0,180.0
-916.1831497169004,172.48179221780515,188.4527894558368,0.0512164868414402,6.0,180.0
-916.0558605128588,172.60944711721342,188.46231260285683,0.1187314391136169,6.0,180.0
-915.4032456808204,172.71397104728794,188.6051375208028,0.2060051411390305,6.0,180.0
-914.2323427712828,172.5618573159138,188.72873418328143,0.3002581000328064,6.0,180.0
-912.828722411634,172.27308484787665,188.9332215604812,0.3971269726753235,6.0,180.0
-911.3498567108296,171.99455064789595,189.07219151608967,0.3971269726753235,6.0,180.0
-909.7365974963644,171.52783576516384,188.8907272871136,0.4952821731567383,6.0,180.0
-907.9236529180336,170.83884032180595,188.50897065211817,0.5945350527763367,6.0,180.0
-906.1080108125934,170.16893128547946,188.12867346778816,0.6941462755203247,6.0,180.0
-904.4988883458832,169.6263998807563,187.72251474739105,0.7938171625137329,6.0,180.0
-902.8881234185544,169.16682490020318,187.20959088609183,0.8936963081359863,6.0,180.0
-901.0264170128376,168.8992492681707,186.60003937443085,0.9935494661331176,6.0,180.0
-898.9317686105153,168.83744693836437,185.8942068394437,0.9935494661331176,6.0,180.0
-896.608645963527,168.6721396865474,184.9808298591647,1.093480348587036,6.0,180.0
-894.0586215557856,168.33056628411322,183.82952459879945,1.193684697151184,6.0,180.0
-891.4256741186355,167.80872523029927,182.6659683323745,1.293636202812195,6.0,180.0
-888.603290050018,167.05383891610404,181.61270206415043,1.39370334148407,6.0,180.0
-885.5598430623302,166.2773266459988,180.726950686732,1.493720769882202,6.0,180.0
-882.5671244105333,165.48467610788495,180.2355656155912,1.593534469604492,6.0,180.0
-879.7235706969144,164.6389637824423,180.07409144438074,1.693539261817932,6.0,180.0
-877.0915082441354,163.8913968727008,179.75294891342256,1.693539261817932,6.0,180.0
-874.5684814875369,163.2808120285222,179.12290309082104,1.793459415435791,6.0,180.0
-871.7776147123737,162.8292604507639,178.48733337582743,1.893399119377136,6.0,180.0
-868.6891173792744,162.4831189800868,177.81799025687738,1.993515253067017,6.0,180.0
-865.7140425131671,162.05675603224438,177.0067826938869,2.09341025352478,6.0,180.0
-862.9436330255497,161.54993288923416,176.08405120185844,2.193514585494995,6.0,180.0
-860.0948639175588,161.18852145343968,175.0433823988724,2.293545961380005,6.0,180.0
-856.9886295657906,160.94819389482032,173.9937439918339,2.293545961380005,6.0,180.0
-853.5622408109559,160.58252595978252,172.83944623268513,2.393452882766724,6.0,180.0
-849.939495271662,159.91389741394286,171.75430129937504,2.493515014648438,6.0,180.0
-846.3947804245544,158.90725085329052,171.04636831405872,2.593540906906128,6.0,180.0
-842.9911494218035,157.7480403320292,170.29779137246797,2.693524837493896,6.0,180.0
-839.6885341793056,156.63685223492783,169.18842715677542,2.793484210968018,6.0,180.0
-836.6452688945838,155.62629375739175,168.074689571911,2.893597364425659,6.0,180.0
-833.8673808916953,154.7892646443937,167.21065430234444,2.993430852890015,6.0,180.0
-831.2321163680996,154.17538106801456,166.41718851999278,2.993430852890015,6.0,180.0
-828.5799640019811,153.71412454102955,165.62408704424064,3.093448638916016,6.0,180.0
-825.7342204715427,153.38088371362286,164.93938419878975,3.193457841873169,6.0,180.0
-822.727623740399,153.05187682282556,164.38014823433488,3.293400287628174,6.0,180.0
-819.5510191471424,152.61389552714076,163.8742025609787,3.393679141998291,6.0,180.0
-816.1880860702969,152.1158566164175,163.2528480417163,3.493512630462646,6.0,180.0
-812.5984149185948,151.478357147934,162.33570681761847,3.593430757522583,6.0,180.0
-808.7923704033864,150.7301183636221,161.16716998897198,3.593430757522583,6.0,180.0
-804.9390845708444,150.1127362192619,159.99541040371713,3.69343638420105,6.0,180.0
-801.0855882111449,149.72818176126168,158.88999002713192,3.793239116668701,6.0,180.0
-797.1946567803429,149.5185271360685,157.7488744448702,3.893390893936157,6.0,180.0
-793.3040247489894,149.33140259963605,156.46638962457854,3.993529319763184,6.0,180.0
-789.6193140098048,149.07778482848437,155.15173883561388,4.093452453613281,6.0,180.0
-786.2674010101791,148.7026495381574,153.987232930286,4.193597793579102,6.0,180.0
-783.1258734113816,148.0775689413421,152.83925662745588,4.293595314025879,6.0,180.0
-779.9889326344074,147.22202683746076,151.6776765965163,4.293595314025879,6.0,180.0
-776.7248881909755,146.29519796999932,150.57280328694333,4.393533229827881,6.0,180.0
-773.3723729755368,145.41847530219306,149.47330874439166,4.493546009063721,6.0,180.0
-769.9176138002928,144.66733992218136,148.43022344927397,4.593399524688721,6.0,180.0
-766.3286924438354,143.99748888593248,147.42383718823564,4.693408489227295,6.0,180.0
-762.7280267423505,143.4644476107611,146.38717543384348,4.793495655059814,6.0,180.0
-759.2442948609664,143.20879803242445,145.47934559886338,4.893379688262939,6.0,180.0
-755.9210106821778,142.92034099133792,144.64323640955092,4.993501663208008,6.0,180.0
-752.5299355679741,142.3568308770382,143.7016136744774,4.993501663208008,6.0,180.0
-749.0369656084066,141.65566829052358,142.7721300194608,5.093471527099609,6.0,180.0
-745.680177085004,140.82829793934482,141.97362562604843,5.19327449798584,6.0,180.0
-742.2299263321609,139.9243296974684,141.18347585880676,5.29341983795166,6.0,180.0
-738.4902443219625,138.97542859813987,140.17800818334214,5.393411159515381,6.0,180.0
-734.8341831060342,137.95776625595997,139.1192200484099,5.493513584136963,6.0,180.0
-731.4877113047037,137.0442541281942,138.13823323793784,5.593623161315918,6.0,180.0
-728.1552685979809,136.15344936995555,137.04295278725485,5.593623161315918,6.0,180.0
-724.7564176165873,135.10430973197208,135.80796900376657,5.693446159362793,6.0,180.0
-721.4431975455855,134.2294351973636,134.57199558606607,5.793477058410645,6.0,180.0
-718.1825749531454,133.76692356842733,133.42268482638323,5.893457412719727,6.0,180.0
-714.8829779633932,133.47696185544115,132.3800026755016,5.993534088134766,6.0,180.0
-711.3952489620718,133.23895629141296,131.34731513357022,6.093540668487549,6.0,180.0
-707.6758502981461,133.05974332186963,130.2034988217707,6.193554878234863,6.0,180.0
-703.8130313846702,132.84001413931344,128.9944364833583,6.293511390686035,6.0,180.0
-699.8982248829201,132.58838047475544,127.6320809348981,6.293511390686035,6.0,180.0
-695.9665155494083,132.28983242850634,126.08928581450108,6.393561840057373,6.0,180.0
-691.9798081046893,131.84311245184114,124.70263152949452,6.493587017059326,6.0,180.0
-688.1030862379316,131.32551181559697,123.74802005584844,6.593675136566162,6.0,180.0
-684.5453509172356,130.83769743818536,123.18839626486576,6.69343376159668,6.0,180.0
-681.196195808239,130.34071036056508,122.79732961659526,6.793398380279541,6.0,180.0
-677.77509598359,129.78444806509142,122.46720887195092,6.893508434295654,6.0,180.0
-674.1035925064198,129.18409600201298,122.07107346396892,6.893508434295654,6.0,180.0
-670.4285104627486,128.60128808074032,121.42434807700268,6.99362325668335,6.0,180.0
-667.0088747787778,128.19106332768976,120.4699398786923,7.093560695648193,6.0,180.0
-663.7193343405921,128.1869429393479,119.24701821705727,7.193581581115723,6.0,180.0
-660.3838278107423,128.27260977527797,117.94589160763034,7.293539524078369,6.0,180.0
-656.8673248723501,127.87594659639184,116.77441615945456,7.393435955047607,6.0,180.0
-653.1538803024137,127.17063185610472,115.90256413254812,7.493407249450684,6.0,180.0
-649.2457191103741,126.51308301594136,115.02121889054784,7.593318939208984,6.0,180.0
-645.1761936236069,125.86726994234712,113.8202771398483,7.593318939208984,6.0,180.0
-640.9112932333348,125.055717743952,112.79767813156823,7.693220138549805,6.0,180.0
-636.4175140089767,124.11847232689053,112.24014306700806,7.793512344360352,6.0,180.0
-632.0811767597668,123.32732401567364,111.71735154688,7.89371395111084,6.0,180.0
-628.1057003773444,122.72431287331504,110.92977587510272,7.993619918823242,6.0,180.0
-624.2876641598463,122.11578253728209,110.08589580779272,8.093457221984863,6.0,180.0
-620.7551115895398,121.4093432643952,109.28663125926532,8.193538665771484,6.0,180.0
-617.4864691120382,120.70641035733269,108.43366437477977,8.193538665771484,6.0,180.0
-614.0028088109659,120.088351004064,107.52508883469294,8.293421745300293,6.0,180.0
-610.203143041535,119.43116587400068,106.60429070329384,8.393437385559082,6.0,180.0
-606.2498416854555,118.5253965159191,105.738859873348,8.493338584899902,6.0,180.0
-602.2055982693657,117.45223674686228,104.90008778865892,8.593213081359863,6.0,180.0
-598.1950803975798,116.50005111008603,104.08739073246495,8.693588256835938,6.0,180.0
-594.4684286478057,115.67399518552956,103.22639688991336,8.793551445007324,6.0,180.0
-591.003784932308,114.85950255600726,102.1869109257384,8.893383026123047,6.0,180.0
-587.4210596162861,113.97369970315196,100.97349468079452,8.893383026123047,6.0,180.0
-583.6260302258798,113.00797689845535,99.64953670521469,8.993456840515137,6.0,180.0
-579.8492223248951,112.2206434301988,98.47096214735208,9.093412399291992,6.0,180.0
-576.233728176038,111.79629873546004,97.42823113876528,9.193573951721191,6.0,180.0
-572.8521826105844,111.6199961840056,96.32176787002956,9.293479919433594,6.0,180.0
-569.7675615041156,111.39806324630268,95.32749902317184,9.393430709838867,6.0,180.0
-566.9376784472396,110.88312511598438,94.42893125054732,9.493441581726074,6.0,180.0
-564.0530575549674,110.2362073043675,93.51734263030164,9.59339714050293,6.0,180.0
-560.8622185404346,109.747595157879,92.86462792382866,9.59339714050293,6.0,180.0
-557.304193856635,109.3364623132506,92.38680783181697,9.693571090698242,6.0,180.0
-553.1662627460722,108.7973565124752,91.6355611980109,9.793556213378906,6.0,180.0
-548.574320493319,108.08504602663588,90.69517135188116,9.893381118774414,6.0,180.0
-543.9521004870485,107.2692171834354,89.78360774985816,9.993432998657228,6.0,180.0
-539.4858789770552,106.48038871837672,88.76523346877461,10.09346199035645,6.0,180.0
-535.2527525757739,105.86196012233844,87.46815508357336,10.19357585906982,6.0,180.0
-531.3149894937295,105.452260794962,86.02338025992414,10.19357585906982,6.0,180.0
-527.6499186427666,105.13494160193764,84.80163738090019,10.29354095458984,6.0,180.0
-524.1349128343792,104.80294169340696,83.94148644977685,10.39340209960938,6.0,180.0
-520.8813293226683,104.34260050477872,83.15958236441337,10.49329566955566,6.0,180.0
-518.0700406312873,103.72659765004693,82.12952150625142,10.59350967407227,6.0,180.0
-515.5164218654852,103.11305250901184,80.95820084244968,10.69374656677246,6.0,180.0
-512.954751492533,102.63229602351392,79.89103415159242,10.79361248016357,6.0,180.0
-510.1641996841984,102.25232390950887,78.98020833229228,10.89346218109131,6.0,180.0
-507.0178598342046,101.87997031097152,78.1154094566014,10.89346218109131,6.0,180.0
-503.5285189938997,101.57813941756233,77.24187177241558,10.99349308013916,6.0,180.0
-499.7277228890131,101.3149663478941,76.45670996951782,11.09352111816406,6.0,180.0
-495.8777589830746,101.01153131124585,75.63675826120298,11.19358825683594,6.0,180.0
-492.27657183011394,100.76816675408423,74.65532345149241,11.2934103012085,6.0,180.0
-488.8803898011728,100.53845518739104,73.62404590167093,11.39338684082031,6.0,180.0
-485.6125142813054,100.29770108744576,72.59859403867581,11.49358558654785,6.0,180.0
-482.37595756804166,100.09136795366778,71.50788716356415,11.49358558654785,6.0,180.0
-479.086952124759,99.76465604422596,70.32517337728251,11.59353923797607,6.0,180.0
-475.87785244901175,99.32375424401545,69.24357736964357,11.69368934631348,6.0,180.0
-472.787094353098,98.89572248031448,68.44093850902756,11.79352760314941,6.0,180.0
-469.7834422706175,98.38481376325976,67.89403477353508,11.89340400695801,6.0,180.0
-466.83159208348303,97.62578661738232,67.45263210621383,11.99352931976318,6.0,180.0
-463.7612941667474,96.62187899558543,66.92619015703612,12.09337329864502,6.0,180.0
-460.5786672925016,95.71828726365491,66.14104018358579,12.19328498840332,6.0,180.0
-457.3624157396912,95.14807335617076,65.12658206863092,12.19328498840332,6.0,180.0
-453.991666859943,94.62787752792218,64.22010331681226,12.29355621337891,6.0,180.0
-450.4902738529563,93.95065740595297,63.591517873368,12.39359760284424,6.0,180.0
-446.9171821125323,93.2907449619462,63.107718005347074,12.49357604980469,6.0,180.0
-443.2501486600437,92.7223392294357,62.65017913565232,12.59350490570068,6.0,180.0
-439.5515597864288,92.19643196309858,62.12847224115792,12.69345951080322,6.0,180.0
-436.086762358406,91.70901838592933,61.445682083001294,12.79354572296143,6.0,180.0
-432.9892379853721,91.18865378418772,60.48863499560076,12.79354572296143,6.0,180.0
-429.87683163400993,90.78462702733748,59.3456594726246,12.89346408843994,6.0,180.0
-426.6280525604557,90.70886178562512,58.18817505317022,12.99348258972168,6.0,180.0
-423.474225361689,90.7887559838537,56.9060239209802,13.09322643280029,6.0,180.0
-420.3098361221125,90.79608226957151,55.63109858675013,13.19349670410156,6.0,180.0
-416.9314368477461,90.49527293866824,54.57239644142842,13.29358959197998,6.0,180.0
-413.523856913366,89.77244815654588,53.60421336502836,13.39352607727051,6.0,180.0
-410.1339205282555,89.09246282749352,52.55903163216613,13.49349784851074,6.0,180.0
-406.51729491712456,88.70038929677452,51.38887369992128,13.49349784851074,6.0,180.0
-402.80900969190856,88.38140796923828,50.28778257440081,13.59340286254883,6.0,180.0
-399.3308183935405,88.15212635091177,49.35489820270477,13.693603515625,6.0,180.0
-396.1703915045808,87.96687628315026,48.47713655689372,13.79353427886963,6.0,180.0
-393.1341376298763,87.64181109701178,47.5469593219528,13.89343452453613,6.0,180.0
-390.09435917071465,87.121559697586,46.578848473754505,13.99318695068359,6.0,180.0
-387.0400357785895,86.36160364079225,45.7107667895531,14.09321784973145,6.0,180.0
-383.93821060766834,85.5478677385784,44.98889726435317,14.09321784973145,6.0,180.0
-380.8732639308901,85.00342805818168,44.32137299766734,14.19377517700195,6.0,180.0
-377.9866706738636,84.71181769496748,43.57086836906643,14.29368305206299,6.0,180.0
-375.2315382195581,84.4477770676591,42.66806999201993,14.39351367950439,6.0,180.0
-372.1870874063563,84.13140106617362,41.60468776394889,14.49356079101562,6.0,180.0
-368.67573095579553,83.71822768121508,40.35622845285758,14.59353256225586,6.0,180.0
-364.9437832933311,83.07252965553076,38.95591693764712,14.69358444213867,6.0,180.0
-361.0980897524012,82.33048955776559,37.57443743876106,14.79345703125,6.0,180.0
-357.23393359123537,81.70003775537879,36.43529034060486,14.79345703125,6.0,180.0
-353.5057573285824,81.16607073181173,35.506302513061,14.89316082000732,6.0,180.0
-349.9644917580917,80.72319317129376,34.72555561477435,14.99332523345947,6.0,180.0
-346.73584474254216,80.36498863434261,34.19885144385985,15.09355449676514,6.0,180.0
-343.8929280777666,80.04263095864268,33.879354097147086,15.19357204437256,6.0,180.0
-341.13769672677586,79.73125902102753,33.511940310186,15.29361534118652,6.0,180.0
-338.1706745880881,79.47839712079856,32.81118304356613,15.3934965133667,6.0,180.0
-335.0885458722542,79.1642968193818,31.763597297964644,15.49343395233154,6.0,180.0
-331.9788486630616,78.67320002564594,30.47349910870838,15.49343395233154,6.0,180.0
-328.7301866386032,78.17704418031742,29.173524406399142,15.59349346160889,6.0,180.0
-325.2578085616869,77.6944551927997,28.171696218116026,15.69349098205566,6.0,180.0
-321.60964938347206,77.09262569056104,27.3986762796291,15.79333972930908,6.0,180.0
-318.001720881457,76.39985738803996,26.604482224687988,15.89331245422363,6.0,180.0
-314.40192044417245,75.81860044140221,25.58791680936256,15.99344253540039,6.0,180.0
-310.69740089389205,75.43011916201733,24.3290620448812,16.09361267089844,6.0,180.0
-307.1211660326247,75.02953406667152,22.96180747378768,16.09361267089844,6.0,180.0
-303.93180803362816,74.59406377633856,21.60910608587618,16.19356155395508,6.0,180.0
-300.978692540353,74.36221141570192,20.471763216111725,16.29350280761719,6.0,180.0
-297.943952510638,74.17539017232193,19.695903439014728,16.39349746704102,6.0,180.0
-294.9190165810936,73.68601186794525,19.234923732979016,16.49343681335449,6.0,180.0
-292.15155414334487,73.11690180494804,18.92118523085652,16.59354972839355,6.0,180.0
-289.691042349741,72.79486663767464,18.6528182368728,16.69355392456055,6.0,180.0
-287.2537061395403,72.48085309814222,18.45984110453313,16.79354476928711,6.0,180.0
-284.53257023262444,71.8754857180727,18.150697151054423,16.79354476928711,6.0,180.0
-281.3880393124969,71.13889288338825,17.34386644118449,16.89355850219727,6.0,180.0
-277.9203989222429,70.64203220151539,16.142375759051298,16.99358177185059,6.0,180.0
-274.4850211616835,70.46426805042346,14.991405969456691,17.09354209899902,6.0,180.0
-271.00758001354035,70.30970546326608,14.010201610518962,17.19339561462402,6.0,180.0
-267.3457794402026,69.96625452570734,12.978631506995676,17.29355049133301,6.0,180.0
-263.7919165309763,69.4166551373557,11.84972736300728,17.39362907409668,6.0,180.0
-260.437756637582,68.6737698281967,10.821338745490609,17.39362907409668,6.0,180.0
-256.9928105388553,67.85317888179712,9.89773900416176,17.49354553222656,6.0,180.0
-253.4196433805172,67.11353693250517,9.06830144211574,17.59336090087891,6.0,180.0
-250.0497796395832,66.50960407521477,8.35735516474924,17.69327545166016,6.0,180.0
-247.0238316930088,65.96721144051925,7.750247770367036,17.79353904724121,6.0,180.0
-244.25475202417408,65.28596803938905,7.370113082509752,17.89361190795898,6.0,180.0
-241.55910630012943,64.4449884263031,7.235651640168081,17.99350547790527,6.0,180.0
-238.79899818154885,63.73319749040519,7.059307858955323,18.09360694885254,6.0,180.0
-235.9420097402479,63.28956349650814,6.574764730487569,18.09360694885254,6.0,180.0
-232.9611717556249,62.91340239664809,5.815652955270693,18.19344902038574,6.0,180.0
-229.9137284612029,62.50248649744103,5.017087889061317,18.29347991943359,6.0,180.0
-226.78394359451968,62.14459082852587,4.308350889496071,18.39345550537109,6.0,180.0
-223.4433190621332,61.80041021281235,3.5731440268418773,18.49340438842773,6.0,180.0
-219.97121157385465,61.36070863744565,2.6924992177452864,18.59351539611816,6.0,180.0
-216.65010355228816,60.80845694219544,1.5582459666886432,18.69342994689941,6.0,180.0
-213.5612070831204,60.2069303848922,0.26581291843166,18.69342994689941,6.0,180.0
-210.7276106279008,59.69590364466725,-0.7997586908053069,18.79345512390137,6.0,180.0
-208.26175027423355,59.33259270702865,-1.6379695320877443,18.89347839355469,6.0,180.0
-205.9362280136228,59.15599052354485,-2.6328115640025693,18.99350547790527,6.0,180.0
-203.37732330532384,59.26464327789289,-3.776652898340833,19.09355354309082,6.0,180.0
-200.574776779054,59.40389191693076,-4.847713005343456,19.19353103637695,6.0,180.0
-197.7126968102235,59.24066401396621,-5.744189445185167,19.29351615905762,6.0,180.0
-194.81126372009504,58.84679926691248,-6.270283873116789,19.39350509643555,6.0,180.0
-191.7465898642458,58.34216432421528,-6.396558000306536,19.39350509643555,6.0,180.0
-188.51578123789616,57.73104085515413,-6.409746520224045,19.49347877502441,6.0,180.0
-185.2468318691578,57.1164514285868,-6.712497502664,19.59332275390625,6.0,180.0
-182.0103685519792,56.57304454332208,-7.456555805579889,19.69338989257812,6.0,180.0
-178.78348517826348,56.00184044687597,-8.277964724101468,19.79367065429688,6.0,180.0
-175.5772980689818,55.36215470044996,-8.871492372432712,19.89360427856445,6.0,180.0
-172.41005776516175,54.81009196125991,-9.341807342845977,19.99348831176758,6.0,180.0
-169.21986760980795,54.317055050639794,-9.908469823507032,20.09344673156738,6.0,180.0
-166.0697909251559,53.75853039133662,-10.698898436505488,20.09344673156738,6.0,180.0
-163.04471738051254,53.2783938209434,-11.684827494132456,20.19344139099121,6.0,180.0
-160.00274146266983,52.946928276379325,-12.653993085171052,20.29366302490234,6.0,180.0
-156.89951987547187,52.62531481100054,-13.36697443344723,20.39361190795898,6.0,180.0
-153.9162115831645,52.15534360418843,-13.889541938462235,20.49343681335449,6.0,180.0
-151.11616282998364,51.40457370183721,-14.471971016619657,20.59341430664062,6.0,180.0
-148.33670926901888,50.36501831630387,-15.243251770866287,20.69345664978027,6.0,180.0
-145.440142105708,49.33567740343511,-16.198631847532315,20.69345664978027,6.0,180.0
-142.50862438437537,48.586011812817496,-17.300991334092625,20.79344749450684,6.0,180.0
-139.5443673120243,48.05718060836072,-18.426172424399883,20.89360809326172,6.0,180.0
-136.59717183207798,47.60055839711494,-19.503241258602586,20.9934253692627,6.0,180.0
-133.83820264820002,47.1053449913491,-20.48187152542745,21.09347343444824,6.0,180.0
-131.1774700843184,46.54850568242005,-21.225415297584583,21.19357872009277,6.0,180.0
-128.61633950969122,45.93133611132423,-21.853614059180224,21.2933235168457,6.0,180.0
-126.17637168541984,45.29996391299334,-22.52550036321288,21.39294052124023,6.0,180.0
-123.70288160122227,44.83148353676427,-23.22626139082889,21.39294052124023,6.0,180.0
-121.08869918502349,44.56662151656302,-23.893063011169904,21.49319458007812,6.0,180.0
-118.31938341294946,44.29161805548917,-24.51056808378117,21.5938777923584,6.0,180.0
-115.5761674771154,43.94446088118431,-25.262171223342044,21.69388771057129,6.0,180.0
-112.86973398945145,43.54751979996136,-26.166537445835,21.79387664794922,6.0,180.0
-109.75100811549254,43.10794812819343,-26.977629752509955,21.89364051818848,6.0,180.0
-106.0908960506254,42.79155638636247,-27.64370791228406,21.9934139251709,6.0,180.0
-102.48487137450606,42.59322714259462,-28.22572036657794,21.9934139251709,6.0,180.0
-99.21808627636828,42.39751165744344,-28.801595438510788,22.0932559967041,6.0,180.0
-96.12606590148816,42.04847221890218,-29.39770828445309,22.19322395324707,6.0,180.0
-93.2096211463786,41.507110677730495,-29.838758820280667,22.29282188415527,6.0,180.0
-90.538169632119,41.05114478376555,-30.137512543396312,22.39308738708496,6.0,180.0
-88.20326259216073,40.69188594071489,-30.34330617794776,22.49373054504395,6.0,180.0
-86.12920115076525,40.27723418704447,-30.648876706252736,22.59378433227539,6.0,180.0
-84.0679502586143,39.8837586197948,-31.333405022959887,22.69368553161621,6.0,180.0
-81.79566195809457,39.57996796125387,-32.20500458248911,22.69368553161621,6.0,180.0
-79.26071037860191,39.15821207348125,-33.03971686667886,22.79355049133301,6.0,180.0
-76.61668203391483,38.42949216324017,-33.813564278284254,22.89340972900391,6.0,180.0
-73.8024360976001,37.64237685544043,-34.62374145500666,22.99354553222656,6.0,180.0
-70.66835058453489,37.07009307133474,-35.54563415138529,23.09348106384277,6.0,180.0
-67.42976583712692,36.69177217699099,-36.46217546330048,23.1933536529541,6.0,180.0
-64.23799368959078,36.45516702154519,-37.20482271714416,23.29339599609375,6.0,180.0
-61.05297964654197,36.28156917741663,-37.81666172172062,23.29339599609375,6.0,180.0
-58.08487736880007,35.976389087521646,-38.32757893376848,23.3936653137207,6.0,180.0
-55.35180307066187,35.57621033270945,-38.57902986027111,23.49367904663086,6.0,180.0
-52.64601399998748,35.28118057068861,-38.691860153014574,23.59362030029297,6.0,180.0
-50.13427279703645,35.149259576095105,-38.925709447529954,23.69358062744141,6.0,180.0
-47.936690056416495,35.122434485031256,-39.24684750268034,23.79350852966309,6.0,180.0
-45.761975306345285,35.06161188088745,-39.63033586482078,23.89354133605957,6.0,180.0
-43.407707924737394,34.84463218794071,-40.1084402902447,23.9935359954834,6.0,180.0
-40.88506919254104,34.40487900394529,-40.54471197356537,23.9935359954834,6.0,180.0
-38.18570547214292,33.84678711263451,-40.90032806143258,24.0932731628418,6.0,180.0
-35.45149245672446,33.36470430114764,-41.10285901634614,24.19314956665039,6.0,180.0
-32.9277291624858,32.94674004569539,-41.11535589121412,24.2934513092041,6.0,180.0
-30.511704268934984,32.45505009938943,-41.31457816570996,24.3935661315918,6.0,180.0
-27.943502201112626,31.917500098563508,-41.86693098031567,24.49359512329102,6.0,180.0
-25.327262256045486,31.469362913723103,-42.51607221135775,24.5935230255127,6.0,180.0
-22.889590655478926,31.112323149789702,-43.21911724758503,24.69338226318359,6.0,180.0
-20.60263270747285,30.62297826238497,-43.98953316398415,24.69338226318359,6.0,180.0
-18.199089228476865,29.917358403781577,-44.59293360534436,24.79366111755371,6.0,180.0
-15.534856966257864,29.164684688612528,-44.98178880971759,24.89352607727051,6.0,180.0
-12.852051659877276,28.366459145729703,-45.494341427024125,24.99324798583984,6.0,180.0
-10.352716952902568,27.59088123626368,-46.17573270866059,25.0934009552002,6.0,180.0
-7.9696549115365585,26.98991030441488,-46.75709057371971,25.19342231750488,6.0,180.0
-5.601554771412246,26.47846926707875,-47.290470908114514,25.29371643066406,6.0,180.0
-3.1435196977995616,25.949945552985422,-47.77215282110407,25.29371643066406,6.0,180.0
-0.5656127331751577,25.40803707784768,-48.29504475587939,25.39358329772949,6.0,180.0
1.9781215184522976,24.88564182026637,-49.134443408777344,25.49349784851074,6.0,180.0
4.401490832432351,24.285208324243182,-50.1137399436336,25.59354591369629,6.0,180.0
6.753854336940179,23.511495344877865,-50.94310163946268,25.69340324401855,6.0,180.0
9.102873821846572,22.77771675788023,-51.444882402548096,25.79337120056152,6.0,180.0
11.576984747298532,22.22980920804056,-51.663027668969846,25.89338684082031,6.0,180.0
14.070237065099604,21.808366221421785,-51.867505467808094,25.99310111999512,6.0,180.0
16.310548308356537,21.507469315963824,-52.097720413409135,25.99310111999512,6.0,180.0
18.35936377802828,21.262051603533635,-52.34473198616374,26.09339904785156,6.0,180.0
20.48034845063956,21.03300577971608,-52.62674368542198,26.19382667541504,6.0,180.0
22.87059538454195,20.88472427690246,-52.78722991302527,26.29366683959961,6.0,180.0
25.44878033289929,20.78788367981886,-52.810179261077714,26.39339447021484,6.0,180.0
28.06849397946823,20.585931680671383,-52.99672498915921,26.49317932128906,6.0,180.0
30.755567631611783,20.28231783954888,-53.58809229746862,26.59338188171387,6.0,180.0
33.387289850279465,20.012831538053447,-54.43343193998807,26.59338188171387,6.0,180.0
35.86846273273922,19.74609228411592,-55.203781510586936,26.69377326965332,6.0,180.0
38.27712986217488,19.328766351075046,-55.71538468156732,26.79331207275391,6.0,180.0
40.6178093883412,18.806224768249,-56.08940714831896,26.89265823364258,6.0,180.0
42.85505164382259,18.335449502804067,-56.40766408951924,26.99332237243652,6.0,180.0
45.11611896225169,17.85455810671486,-56.5680883793756,27.09400939941406,6.0,180.0
47.46700624150317,17.277726213131878,-56.73278299239732,27.19405746459961,6.0,180.0
49.73830352573708,16.652046875604064,-57.01333999204032,27.29369926452637,6.0,180.0
51.90025216293581,16.21575279495949,-57.17652987811801,27.29369926452637,6.0,180.0
54.10048526365489,15.961347743913596,-57.15551910381217,27.39311027526855,6.0,180.0
56.40899970371768,15.665407091426555,-57.19591238373435,27.49345016479492,6.0,180.0
58.792110980194,15.41606226268577,-57.60041868236238,27.59385871887207,6.0,180.0
61.25419845104909,15.135533207059884,-58.3264937942614,27.69359397888184,6.0,180.0
63.78467281478597,14.661408099499464,-59.007513915414,27.79280853271484,6.0,180.0
66.18884814295811,14.051107810570247,-59.45054237663712,27.89331245422363,6.0,180.0
68.18798908568641,13.419616416477227,-59.565947764140034,27.89331245422363,6.0,180.0
69.84954859746362,12.882324001984848,-59.40929306628884,27.99366188049316,6.0,180.0
71.47683653973253,12.360407113977896,-59.26332899720085,28.09407806396484,6.0,180.0
73.24746415720097,11.919185412838791,-59.18269701237971,28.1937198638916,6.0,180.0
75.3789416261351,11.754337383912304,-59.12675692287237,28.29339027404785,6.0,180.0
77.86032527641154,11.631062013872736,-59.26105188213042,28.39359283447266,6.0,180.0
80.25249768797735,11.247449235588553,-59.64297431630053,28.49363327026367,6.0,180.0
82.3186738147435,10.754050360667218,-60.07477155545098,28.59365272521973,6.0,180.0
84.36465350691375,10.37182711695536,-60.38916843574745,28.59365272521973,6.0,180.0
86.72728187925345,10.007015042958567,-60.81445377435352,28.69304275512695,6.0,180.0
89.36789439217496,9.51667553503424,-61.59008237794633,28.79306411743164,6.0,180.0
92.11541421301492,8.908176893480064,-62.45608506859879,28.89345359802246,6.0,180.0
94.86299521134286,8.22789770041632,-63.23798052759656,28.99381828308105,6.0,180.0
97.35608532077904,7.576088937657975,-64.03289002431902,29.09375190734863,6.0,180.0
99.45704309113113,7.05587028364141,-64.7864495951269,29.19345474243164,6.0,180.0
101.3476984991156,6.59010508547445,-65.38918240203367,29.19345474243164,6.0,180.0
103.22429966729592,6.107145654687278,-65.589068843766,29.29323768615723,6.0,180.0
105.18489027202494,5.574350584988656,-65.34808787348456,29.39339637756348,6.0,180.0
107.33341041537574,4.984608084717056,-65.19487315879739,29.4937801361084,6.0,180.0
109.70105430990554,4.569513015407811,-65.59050087680458,29.59326171875,6.0,180.0
111.94385229208456,4.4356733496122125,-66.44024683826999,29.69311332702637,6.0,180.0
113.84017508752,4.2698971000537504,-67.31320713287317,29.7935848236084,6.0,180.0
115.53066029508554,4.020592021792806,-68.06090108113781,29.89383316040039,6.0,180.0
117.12497577800288,3.9434905520153976,-68.72590840496754,29.89383316040039,6.0,180.0
118.80963905263638,4.067237771436782,-69.2405996421766,29.99370574951172,6.0,180.0
120.77260895598292,4.206465248836448,-69.59856164490546,30.09369659423828,6.0,180.0
123.00579747386249,4.136622738917195,-69.85395078614235,30.19343948364258,6.0,180.0
125.18712126071516,3.9787530335025534,-70.05056294923872,30.29347801208496,6.0,180.0
126.89756716193564,3.9978031852464335,-70.30264029265098,30.39371871948242,6.0,180.0
128.27409646421205,3.9672872996433632,-70.67907281968156,30.49360847473145,6.0,180.0
129.61858399411904,3.4520119456537053,-71.1084904715702,30.59326934814453,6.0,180.0
131.02593253739198,2.619769956641491,-71.62670223912791,30.59326934814453,6.0,180.0
132.66100943397694,1.9526968942954177,-72.20206180367516,30.69345855712891,6.0,180.0
134.5664691423514,1.481052542501299,-72.73227638315201,30.79346656799316,6.0,180.0
136.674692912634,0.9390537272492914,-73.28872773386355,30.89356803894043,6.0,180.0
138.8748144010237,0.2880876538408099,-73.79264326923874,30.99340629577637,6.0,180.0
141.0346426915716,-0.3381085809643878,-74.13447083490173,31.09343528747559,6.0,180.0
143.03062048363105,-1.0375651851705712,-74.36654059159784,31.19349670410156,6.0,180.0
144.78629192270455,-1.7934742607836682,-74.47916942669474,31.19349670410156,6.0,180.0
146.50140397917983,-2.2687862360748614,-74.50153880105663,31.29343795776367,6.0,180.0
148.3384744664124,-2.332422250181258,-74.50463720153454,31.39352798461914,6.0,180.0
150.03430810289146,-2.270136279496501,-74.53202746367985,31.49341583251953,6.0,180.0
151.38272849398547,-2.4262825054772605,-74.73155724739102,31.59342765808105,6.0,180.0
152.66703972680335,-2.7292664524032624,-75.16655850505384,31.69345092773438,6.0,180.0
154.15895037117784,-2.9695178136789213,-75.64398842892714,31.79354095458984,6.0,180.0
155.78184149993285,-3.104292313815698,-76.0514540997003,31.89351463317871,6.0,180.0
157.53082854977004,-3.1922489994237058,-76.44773363869768,31.89351463317871,6.0,180.0
159.57412267165344,-3.348437880603175,-76.83953077585906,31.99355697631836,6.0,180.0
161.98734601629943,-3.4910796929391807,-77.18215071251849,32.09352111816406,6.0,180.0
164.51415983534724,-3.475915742854559,-77.47684756219986,32.19347381591797,6.0,180.0
166.85361817591252,-3.336297431843541,-77.84734143981872,32.29359817504883,6.0,180.0
168.96848720002893,-3.225436637669622,-78.3485849870417,32.39362716674805,6.0,180.0
170.88542064494402,-3.2587024076044013,-78.79405935753202,32.4934196472168,6.0,180.0
172.603431667027,-3.362287232637554,-79.01706596630919,32.4934196472168,6.0,180.0
174.0683292748938,-3.4083607473735817,-79.31226181886917,32.59346771240234,6.0,180.0
175.47027012190205,-3.283663500535265,-79.87970869649807,32.69342041015625,6.0,180.0
177.0337602180643,-3.010497128438532,-80.4630924999896,32.79351806640625,6.0,180.0
178.82130566740625,-2.922125444414114,-81.01139442120393,32.89365386962891,6.0,180.0
180.93069180404285,-3.2991470659842665,-81.59735564960468,32.99351119995117,6.0,180.0
183.265485230818,-4.112597278191176,-82.22110342837564,33.09352874755859,6.0,180.0
185.61443203195267,-5.133067033337968,-82.88655445510348,33.1934928894043,6.0,180.0
187.85678141970635,-6.131649973396565,-83.65273680541358,33.1934928894043,6.0,180.0
190.02904643921212,-7.121681804829734,-84.33417892035222,33.2934684753418,6.0,180.0
192.00275141843,-8.00614107204608,-84.66045259860827,33.39360427856445,6.0,180.0
193.54532107286585,-8.58569035354575,-84.80910309392462,33.49349594116211,6.0,180.0
194.782982771259,-9.042754809187768,-85.01613444820356,33.59347915649414,6.0,180.0
195.86464319435763,-9.468469718185176,-85.26878021742944,33.69350051879883,6.0,180.0
196.9565320066468,-9.629965947055624,-85.40607042050928,33.79341888427734,6.0,180.0
198.20548966712977,-9.52745819836484,-85.35723597096113,33.79341888427734,6.0,180.0
199.3794591281904,-9.465564623421855,-85.16003629068389,33.89345932006836,6.0,180.0
200.43484119037515,-9.60276116087372,-84.91363960687514,33.99356842041016,6.0,180.0
201.64960122040856,-9.9164341564831,-84.86501324212014,34.09342956542969,6.0,180.0
203.1751284057438,-10.44250404836387,-85.0518727651606,34.19353103637695,6.0,180.0
205.13553040226623,-11.12881220526068,-85.33194858485864,34.29350662231445,6.0,180.0
207.3294916179325,-11.77893428779686,-85.67420317819213,34.39341735839844,6.0,180.0
209.43405271729955,-12.322658570369144,-86.02838351908761,34.49361801147461,6.0,180.0
211.4609454104746,-12.737608048248005,-86.37088092794474,34.49361801147461,6.0,180.0
213.2510497706349,-12.937490574590596,-86.7532775720252,34.59347915649414,6.0,180.0
214.7639119095789,-12.997662451271736,-87.18022974564983,34.6933708190918,6.0,180.0
216.2671875540016,-12.999759982265958,-87.66086443153331,34.79354095458984,6.0,180.0
217.56916696007264,-12.996643092794857,-88.10784520987399,34.89348220825195,6.0,180.0
218.56728136475692,-13.122126051524974,-88.35402923581708,34.99361038208008,6.0,180.0
219.8336078530164,-13.454235407898492,-88.56849419873313,35.09347534179688,6.0,180.0
221.42229244520047,-13.888120746222324,-88.8916334309427,35.19330596923828,6.0,180.0
223.05580089934824,-14.158584767875848,-89.29653082529398,35.19330596923828,6.0,180.0
225.10019821849872,-14.337891901786552,-89.81541885351223,35.29343032836914,6.0,180.0
227.5478680831568,-14.761571507812876,-90.31375643293376,35.39350891113281,6.0,180.0
229.62205896759963,-15.285611595381768,-90.68037107404515,35.49356460571289,6.0,180.0
230.9029876203562,-15.613149300600108,-90.79078522312568,35.59357452392578,6.0,180.0
231.7973279642888,-15.883301730865522,-90.67290962051072,35.69342803955078,6.0,180.0
232.7643829612643,-16.168283073153084,-90.63717548688813,35.79327011108398,6.0,180.0
233.50172893584943,-16.338090156195708,-90.5439293601184,35.79327011108398,6.0,180.0
233.8084921773948,-16.56685053792664,-90.1203777472666,35.89352035522461,6.0,180.0
234.20932226605865,-17.08555926740781,-89.59513320900389,35.9935188293457,6.0,180.0
235.0091224071272,-17.716470361467408,-89.18653133478519,36.09342956542969,6.0,180.0
236.15318797549853,-18.19129301239443,-89.02279221746586,36.19334030151367,6.0,180.0
237.58836568203063,-18.521370352781588,-89.1804130645467,36.29336929321289,6.0,180.0
239.2373227702665,-18.83585624035413,-89.59002746102662,36.39360427856445,6.0,180.0
241.09005682188013,-19.078989958756544,-90.10580156086556,36.4937629699707,6.0,180.0
243.05265167441075,-19.13688414571124,-90.36341111972948,36.4937629699707,6.0,180.0
244.88433351292457,-19.17234561490469,-90.22711300941324,36.59357833862305,6.0,180.0
246.62644380366908,-19.30517262692195,-90.05615694372067,36.69347763061523,6.0,180.0
248.23993200009875,-19.420526024462657,-90.07895717195188,36.79340744018555,6.0,180.0
249.4155333981453,-19.544395825794727,-90.21241584238868,36.8934326171875,6.0,180.0
250.079865744558,-19.795294724896465,-90.28271607136168,36.99362182617188,6.0,180.0
250.6808606077222,-20.192499575513,-90.31335814764034,37.09347152709961,6.0,180.0
251.85861538176664,-20.61725337140153,-90.45113842183343,37.09347152709961,6.0,180.0
253.33097323352644,-20.88227384467244,-90.5226070361167,37.19335556030273,6.0,180.0
254.6162472275186,-21.089729833156227,-90.34760470917531,37.29351425170898,6.0,180.0
256.00319249028985,-21.43783471355501,-89.97573228152417,37.39344787597656,6.0,180.0
257.65070178107817,-21.75193237897277,-89.64042506110299,37.49351119995117,6.0,180.0
259.2906249716424,-21.85393220023921,-89.52785538479304,37.59354782104492,6.0,180.0
260.67435245731264,-21.91102682112612,-89.64292375200777,37.69335556030273,6.0,180.0
261.78455768869657,-22.03494822494028,-89.98799800079513,37.79359436035156,6.0,180.0
262.6628437774964,-22.079340080696035,-90.51222489103164,37.79359436035156,6.0,180.0
263.4164845768305,-21.97130462187988,-91.13186585830157,37.89351654052734,6.0,180.0
264.27762209007443,-21.826277218030047,-91.69638962016538,37.99356079101562,6.0,180.0
265.24981318734547,-21.78651390656603,-92.04968407863215,38.09357070922852,6.0,180.0
266.3146429813386,-21.974323088253065,-92.14163264710427,38.19351959228516,6.0,180.0
267.5979273170608,-22.17846463840815,-92.1758421468074,38.29349899291992,6.0,180.0
269.08956791690633,-22.07729999023153,-92.3246103813551,38.39351272583008,6.0,180.0
270.5381331567324,-21.89896919106685,-92.51712743398927,38.39351272583008,6.0,180.0
271.7743558010967,-21.935123723372268,-92.83975275628558,38.49355316162109,6.0,180.0
272.99708127540407,-22.18328860259783,-93.44286878930455,38.59348678588867,6.0,180.0
274.2102018941729,-22.621619393961588,-94.22501808373892,38.69352340698242,6.0,180.0
275.26888345939506,-23.186328631081786,-94.87359994052912,38.7934684753418,6.0,180.0
276.29784149365054,-23.77543919365825,-95.3426209184738,38.89352798461914,6.0,180.0
277.3346947179368,-24.35054113256112,-95.6698119596843,38.99356079101562,6.0,180.0
278.3261189616821,-24.994031069764176,-95.72579709936788,39.09338760375977,6.0,180.0
279.163211731227,-25.693340984369087,-95.65939221105506,39.09338760375977,6.0,180.0
279.84366318925004,-26.28874362047056,-95.6579749502677,39.19329833984375,6.0,180.0
280.6624998298034,-26.803550977104504,-95.68627949188328,39.29332733154297,6.0,180.0
281.60269730120456,-27.181643638207586,-95.86479413404452,39.39343643188477,6.0,180.0
282.6084701544313,-27.251255613662423,-96.30366558737823,39.49340438842773,6.0,180.0
283.78080876565406,-27.22711129438673,-96.68092471333286,39.59345626831055,6.0,180.0
284.8885763057136,-27.29410348112207,-96.74475603544307,39.69348526000977,6.0,180.0
285.7984536094116,-27.27963226363704,-96.72098684297636,39.7934684753418,6.0,180.0
286.68557524269914,-27.20658511333847,-96.80112319256664,39.7934684753418,6.0,180.0
287.5215464581721,-27.295644720396748,-96.77970662564162,39.89348602294922,6.0,180.0
288.1021361038138,-27.51901156981872,-96.67018629126324,39.99349975585938,6.0,180.0
288.52322265664225,-27.66889878916743,-96.60442078999912,40.09362411499023,6.0,180.0
289.1904618779847,-27.723626436598995,-96.43855685333072,40.1935920715332,6.0,180.0
290.2847138173351,-27.88617710609641,-96.29872267732368,40.29346466064453,6.0,180.0
291.6325907473114,-28.29910056820168,-96.36457380815588,40.39347839355469,6.0,180.0
293.00981454147785,-28.906106142889232,-96.63277282056166,40.39347839355469,6.0,180.0
294.27902199951563,-29.599168022820702,-97.17128850539652,40.49341583251953,6.0,180.0
295.4930460635249,-30.309486745677937,-97.94800435018956,40.59360122680664,6.0,180.0
296.87477927550725,-31.04129341558512,-98.77655282262695,40.69353103637695,6.0,180.0
298.5264466500381,-31.739865582049504,-99.3993772966089,40.7933235168457,6.0,180.0
300.07323762131944,-32.296194604233435,-99.5126885437998,40.89340972900391,6.0,180.0
301.26719404495583,-32.599652637598865,-99.01593161985588,40.99344635009766,6.0,180.0
302.17355486959747,-32.54466195460921,-98.30720936243009,41.09352493286133,6.0,180.0
302.7648242502665,-32.473300650924344,-97.8141533268906,41.09352493286133,6.0,180.0
303.172634534428,-32.573206409681724,-97.3240636882292,41.19351959228516,6.0,180.0
303.6449992568622,-32.70551996520432,-96.6245149070266,41.29337692260742,6.0,180.0
304.1588113304604,-32.89760845621068,-95.99120761398652,41.39350128173828,6.0,180.0
304.73071489600136,-33.11156005654172,-95.8338151678078,41.49357986450195,6.0,180.0
305.78291257951514,-33.42369885393627,-96.17709418056128,41.59344482421875,6.0,180.0
307.45747950511384,-33.94061198986947,-96.63791729087647,41.69337463378906,6.0,180.0
309.54156651407607,-34.606188595618775,-97.0741573141176,41.69337463378906,6.0,180.0
311.78969556027084,-35.257074357419924,-97.51942873831378,41.79374313354492,6.0,180.0
313.89900666759087,-35.78953741734769,-97.9063777910672,41.89371109008789,6.0,180.0
315.6238611669044,-36.169379376676126,-98.21267221963004,41.99370193481445,6.0,180.0
316.7714433092347,-36.387745085345145,-98.43328577111356,42.0934944152832,6.0,180.0
317.388572401474,-36.56208393803748,-98.50360057897768,42.19340896606445,6.0,180.0
317.7333208444307,-36.785025834405424,-98.49660001823337,42.29356384277344,6.0,180.0
317.91144376107866,-36.96311543160791,-98.47744644939355,42.39358139038086,6.0,180.0
318.04237040788786,-36.94743827066715,-98.4591246504818,42.39358139038086,6.0,180.0
318.6251903142905,-36.91074412680193,-98.58199613892272,42.4930305480957,6.0,180.0
320.02623343974824,-36.94471709593618,-98.84785307521152,42.59272766113281,6.0,180.0
321.99400526510266,-37.00810789558404,-99.272880380263,42.69322204589844,6.0,180.0
324.2194894377108,-37.3936506298008,-100.11845981390084,42.79388046264648,6.0,180.0
326.63601439084744,-38.12353733263147,-101.28093668945624,42.89396667480469,6.0,180.0
329.0815035744825,-38.75049335336514,-102.2557041777989,42.99348068237305,6.0,180.0
331.30504924378147,-39.06639847574964,-102.82476514468166,42.99348068237305,6.0,180.0
333.1249495525662,-39.19588726017669,-103.03475039780815,43.09317398071289,6.0,180.0
334.6140948635301,-39.1276548251335,-103.04883907153508,43.19328308105469,6.0,180.0
335.88578402221407,-38.810078476202136,-103.06135827330849,43.29374313354492,6.0,180.0
336.54494973981383,-38.395555420111165,-102.98635139508264,43.39331436157227,6.0,180.0
336.48352728138866,-38.04706835447825,-102.6526193523964,43.49276351928711,6.0,180.0
336.2158623004838,-37.68470588350935,-102.2193386696082,43.59332656860352,6.0,180.0
335.833094346917,-37.183859768454106,-101.8101583625419,43.69379425048828,6.0,180.0
335.26698262270963,-36.7064185178868,-101.3474230524207,43.69379425048828,6.0,180.0
334.91706805968204,-36.42935299285033,-100.90083279543754,43.79412078857422,6.0,180.0
335.04927870187447,-36.419965184848,-100.5671534650978,43.89365768432617,6.0,180.0
335.40004904966264,-36.67323089736519,-100.37811985590608,43.99331665039062,6.0,180.0
335.7965184378708,-36.99925341764617,-100.25270856579046,44.09344863891602,6.0,180.0
336.4268391031645,-37.35296637257166,-100.1162860018484,44.19361877441406,6.0,180.0
337.2123734568494,-37.67935434619037,-100.04586425244284,44.29360198974609,6.0,180.0
337.6800857955041,-37.85188550931916,-99.9723036766164,44.29360198974609,6.0,180.0
337.8697280448133,-38.12318986491485,-99.8515863119336,44.39337158203125,6.0,180.0
338.22071554755104,-38.49357269441857,-99.7622316814466,44.4934196472168,6.0,180.0
338.6972000016732,-38.683035341321045,-99.68404209865672,44.59353637695312,6.0,180.0
339.14603738295125,-38.78801186869467,-99.8016289542387,44.69366073608398,6.0,180.0
339.6403820910299,-38.863304809349295,-100.11561065809283,44.79362487792969,6.0,180.0
340.3470136288797,-38.95816738096829,-100.23896638223228,44.8935661315918,6.0,180.0
341.22231248857776,-39.24604136966593,-100.07099119788984,44.99357223510742,6.0,180.0
342.0307788616859,-39.62953603850759,-99.88899586349568,44.99357223510742,6.0,180.0
342.80254757793,-39.868111058873566,-100.0197791761072,45.09356689453125,6.0,180.0
343.7014695761135,-39.877209165995495,-100.46516325331476,45.19355773925781,6.0,180.0
344.6851434186837,-39.8139450780436,-101.05495866927376,45.29348754882812,6.0,180.0
345.6024938523967,-39.7568288231441,-101.78629349670086,45.39361190795898,6.0,180.0
346.52738899872475,-39.76460937529211,-102.54322426653764,45.49345397949219,6.0,180.0
347.2720952171263,-39.95349656255704,-102.98319045589987,45.59339904785156,6.0,180.0
347.332697949272,-40.31535580280692,-102.90988974364224,45.69340896606445,6.0,180.0
346.851740055155,-40.951152685517,-102.5335832691584,45.69340896606445,6.0,180.0
346.4187009398359,-41.71445818492413,-102.2121978028681,45.79347991943359,6.0,180.0
346.3833535057105,-42.29853777801285,-102.02907268701908,45.89361190795898,6.0,180.0
346.7280663679817,-42.75543518322519,-101.85229049579024,45.99348831176758,6.0,180.0
347.15260217017766,-42.98176309522741,-101.57601106061334,46.09341430664062,6.0,180.0
347.57857842008264,-42.7795761260886,-101.2880442469606,46.1934700012207,6.0,180.0
348.1644809837554,-42.325311740003954,-101.1259227994178,46.29342651367188,6.0,180.0
348.77927062368826,-41.87183288055773,-100.95974393155412,46.29342651367188,6.0,180.0
349.2234345217028,-41.31558093384285,-100.63370648989924,46.39355087280273,6.0,180.0
349.6799445638385,-40.47132564016053,-100.28142740407546,46.49351501464844,6.0,180.0
350.29218718724644,-39.68498435237327,-100.11024273133928,46.59338760375977,6.0,180.0
350.9365175373391,-39.47890978592585,-100.21840566936866,46.69342041015625,6.0,180.0
351.54336452329426,-39.83301482840807,-100.57953028175558,46.79342651367188,6.0,180.0
352.01382480974104,-40.279508706965736,-101.09085801915062,46.89347076416016,6.0,180.0
352.4133984357186,-40.685840200872455,-101.63928679928048,46.99358749389648,6.0,180.0
352.8971098873495,-41.11656036138608,-102.06450277789293,46.99358749389648,6.0,180.0
353.47305035033696,-41.41458967510685,-102.29559657423712,47.09341812133789,6.0,180.0
354.1406967473269,-41.71502132991985,-102.42030381131934,47.19347381591797,6.0,180.0
354.72789198061133,-42.22447824344022,-102.49014320004166,47.29356384277344,6.0,180.0
355.01862785378324,-42.86508670509328,-102.6020020600864,47.39359664916992,6.0,180.0
355.07247584771187,-43.50088880688383,-102.90790583039389,47.49349212646484,6.0,180.0
355.1516567963752,-44.04635826240282,-103.32478448571878,47.5933723449707,6.0,180.0
355.2560346688812,-44.753153741498096,-103.70434119370124,47.5933723449707,6.0,180.0
355.2555134124161,-45.68548128521263,-104.09819816112385,47.69338607788086,6.0,180.0
355.3174386436327,-46.20711138406208,-104.55939322305784,47.79341888427734,6.0,180.0
355.7528658241735,-46.03762243795329,-104.9949463177202,47.89357376098633,6.0,180.0
356.65578616224263,-45.5704292074326,-105.25833811731532,47.99355316162109,6.0,180.0
357.7394517076498,-44.9346512060353,-105.31298081032438,48.09361267089844,6.0,180.0
358.697053869691,-44.1201721666982,-105.22852874220396,48.19351577758789,6.0,180.0
359.49162744905004,-43.44514988338661,-105.00965691122148,48.29341888427734,6.0,180.0
360.0747701031523,-43.109382342944514,-104.59653238829016,48.29341888427734,6.0,180.0
360.34356618706704,-43.06167287260684,-104.03702619472864,48.39360809326172,6.0,180.0
360.60892438992937,-43.15763473120842,-103.61885829481454,48.49346160888672,6.0,180.0
361.09728549018354,-43.29791347821261,-103.56758322061462,48.59358596801758,6.0,180.0
361.62460424944686,-43.46909579767336,-103.78923442273506,48.69353866577148,6.0,180.0
362.0514137434854,-43.58957550743692,-104.06455785181008,48.79348754882812,6.0,180.0
362.4266363843099,-43.654106282450456,-104.35793010598864,48.8935661315918,6.0,180.0
362.9364969898103,-43.74345804586014,-104.7373755948253,48.8935661315918,6.0,180.0
363.37074093283786,-43.95107786698434,-105.15225347570382,48.99350357055664,6.0,180.0
363.3586153008687,-44.15824770135519,-105.53000553485084,49.09337997436523,6.0,180.0
363.148865009544,-44.16470954104001,-105.81976689892409,49.19346237182617,6.0,180.0
363.280871065944,-44.0351480133111,-105.98723703457924,49.29352569580078,6.0,180.0
363.8955021914819,-43.95293134554144,-106.11307530967872,49.39348220825195,6.0,180.0
364.6169085541527,-44.0348925512286,-106.29917985901815,49.49362564086914,6.0,180.0
365.12574895265817,-44.24125588957404,-106.57710804873844,49.59355163574219,6.0,180.0
365.3587087225295,-44.59570554318621,-106.9621856279972,49.59355163574219,6.0,180.0
365.4206319075992,-45.09610487188294,-107.35319772180208,49.69353866577148,6.0,180.0
365.62055660975153,-45.54112858055132,-107.57310998668962,49.79362106323242,6.0,180.0
366.0394394678177,-45.81552504945124,-107.60585317466882,49.89335632324219,6.0,180.0
366.5510505685393,-45.99053466987468,-107.64562989813165,49.99334716796875,6.0,180.0
367.1224470311572,-46.117179209226,-107.70907966422676,50.09358596801758,6.0,180.0
367.8055584031614,-46.19066477460083,-107.63695669148989,50.19355010986328,6.0,180.0
368.4750552586251,-46.18045468122297,-107.46002611233791,50.29344177246094,6.0,180.0
368.825896996752,-46.07811744616363,-107.17299400330876,50.29344177246094,6.0,180.0
369.004626130392,-46.01870176183773,-106.78490076890822,50.39349365234375,6.0,180.0
369.3516844219017,-46.121201714608326,-106.49827780485346,50.49347686767578,6.0,180.0
369.9111913113785,-46.29684685604567,-106.37307960912516,50.59339141845703,6.0,180.0
370.49650513983227,-46.28089282144138,-106.35819287474467,50.69348907470703,6.0,180.0
370.80381377670267,-46.04389952875121,-106.59184544240624,50.79338836669922,6.0,180.0
370.8907713632418,-45.870246057362834,-107.00812719131208,50.89337158203125,6.0,180.0
371.0167985030881,-45.88771973477824,-107.3558075770374,50.89337158203125,6.0,180.0
371.2363598955709,-46.10077233619592,-107.58042013326728,50.99349212646484,6.0,180.0
371.442651552328,-46.533564978791055,-107.43681672133472,51.09353637695312,6.0,180.0
371.4408610676819,-47.11017917740749,-107.07557397738212,51.19363403320312,6.0,180.0
371.3945072536331,-47.67751786386796,-106.98178586225032,51.29343032836914,6.0,180.0
371.538911864418,-48.08153672593126,-107.1072890508015,51.39341735839844,6.0,180.0
371.78223271140655,-48.2943071802611,-107.24776005379542,51.49349975585938,6.0,180.0
372.0908882000069,-48.2889749709724,-107.2767481776949,51.59347534179688,6.0,180.0
372.5090883197896,-48.047237724943415,-107.23477926192444,51.59347534179688,6.0,180.0
373.191302362972,-47.77139346630762,-107.12973346678656,51.69358825683594,6.0,180.0
373.9824074642474,-47.6093617337738,-106.98856701755425,51.79347229003906,6.0,180.0
374.49371564387127,-47.63904266992319,-106.91095747897752,51.89346313476562,6.0,180.0
374.80477064850993,-47.86598660985449,-106.74832822173065,51.99360275268555,6.0,180.0
374.9213553525219,-48.07117229772304,-106.57267476511952,52.09349060058594,6.0,180.0
374.8193628629831,-48.16578293775813,-106.60743368978233,52.1934928894043,6.0,180.0
374.7682994319275,-48.151694108942166,-106.76620478157912,52.1934928894043,6.0,180.0
374.80844667729474,-48.12166286297591,-106.79682038849324,52.29361724853516,6.0,180.0
374.7600160639166,-48.13627020537577,-106.56148120351956,52.39348220825195,6.0,180.0
374.5309538449612,-48.087433714564696,-106.1501792776224,52.4935302734375,6.0,180.0
374.2604403720875,-47.97270118149922,-105.83884518471378,52.59356307983398,6.0,180.0
374.05027859373376,-47.70148020145393,-105.70975411944096,52.69333648681641,6.0,180.0
374.06173546228285,-47.39146629182954,-105.53250424159856,52.79348754882812,6.0,180.0
374.4070316586433,-47.14624578978112,-105.3773737131378,52.89341354370117,6.0,180.0
374.9289387262044,-46.78054892975632,-105.39323500873483,52.89341354370117,6.0,180.0
375.5083123986736,-46.504363043755866,-105.44061275538512,52.99337768554688,6.0,180.0
376.01133696744114,-46.47557675680319,-105.38318275576836,53.09357070922852,6.0,180.0
376.3345981900022,-46.48996685163516,-105.22680731103958,53.19345092773438,6.0,180.0
376.3309965663731,-46.7245128383874,-105.17105350020014,53.29347610473633,6.0,180.0
375.86621264226847,-47.29689817472902,-105.22189918267031,53.39349365234375,6.0,180.0
375.3195272274611,-47.93107209790635,-105.24326292942726,53.49339294433594,6.0,180.0
375.2197414311173,-48.53035452171794,-105.35069955414502,53.49339294433594,6.0,180.0
375.5524152003376,-49.035276663930446,-105.43924406565849,53.59354019165039,6.0,180.0
375.91373909362113,-49.39721356536266,-105.3256090471818,53.69351959228516,6.0,180.0
376.0682104730457,-49.66514977927841,-105.2644380780797,53.79344940185547,6.0,180.0
376.192254274941,-49.73598285407324,-105.38832029403662,53.89350509643555,6.0,180.0
376.2834331939447,-49.55802105410727,-105.56837844686213,53.9935417175293,6.0,180.0
376.2391389647486,-49.42114850815163,-105.75776369689378,54.09344863891602,6.0,180.0
376.1314379629257,-49.47678394759691,-105.80868660419569,54.19355010986328,6.0,180.0
376.1761425918005,-49.50869858463053,-105.71215062193131,54.19355010986328,6.0,180.0
376.5916056531462,-49.379742645016,-105.52065420737212,54.29345321655273,6.0,180.0
377.08600267180327,-49.19116830704905,-105.27709375263618,54.39345169067383,6.0,180.0
377.3218993006584,-49.03820365834589,-105.22279762861022,54.49352645874023,6.0,180.0
377.2590872476484,-48.89742981466353,-105.210734580441,54.59352111816406,6.0,180.0
376.9671921306296,-48.85868441238948,-105.04717802551504,54.69354248046875,6.0,180.0
376.6326941172755,-49.04245146249768,-104.9559797327684,54.79356384277344,6.0,180.0
376.5013408064193,-49.387930793103976,-105.04094310958436,54.89351654052734,6.0,180.0
376.6788475642263,-49.68764899996908,-105.14350869140792,54.89351654052734,6.0,180.0
376.9633122413028,-49.81098930299388,-105.05593810483283,54.99348831176758,6.0,180.0
377.2169955666636,-49.7521334434261,-104.88232056204868,55.09346389770508,6.0,180.0
377.39572035904143,-49.54799154113469,-104.94721431434232,55.19344711303711,6.0,180.0
377.5011288300585,-49.26155304321334,-105.19178385191016,55.29356002807617,6.0,180.0
377.6317752754864,-49.03916539463066,-105.42250300227118,55.39360046386719,6.0,180.0
377.5729147100088,-49.03362203465482,-105.8518394715613,55.49343872070312,6.0,180.0
377.34014057596426,-49.20567520151676,-106.58494370467544,55.49343872070312,6.0,180.0
377.1605862478012,-49.52378701212254,-107.24829791287252,55.59348297119141,6.0,180.0
377.0374835256719,-49.7266844584575,-107.69049624186648,55.69336700439453,6.0,180.0
377.0305878590307,-49.53127901690849,-108.14522276867484,55.79342269897461,6.0,180.0
377.1909057496816,-49.19487656481594,-108.74554321091264,55.89358520507812,6.0,180.0
377.247543276593,-48.848513404758485,-109.15536875431778,55.99350357055664,6.0,180.0
376.9266953520802,-48.4388712495552,-109.09576535378493,56.09360504150391,6.0,180.0
376.62428512459167,-48.201616190606295,-108.82609907616124,56.1936149597168,6.0,180.0
376.6259594926319,-48.17589047768526,-108.4572089686482,56.1936149597168,6.0,180.0
376.7030113370071,-48.26937202081537,-107.9880470358206,56.29345321655273,6.0,180.0
376.70808290890784,-48.483230070154576,-107.5092812437351,56.39350509643555,6.0,180.0
376.5603071509532,-48.66779279159151,-107.11058375343612,56.49349975585938,6.0,180.0
376.2982661287291,-48.772276373922665,-106.7623551729817,56.59338760375977,6.0,180.0
376.1908284557768,-48.83966425126795,-106.36366718192647,56.69350814819336,6.0,180.0
376.2473499044706,-48.786961822334895,-106.03764849750182,56.79346084594727,6.0,180.0
376.3688518931582,-48.66164892150832,-106.04204623500895,56.79346084594727,6.0,180.0
376.5493887293272,-48.64646741003045,-106.41326204754988,56.89352035522461,6.0,180.0
376.7404911144099,-48.77228491001418,-106.8172412083026,56.99356842041016,6.0,180.0
376.9277621821871,-48.91102188242506,-107.10145064771226,57.09333801269531,6.0,180.0
376.9359026030685,-48.85440569598488,-107.33042548966743,57.19338989257812,6.0,180.0
376.71405093669136,-48.54760537614749,-107.537640578904,57.2934455871582,6.0,180.0
376.414684862348,-48.19574251856763,-107.67795867669804,57.39346313476562,6.0,180.0
376.248575647486,-47.979011705521344,-107.69946976255416,57.49359893798828,6.0,180.0
376.2514053867825,-48.01992317525259,-107.66557457272998,57.49359893798828,6.0,180.0
376.1473153583014,-48.29380177251963,-107.63405967454334,57.59354782104492,6.0,180.0
375.8532787821798,-48.58555712879793,-107.71385146705003,57.69341659545898,6.0,180.0
375.615871297474,-48.804114351368426,-107.97414537282908,57.79341506958008,6.0,180.0
375.6210779851406,-48.86373714697216,-108.42591949041226,57.8934211730957,6.0,180.0
375.7125768716583,-48.79506143290894,-108.92118720093924,57.993408203125,6.0,180.0
375.70954917662925,-48.98754204767991,-109.39271071260583,58.09357070922852,6.0,180.0
375.7347512159193,-49.45972312184665,-109.92361180384312,58.09357070922852,6.0,180.0
375.8627633090844,-49.853468834645525,-110.3483360304358,58.19351959228516,6.0,180.0
375.8626888397724,-50.067543025344406,-110.7452305471471,58.29347610473633,6.0,180.0
375.6383090408876,-50.02332161205012,-111.13888117467737,58.39361953735352,6.0,180.0
375.43991396424,-49.71797713820582,-111.24795565363884,58.49341583251953,6.0,180.0
375.2351264384891,-49.34641883066489,-110.99157074310544,58.59344100952148,6.0,180.0
374.8023989797914,-49.0459395501604,-110.45567284571788,58.69342803955078,6.0,180.0
374.2230385171047,-48.95080137969126,-109.82531366643089,58.79345703125,6.0,180.0
373.65768648411,-48.99442621701745,-109.22506482631468,58.79345703125,6.0,180.0
373.2173747056064,-48.94087782729214,-108.62972477540193,58.89358901977539,6.0,180.0
372.9492577421134,-48.91617734794232,-107.91270491997278,58.99357604980469,6.0,180.0
372.8439141380991,-49.212209208941445,-107.16429179852123,59.093505859375,6.0,180.0
372.7630984833586,-49.72030538214386,-106.52250619835316,59.19357299804688,6.0,180.0
372.53784133435175,-50.13927461068717,-106.11062980353952,59.29336547851562,6.0,180.0
372.1423881808927,-50.39064451245408,-106.1005634792306,59.39352035522461,6.0,180.0
371.7781787232993,-50.511440861176,-106.45006151127424,59.39352035522461,6.0,180.0
371.76938741964346,-50.604447473231446,-106.92393538082072,59.49346923828125,6.0,180.0
372.1143498298354,-50.73143783628554,-107.22312013337692,59.59349060058594,6.0,180.0
372.50321928693376,-50.89903309017551,-107.28554481588031,59.69349670410156,6.0,180.0
372.67631642250205,-50.99316434037229,-107.10162853230176,59.7934455871582,6.0,180.0
372.6296630935967,-50.851600392583066,-106.6878507755048,59.89340209960938,6.0,180.0
372.48217062751087,-50.58370848518874,-106.13934031177722,59.99345779418945,6.0,180.0
372.235540756183,-50.35740281014343,-105.66493106522654,60.09357833862305,6.0,180.0
371.84064253572126,-50.28111909023247,-105.45543836215212,60.09357833862305,6.0,180.0
371.3708033543239,-50.376553275976576,-105.3718732598005,60.19351577758789,6.0,180.0
370.8789678398121,-50.56302475162857,-105.33884496758009,60.29351043701172,6.0,180.0
370.4590564538217,-50.78939061969968,-105.31149534635914,60.39355850219727,6.0,180.0
370.436227353187,-50.909209921737016,-105.2709756948545,60.49346542358398,6.0,180.0
370.89039200807287,-50.74746079861752,-105.32440046012346,60.59360504150391,6.0,180.0
371.44273990947033,-50.332435335413216,-105.41008514145209,60.69351577758789,6.0,180.0
371.6707931048158,-49.84511890099003,-105.31678995980334,60.79343414306641,6.0,180.0
371.46813040320615,-49.3777112729381,-105.01890972310056,60.79343414306641,6.0,180.0
371.0336564517038,-48.874171979140215,-104.59750125904333,60.89360046386719,6.0,180.0
370.5097045270446,-48.42503979729365,-103.9683574654202,60.99346923828125,6.0,180.0
369.8716171604273,-48.17725432787346,-103.0517614958633,61.09346771240234,6.0,180.0
369.2079056215244,-48.08669780214685,-101.9681573414238,61.19343566894531,6.0,180.0
368.6120425829198,-48.063981658192986,-101.0502949029401,61.29325866699219,6.0,180.0
368.1638775742364,-48.09784374439633,-100.46936557491657,61.39337921142578,6.0,180.0
367.8663906700458,-48.15215842634133,-100.1249465128384,61.39337921142578,6.0,180.0
367.4550162987609,-48.18266474729665,-99.7621926165713,61.49338531494141,6.0,180.0
367.1068633941264,-48.28528484664572,-99.27716603637828,61.59343719482422,6.0,180.0
367.2039383576744,-48.69561072823729,-98.85913724218192,61.69353103637695,6.0,180.0
367.52882008374047,-49.31612022611158,-98.52586214312016,61.79350662231445,6.0,180.0
367.7825642600286,-49.675787070511305,-98.43093546750872,61.89350891113281,6.0,180.0
368.005264800405,-49.74325407259327,-98.67556982196297,61.99364471435547,6.0,180.0
368.243977443444,-49.67922086412426,-98.86045706542096,62.09354019165039,6.0,180.0
368.391951285994,-49.57764126576024,-98.83487520489864,62.09354019165039,6.0,180.0
368.498705630337,-49.67126654736028,-98.75788117822088,62.19330596923828,6.0,180.0
368.6095099475068,-49.87130678969936,-98.8597134650474,62.29344940185547,6.0,180.0
368.6400843261194,-50.01820626967627,-99.1085179328349,62.39353942871094,6.0,180.0
368.7067666912731,-50.15838587002392,-99.1562086879588,62.49366760253906,6.0,180.0
368.7562900108492,-50.296834468929134,-98.93995847242029,62.59368133544922,6.0,180.0
368.5247621527586,-50.33649937740475,-98.54854566808316,62.69352722167969,6.0,180.0
367.93120554875713,-50.31040404456148,-98.23130622378451,62.69352722167969,6.0,180.0
367.2043489044792,-50.53012029742492,-98.24503026474147,62.79337310791016,6.0,180.0
366.6841578769592,-51.01115231883647,-98.42151101400748,62.89347839355469,6.0,180.0
366.43851273174,-51.47959265380918,-98.48161028930043,62.99345016479492,6.0,180.0
366.3337120406379,-51.74937373575273,-98.49091974807982,63.09327697753906,6.0,180.0
366.2476169046889,-51.77735020720458,-98.5608118602659,63.19323348999023,6.0,180.0
366.1973848883032,-51.68950462344063,-98.65596144459602,63.29347229003906,6.0,180.0
366.1705941665216,-51.56957131786835,-98.92181012333216,63.3936767578125,6.0,180.0
366.0374148482836,-51.3656253933875,-99.36820529802104,63.3936767578125,6.0,180.0
365.7259481665918,-51.05799925829895,-99.7176115961406,63.49357986450195,6.0,180.0
365.2149766778245,-50.76933923889,-99.91186081124609,63.59352111816406,6.0,180.0
364.63877190936887,-50.62419112935304,-100.05535934003848,63.69340896606445,6.0,180.0
364.1809548206418,-50.61896269688192,-100.04366224434575,63.79341506958008,6.0,180.0
363.8587462988528,-50.71323036238306,-99.85850449813952,63.89350509643555,6.0,180.0
363.85573017370194,-50.80529227548195,-99.64234997532304,63.99307250976562,6.0,180.0
364.0794741050812,-50.78302586957784,-99.55997524956818,63.99307250976562,6.0,180.0
364.1776728416821,-50.71629066456886,-99.68776685199,64.0928726196289,6.0,180.0
364.14685224159,-50.63989303936212,-99.71586076945236,64.1934814453125,6.0,180.0
363.9755289140797,-50.47561247884145,-99.42616906904028,64.29396057128906,6.0,180.0
363.7627311052198,-50.31969175886809,-99.10326997074948,64.39371490478516,6.0,180.0
363.6897887880695,-50.32013094472952,-98.951977306495,64.49339294433594,6.0,180.0
363.6541179763929,-50.35549169386686,-98.86335705358384,64.5934066772461,6.0,180.0
363.55680060179503,-50.3485858860289,-98.78569672355545,64.69355010986328,6.0,180.0
363.4657625225847,-50.56170895222571,-98.61743671979136,64.69355010986328,6.0,180.0
363.39854333665687,-51.11636305028533,-98.222393278021,64.79364013671875,6.0,180.0
363.29096234611126,-51.57262780865636,-97.74705301522688,64.89298248291016,6.0,180.0
363.2300045691351,-51.6639866238899,-97.4061716927239,64.99325561523438,6.0,180.0
363.0933699992133,-51.55309829130528,-97.17340255305037,65.09366607666016,6.0,180.0
362.7510356447335,-51.321102544693645,-97.00781191662352,65.19367980957031,6.0,180.0
362.33733685332845,-51.04709972624474,-96.95160602944608,65.2938232421875,6.0,180.0
361.757787855812,-50.78557055538605,-96.77789690442368,65.39371490478516,6.0,180.0
361.19646503253216,-50.56168427361766,-96.4007050714958,65.39371490478516,6.0,180.0
360.79080996798143,-50.50624720374344,-96.12092570470594,65.49342346191406,6.0,180.0
360.3781208505095,-50.66518393697672,-95.94368911387237,65.59364318847656,6.0,180.0
360.0851797511745,-50.76990323199605,-95.83351385480222,65.69347381591797,6.0,180.0
359.83940427365394,-50.69911546847244,-95.99082834413277,65.79328918457031,6.0,180.0
359.4684758676637,-50.62956937983056,-96.3883729832424,65.8932876586914,6.0,180.0
359.26353380078274,-50.70756974606165,-96.61566998817386,65.99345397949219,6.0,180.0
359.28282013574886,-50.94150474542487,-96.47422252973264,65.99345397949219,6.0,180.0
359.1844002615835,-51.21287717673792,-96.05935375445432,66.09366607666016,6.0,180.0
359.1261974105392,-51.54954788028473,-95.31147431309168,66.19371795654297,6.0,180.0
359.47890018294606,-51.833167539921504,-94.49388172517406,66.29363250732422,6.0,180.0
360.2267512216351,-51.83817011818063,-94.0665284517878,66.3935546875,6.0,180.0
360.976143675525,-51.75904125328425,-94.22312945268824,66.49348449707031,6.0,180.0
361.3921009032242,-51.76139926397535,-94.85976818746242,66.59343719482422,6.0,180.0
361.5566382992096,-51.79498652988054,-95.742663274663,66.6935043334961,6.0,180.0
361.3710000846564,-51.73119782683172,-96.38274094520835,66.6935043334961,6.0,180.0
360.9862211462252,-51.37048340790131,-96.47012748007003,66.79354858398438,6.0,180.0
360.7750684487109,-50.86020109196743,-96.4031018720206,66.89339447021484,6.0,180.0
360.35617848166913,-50.49558100857816,-96.18239505061618,66.99342346191406,6.0,180.0
359.7600299381225,-50.46430292108036,-95.66589933165162,67.0934829711914,6.0,180.0
359.24613302410467,-50.90616252213098,-95.08907423127262,67.19349670410156,6.0,180.0
358.49144548969537,-51.44845241696529,-94.7067353080734,67.29363250732422,6.0,180.0
357.70365992797866,-51.54524134408615,-94.76782121507068,67.29363250732422,6.0,180.0
357.1787093963273,-51.29827255971004,-94.9802966509873,67.3934097290039,6.0,180.0
356.8391607476777,-51.019064099804496,-95.04190388654612,67.49340057373047,6.0,180.0
356.5166916081932,-50.87327411784782,-95.06802919287291,67.59335327148438,6.0,180.0
356.04461122261733,-50.85666319983878,-95.22138408091966,67.6934814453125,6.0,180.0
355.61282061963675,-50.784481495372056,-95.34645853932184,67.79354858398438,6.0,180.0
355.38209038614724,-50.67007140901367,-95.13208532245363,67.89344787597656,6.0,180.0
355.2252653169421,-50.58361697680087,-94.66572588453604,67.99339294433594,6.0,180.0
354.77300913342594,-50.50643938875855,-94.11126306635929,67.99339294433594,6.0,180.0
353.6413840579444,-50.30874269482409,-93.67459901686097,68.09347534179688,6.0,180.0
351.8896766509737,-49.8893074280132,-93.49709938962158,68.19346618652344,6.0,180.0
350.2555483515864,-49.3078803077759,-93.51706646868044,68.29353332519531,6.0,180.0
349.48333452757504,-48.75045712557466,-93.51444513704962,68.39354705810547,6.0,180.0
349.1793939964151,-48.50729586035874,-93.44512387359876,68.49340057373047,6.0,180.0
348.602529317556,-48.57439664345233,-93.48741396213518,68.59346008300781,6.0,180.0
347.8598813188857,-48.79569450661083,-93.57622144775068,68.59346008300781,6.0,180.0
347.3295241365961,-49.08158759408087,-93.6256556044262,68.69351959228516,6.0,180.0
346.977968984982,-49.25730619133628,-93.4949046409326,68.7933120727539,6.0,180.0
346.6725357906722,-49.31011109631484,-93.20320924040072,68.89330291748047,6.0,180.0
346.4022395015666,-49.34726731434826,-92.90633913401066,68.99358367919922,6.0,180.0
346.1799209211211,-49.44389312851432,-92.55581002565296,69.0935287475586,6.0,180.0
346.04354156549965,-49.6607199903203,-92.14863053561623,69.19367980957031,6.0,180.0
345.8817665175095,-49.91780570590248,-91.62514636503934,69.29363250732422,6.0,180.0
345.77922814705767,-50.20036750939906,-91.0158066604586,69.29363250732422,6.0,180.0
345.7933414515428,-50.59803311026178,-90.41877088048102,69.39346313476562,6.0,180.0
345.3948021406239,-50.99812982964517,-89.72970745046388,69.49363708496094,6.0,180.0
344.56516830575106,-51.23729013879618,-89.06415449336336,69.59358978271484,6.0,180.0
343.7466201627111,-51.35998515758348,-88.5909251554746,69.69345092773438,6.0,180.0
343.01314647281345,-51.39892934876175,-88.37088485562458,69.79344177246094,6.0,180.0
342.4599589223951,-51.38856464353429,-88.49040656901494,69.8936538696289,6.0,180.0
342.22073194842017,-51.4602022093726,-88.73905375977573,69.99365234375,6.0,180.0
342.3232076437556,-51.549700196411365,-88.97031480481246,69.99365234375,6.0,180.0
342.2973077804321,-51.462294049517496,-89.11229316246265,70.09364318847656,6.0,180.0
341.96548550492,-51.32148735518703,-89.03313983871745,70.19346618652344,6.0,180.0
341.66927290030003,-51.42872377647325,-88.8842485222515,70.29338073730469,6.0,180.0
341.23679538060446,-51.61135907854718,-88.70810405562722,70.39350128173828,6.0,180.0
340.6555038059867,-51.47007386573098,-88.41710281329237,70.49363708496094,6.0,180.0
340.2542469391013,-51.10251578514887,-88.09028220529373,70.5935287475586,6.0,180.0
340.155861238061,-50.929808032024766,-87.87943611101174,70.5935287475586,6.0,180.0
340.04001402447847,-50.90380775115459,-87.74432163100172,70.69319915771484,6.0,180.0
339.6176282114988,-50.87911252827922,-87.47406486421981,70.79344940185547,6.0,180.0
338.86655471661606,-51.128041219630525,-87.12424201424328,70.89363098144531,6.0,180.0
337.8561868937144,-51.49214602482766,-86.81877484035239,70.99352264404297,6.0,180.0
336.9021466509484,-51.6208712408766,-86.53325410608326,71.09349060058594,6.0,180.0
336.16777571769984,-51.49640387006672,-86.32165053473184,71.19341278076172,6.0,180.0
335.7238943476411,-51.13649998617545,-86.24536624241509,71.29327392578125,6.0,180.0
335.51265451481135,-50.68794404335934,-86.30303548883688,71.29327392578125,6.0,180.0
335.2220281900088,-50.32931009817921,-86.50677770268895,71.3934326171875,6.0,180.0
334.7610694877972,-50.07507423236145,-86.7306380785409,71.49374389648438,6.0,180.0
334.2431052382749,-49.85855775747373,-86.79974130038019,71.59342956542969,6.0,180.0
333.7374338480065,-49.65761438552264,-86.72729385118434,71.69331359863281,6.0,180.0
333.40363092642764,-49.43128461169991,-86.63952493783792,71.79339599609375,6.0,180.0
333.24791160382097,-49.16659280396144,-86.53377896527034,71.8934555053711,6.0,180.0
333.1008400962963,-48.94853688102418,-86.32917493066432,71.8934555053711,6.0,180.0
332.77339716747053,-48.84643390247911,-85.98576876673636,71.99359130859375,6.0,180.0
332.16523848028675,-48.97183678094399,-85.50052567680136,72.09346771240234,6.0,180.0
331.5474076567549,-49.32681575823431,-85.11072279545377,72.19315338134766,6.0,180.0
330.9454384263374,-49.7736108365355,-85.01231201930993,72.29369354248047,6.0,180.0
330.1648466644897,-50.18370767492341,-85.09957940079599,72.39366912841797,6.0,180.0
329.3215331255702,-50.4248788712336,-85.18365777839105,72.49358367919922,6.0,180.0
328.4409604858028,-50.490446859498846,-85.20265469524968,72.59336853027344,6.0,180.0
327.61859521134824,-50.35601451481236,-85.34272938381766,72.59336853027344,6.0,180.0
326.8411035996296,-50.04830308334013,-85.52212889319372,72.69334411621094,6.0,180.0
326.09704721975424,-49.75988634560826,-85.30655386411047,72.7936019897461,6.0,180.0
325.74749789376824,-49.54267492937685,-84.70566428555418,72.89352416992188,6.0,180.0
325.6686747604697,-49.36407788090427,-84.1995171770318,72.99348449707031,6.0,180.0
325.4151617083916,-49.327795888828334,-84.12491987413597,73.09339141845703,6.0,180.0
324.8930671018926,-49.43982757564891,-84.2765110199044,73.19345092773438,6.0,180.0
324.34801002656576,-49.568332654763736,-84.2425432151255,73.19345092773438,6.0,180.0
324.0028408473666,-49.66460280072567,-84.0763449195698,73.29357147216797,6.0,180.0
323.8407546365949,-49.54425615209362,-83.94520775630721,73.39358520507812,6.0,180.0
323.6927192602613,-49.16402278794396,-83.66344733705856,73.49351501464844,6.0,180.0
323.3884908283862,-48.74979226226394,-83.10656075171616,73.59354400634766,6.0,180.0
322.8056526636458,-48.483271866058985,-82.37691753439802,73.69355773925781,6.0,180.0
321.84708619599445,-48.33697126530465,-81.71222783419498,73.79341125488281,6.0,180.0
320.80040007294843,-48.15291404405005,-81.33126683547283,73.89347076416016,6.0,180.0
320.0690073060959,-48.01375466985115,-81.15037201000084,73.89347076416016,6.0,180.0
319.60167750007463,-48.03721890126713,-81.13149721493403,73.99348449707031,6.0,180.0
319.2285831547856,-48.1944514180959,-81.30383997001515,74.09342956542969,6.0,180.0
318.7893177775914,-48.3784042247672,-81.41029554079343,74.19330596923828,6.0,180.0
318.3484400768886,-48.54582397942248,-81.46719419564056,74.29357147216797,6.0,180.0
318.04156327134945,-48.712890543227616,-81.68955710471212,74.39360809326172,6.0,180.0
317.6485098014033,-48.73276897434091,-81.87618842801524,74.4936294555664,6.0,180.0
317.1236695747809,-48.54562470193234,-81.92412292670707,74.4936294555664,6.0,180.0
316.723811601478,-48.25407360041749,-81.8946342460918,74.59349822998047,6.0,180.0
316.6341970566657,-48.00111861821756,-81.63745977035207,74.69340515136719,6.0,180.0
316.72243883348045,-47.86234424919215,-81.3103840944056,74.79336547851562,6.0,180.0
316.77469547023054,-47.66001492286152,-81.21690411737852,74.89339447021484,6.0,180.0
316.5861483764188,-47.40349757931628,-81.32756044765394,74.99345397949219,6.0,180.0
315.92252465709186,-47.38187508864016,-81.63345694260445,75.09361267089844,6.0,180.0
314.94463339115424,-47.612526210616,-82.01804578259825,75.19351196289062,6.0,180.0
313.799339140532,-47.791950822691184,-82.11805755490357,75.19351196289062,6.0,180.0
312.5936294110264,-47.703140209988646,-81.94892417518071,75.29342651367188,6.0,180.0
311.8841180848866,-47.44833091040275,-81.6771627656831,75.39337921142578,6.0,180.0
311.70698929460843,-47.17412163044001,-81.20428553139122,75.49345397949219,6.0,180.0
311.52562633034483,-46.89273227732215,-80.61521323249885,75.59368896484375,6.0,180.0
311.2179626541811,-46.625832218502886,-80.03405675957826,75.69351959228516,6.0,180.0
310.7484251935596,-46.46783793553573,-79.45838685969994,75.79336547851562,6.0,180.0
309.9962878652659,-46.391724891770295,-79.01362506280121,75.89351654052734,6.0,180.0
309.19929636705126,-46.15463371971714,-78.63466412333833,75.89351654052734,6.0,180.0
308.52184324250914,-45.690984375547686,-78.26301169837654,75.99354553222656,6.0,180.0
307.84491862824336,-45.24845951517882,-78.09552816152518,76.09358978271484,6.0,180.0
307.29139158502056,-44.95463511106495,-78.01861472147385,76.19346618652344,6.0,180.0
306.9786711940372,-44.92151341265595,-77.8259310100688,76.29337310791016,6.0,180.0
306.6995190663393,-45.246631217596935,-77.57954258866567,76.39331817626953,6.0,180.0
306.3340335040636,-45.58492144223359,-77.28515286192702,76.49357604980469,6.0,180.0
305.9114037748146,-45.73522975359382,-76.94360538299995,76.49357604980469,6.0,180.0
305.52627732451447,-45.85429617523389,-76.75467757097016,76.59362030029297,6.0,180.0
305.13695590177275,-45.89199029573494,-76.67888082386133,76.6936264038086,6.0,180.0
304.5102639115235,-45.93256098533786,-76.56079664104871,76.79349517822266,6.0,180.0
303.686937106141,-46.09109180900598,-76.44443163483542,76.89349365234375,6.0,180.0
302.8405879240192,-46.20935703792824,-76.2975556166871,76.99366760253906,6.0,180.0
302.12460578214484,-46.41025112394953,-75.90659743854773,77.09355926513672,6.0,180.0
301.6061407134812,-46.70276343090767,-75.135209117092,77.19346618652344,6.0,180.0
301.1328248982559,-46.9014011828486,-74.41978889127255,77.19346618652344,6.0,180.0
300.5389420361275,-46.974160877248906,-74.15143226519268,77.2933578491211,6.0,180.0
299.7585818644934,-46.81522175363786,-74.20609642241993,77.39350128173828,6.0,180.0
298.9335803975896,-46.58058004580766,-74.33950973864233,77.49372863769531,6.0,180.0
298.2750405678546,-46.520441008290696,-74.41717663241398,77.59359741210938,6.0,180.0
297.74340689332297,-46.58684555531999,-74.50267010662344,77.693359375,6.0,180.0
297.34240091453296,-46.68347010344558,-74.60940631389181,77.7933578491211,6.0,180.0
297.06337672640007,-46.80869530818039,-74.62560661914267,77.7933578491211,6.0,180.0
296.5687009743658,-46.96377389184035,-74.43034435958134,77.89360809326172,6.0,180.0
295.91142979134247,-47.01036091988688,-74.08505991514691,77.99365234375,6.0,180.0
295.40570184424297,-46.96212677549647,-73.66151102144147,78.0936279296875,6.0,180.0
294.8945071440491,-46.95557929846063,-73.12169060614106,78.19287872314453,6.0,180.0
294.32461013505247,-46.84622582085365,-72.61955737036926,78.29301452636719,6.0,180.0
294.01873482051025,-46.61160600375148,-72.38924232003508,78.39348602294922,6.0,180.0
293.8729012392644,-46.318470813385176,-72.25938578041502,78.4930419921875,6.0,180.0
293.3968679823268,-45.91561932909705,-71.9923486088784,78.4930419921875,6.0,180.0
292.5533779645976,-45.59541147935796,-71.79498517453996,78.59334564208984,6.0,180.0
291.5659713276077,-45.46685995685429,-71.62652131900578,78.69367218017578,6.0,180.0
290.66142677933567,-45.35272846369665,-71.24537013424914,78.7937240600586,6.0,180.0
290.0798970443491,-45.16889205215735,-70.84682474837975,78.89364624023438,6.0,180.0
289.6560584638124,-45.03807965580143,-70.44616126909443,78.99327850341797,6.0,180.0
289.1156428584091,-45.1494679376004,-69.80378851566918,79.09318542480469,6.0,180.0
288.55959991757817,-45.43145215482913,-69.01221495468288,79.09318542480469,6.0,180.0
288.061766607036,-45.64628023590152,-68.32713184338468,79.19343566894531,6.0,180.0
287.543902001006,-45.78368183263936,-68.04041434432472,79.29361724853516,6.0,180.0
287.1090099474948,-45.87649494071658,-68.20398973998422,79.39311981201172,6.0,180.0
286.7308844617333,-45.708599601856896,-68.58414639099013,79.49311065673828,6.0,180.0
286.271838242798,-45.1394302505084,-68.89260336388799,79.59375,6.0,180.0
285.82785559858576,-44.46666285984971,-68.75744183817794,79.69404602050781,6.0,180.0
285.34358565489606,-43.99788660749821,-68.34765589344339,79.79374694824219,6.0,180.0
284.7595426604961,-43.75568573434965,-68.08463000315356,79.79374694824219,6.0,180.0
284.0774059329692,-43.56140035468255,-67.89525822395478,79.89338684082031,6.0,180.0
283.1004608945851,-43.29211812942646,-67.71384416351928,79.99331665039062,6.0,180.0
282.2031345063738,-43.10254545411392,-67.60279446884563,80.09362030029297,6.0,180.0
281.8314690639936,-43.01281915316503,-67.60613014116281,80.19380187988281,6.0,180.0
281.6212245614613,-43.063318440910905,-67.65207108223632,80.2933578491211,6.0,180.0
281.3109423107237,-43.31873653882013,-67.54579822486687,80.393310546875,6.0,180.0
281.00586582283285,-43.49774305344692,-67.28083560000312,80.49357604980469,6.0,180.0
280.73020868852524,-43.50481487121418,-67.01293379337852,80.49357604980469,6.0,180.0
280.44996706531737,-43.57338558099161,-66.87206637084826,80.59378814697266,6.0,180.0
280.2528287323203,-43.810668323728166,-66.84821782550578,80.69368743896484,6.0,180.0
280.25516077186177,-43.98438705392615,-66.76491013762485,80.79357147216797,6.0,180.0
280.1910480568318,-43.94751406002639,-66.59243425919387,80.89366149902344,6.0,180.0
279.7547017939685,-43.82715312382594,-66.49578160129278,80.9935302734375,6.0,180.0
279.05597990173857,-43.49752815485781,-66.39293649464283,81.09346771240234,6.0,180.0
278.2240473576921,-43.03583046785592,-66.27763270167254,81.09346771240234,6.0,180.0
277.32109265209954,-42.760558656841496,-66.44789375028215,81.19348907470703,6.0,180.0
276.4810092879211,-42.72380642644509,-66.89949451868905,81.2933349609375,6.0,180.0
275.69881757435843,-42.91003862896537,-67.32553515662097,81.39340209960938,6.0,180.0
274.72576206906933,-43.19378308707108,-67.56930294276268,81.49353790283203,6.0,180.0
273.4414605291552,-43.44920384546458,-67.6593973646626,81.59346008300781,6.0,180.0
272.2339045688684,-43.58833971224948,-67.63436884432055,81.69354248046875,6.0,180.0
271.2339337942005,-43.55223472234503,-67.57206947846696,81.79335021972656,6.0,180.0
270.2825947483136,-43.37629134551207,-67.59750317697944,81.79335021972656,6.0,180.0
269.4753118711621,-43.1225422609208,-67.61533100995102,81.8934097290039,6.0,180.0
268.83284424044115,-42.79423653721211,-67.40211209521998,81.99359130859375,6.0,180.0
268.3339352832622,-42.40746531761816,-66.81294533084925,82.09339141845703,6.0,180.0
267.8826132680718,-42.13538044511228,-65.79232207617788,82.19331359863281,6.0,180.0
267.3214314411191,-41.93860783007191,-64.57223773151867,82.2934341430664,6.0,180.0
266.504714673186,-41.673316996729945,-63.5428035647944,82.39366912841797,6.0,180.0
265.3780858278417,-41.52487702720294,-62.909629874531184,82.39366912841797,6.0,180.0
264.0977544166194,-41.61913095203277,-62.71455874346948,82.49369049072266,6.0,180.0
262.9851555271251,-41.790634733137495,-62.9162740194724,82.59349060058594,6.0,180.0
262.16722268368034,-41.95302117857692,-63.05510884654147,82.69317626953125,6.0,180.0
261.599372763716,-42.12084744412475,-62.63957634372591,82.79326629638672,6.0,180.0
261.5142623136998,-42.21753969236224,-62.01349964906035,82.89363861083984,6.0,180.0
261.77046268040544,-42.29175125226984,-61.60131029685296,82.99336242675781,6.0,180.0
262.00116609423475,-42.46115592535956,-61.41611043891477,83.09288024902344,6.0,180.0
262.1755929044189,-42.62893603073738,-61.54480197741235,83.09288024902344,6.0,180.0
261.98985485034467,-42.545317860237525,-61.8003592493635,83.19336700439453,6.0,180.0
261.3201206597442,-42.26110114613225,-61.80482475528611,83.29361724853516,6.0,180.0
260.7244938777883,-42.05129798489265,-61.562323910092566,83.39386749267578,6.0,180.0
260.3763452360102,-41.97433371384894,-61.2303088667562,83.49334716796875,6.0,180.0
259.9850328765165,-41.98997794138979,-60.70255435468405,83.59297943115234,6.0,180.0
259.6934699396415,-42.03677141200879,-59.98040024852113,83.69336700439453,6.0,180.0
259.37446239691513,-42.05638511229847,-59.42752253687179,83.69336700439453,6.0,180.0
258.55931743474025,-41.97755328682503,-59.0426971911496,83.79377746582031,6.0,180.0
257.54917597315045,-41.79037086127988,-58.61245832028227,83.8932113647461,6.0,180.0
256.80624240986253,-41.48418211983513,-58.22430869878657,83.99259185791016,6.0,180.0
256.070970343442,-41.08724801185432,-57.91905310177511,84.09310150146484,6.0,180.0
255.10489158535103,-40.78163561308583,-57.720376481887925,84.19385528564453,6.0,180.0
254.15037855133463,-40.74842446692919,-57.63723229338471,84.29428100585938,6.0,180.0
253.4127097625275,-40.97207160897082,-57.63928178146662,84.39348602294922,6.0,180.0
252.82613339568144,-41.10643373781549,-57.7302255468033,84.39348602294922,6.0,180.0
252.0319593125492,-40.88802305720505,-57.66807738813688,84.49271392822266,6.0,180.0
251.0630101919673,-40.40481618138877,-57.246326737973774,84.5933609008789,6.0,180.0
250.301096939407,-39.84030405826314,-56.68053257631871,84.69404602050781,6.0,180.0
249.71341587372416,-39.34939819474052,-56.22264202666709,84.79405212402344,6.0,180.0
249.24392657822943,-39.04349484687728,-56.033613877645394,84.89263153076172,6.0,180.0
248.8509893490774,-38.84892622763683,-56.097794512808896,84.9930648803711,6.0,180.0
248.41659047170185,-38.70324095678093,-56.19587597012488,85.09381866455078,6.0,180.0
247.8897703304164,-38.59983403879141,-56.31566298518389,85.09381866455078,6.0,180.0
247.08541554882203,-38.505797458677705,-56.37074396704725,85.19444274902344,6.0,180.0
246.1519476604184,-38.57249597724518,-56.19177774842744,85.29383850097656,6.0,180.0
245.44114687167672,-38.79433983515632,-56.069616843949206,85.39295959472656,6.0,180.0
244.86119991977213,-39.04896281544904,-56.07165525079294,85.4931411743164,6.0,180.0
244.29523038815785,-39.40063182708101,-55.8703790696311,85.59357452392578,6.0,180.0
243.8492421911294,-39.74005167350214,-55.57610347574638,85.69379425048828,6.0,180.0
243.4834012700299,-39.79371515872491,-55.39160625970615,85.69379425048828,6.0,180.0
242.91125750480327,-39.6157810876562,-55.3524754785453,85.79283905029297,6.0,180.0
242.034297946986,-39.45093928828405,-55.40708870486405,85.89299011230469,6.0,180.0
241.20956646385292,-39.27018308978214,-55.36048059907521,85.9935302734375,6.0,180.0
240.62361319575257,-38.98177852119565,-55.05839236012327,86.09426879882812,6.0,180.0
239.95481532536903,-38.76831905420151,-54.54996222873532,86.19407653808594,6.0,180.0
239.2270790773753,-38.77920355742082,-54.06721679251932,86.29292297363281,6.0,180.0
238.7333133702436,-38.75865451458564,-53.641050097378745,86.39303588867188,6.0,180.0
238.38763411363425,-38.54956929055904,-53.23165680276301,86.39303588867188,6.0,180.0
238.0808333980956,-38.39342716720581,-52.9536907182861,86.49356842041016,6.0,180.0
237.90617895009763,-38.31295665948465,-52.90958088969799,86.59408569335938,6.0,180.0
237.80468966651063,-38.2570233691046,-52.97068783464952,86.69312286376953,6.0,180.0
237.47515857224005,-38.40103679908452,-52.7897959036612,86.79300689697266,6.0,180.0
236.8454133540777,-38.69610785256722,-52.4536186205921,86.89360809326172,6.0,180.0
236.0166582384269,-39.057642271765424,-52.36422452807422,86.99418640136719,6.0,180.0
235.01395052542804,-39.32625430488173,-52.49020865710182,86.99418640136719,6.0,180.0
233.91604529008129,-39.17021169067333,-52.5672344475624,87.09412384033203,6.0,180.0
232.9855619700397,-38.71403862397911,-52.70796894968202,87.19322204589844,6.0,180.0
232.34661464151972,-38.31680718642528,-53.00602629683844,87.29316711425781,6.0,180.0
231.78852586570625,-37.99721835574721,-53.13798998191834,87.39382934570312,6.0,180.0
231.36844095738303,-37.78179239223539,-53.06924504443904,87.49397277832031,6.0,180.0
231.1140737940274,-37.76865563683737,-52.948633382929785,87.59349060058594,6.0,180.0
230.69038225779784,-37.85224301186896,-52.792435635477226,87.6928482055664,6.0,180.0
230.1577018102684,-37.855249492564326,-52.68972143485107,87.6928482055664,6.0,180.0
229.7359255176016,-37.69408945080918,-52.50576781240135,87.7934799194336,6.0,180.0
229.4065279110954,-37.59454783022903,-52.22496460107102,87.89395904541016,6.0,180.0
228.9692633165081,-37.67657351243588,-52.20387617770837,87.9937515258789,6.0,180.0
228.1594776756221,-37.73210938662497,-52.57060599317716,88.09370422363281,6.0,180.0
227.24018737498167,-37.74394086226547,-53.08493231280599,88.19349670410156,6.0,180.0
226.5167826074155,-37.76173488998998,-53.34325778117532,88.29345703125,6.0,180.0
225.8229008334367,-37.652412341947134,-53.17079372919121,88.29345703125,6.0,180.0
225.04857244002287,-37.47377542673035,-52.705789773886735,88.39366912841797,6.0,180.0
224.1596885372168,-37.36829641920375,-52.006056945047526,88.49333190917969,6.0,180.0
223.0901611723233,-37.2311791510224,-51.23304212693789,88.59307098388672,6.0,180.0
222.03318345226583,-37.08683833851639,-50.69357113105623,88.69341278076172,6.0,180.0
221.06347849454949,-37.11173230743488,-50.310588735666855,88.79373168945312,6.0,180.0
220.0913608170848,-37.20399712950318,-49.84456119965388,88.89389038085938,6.0,180.0
219.09305083178785,-37.21762557770162,-49.42952183962759,88.99352264404297,6.0,180.0
217.9835057945799,-37.14126777661757,-49.25555980395091,88.99352264404297,6.0,180.0
217.02290110538368,-36.95449073778847,-49.18057044407206,89.0932388305664,6.0,180.0
216.31576913411976,-36.66645975755872,-48.945098546927454,89.1935806274414,6.0,180.0
215.57199685776703,-36.459458646016266,-48.5790572087947,89.29367065429688,6.0,180.0
214.9051389289485,-36.48319074879952,-48.32835343082186,89.3934326171875,6.0,180.0
214.30913299253928,-36.46245700683809,-48.0685582268434,89.49321746826172,6.0,180.0
213.48453626753712,-36.27034687321306,-47.52153218158234,89.59336853027344,6.0,180.0
212.53149718209573,-36.180262589682656,-46.86396895402795,89.59336853027344,6.0,180.0
211.67211556653905,-36.21106369884323,-46.21047709759624,89.69376373291016,6.0,180.0
211.08440765154137,-36.1187833193996,-45.42142807273908,89.793701171875,6.0,180.0
210.80567028207736,-35.88129946135258,-44.7000028717667,89.89351654052734,6.0,180.0
210.61910941788847,-35.736846119252775,-44.40897117101439,89.993408203125,6.0,180.0
210.2942548132555,-35.7496910860239,-44.47068167746401,90.09341430664062,6.0,180.0
209.5586281315229,-35.74531835870798,-44.410159464367446,90.1935577392578,6.0,180.0
208.500602352478,-35.65950645372131,-44.04565598885832,90.29324340820312,6.0,180.0
207.69799174608883,-35.54203813324915,-43.69949484630888,90.29324340820312,6.0,180.0
207.30106057299847,-35.51079307207691,-43.51759297049354,90.3927764892578,6.0,180.0
206.99674787663608,-35.62103814828595,-43.45871052482862,90.49304962158205,6.0,180.0
206.5882261725216,-35.82007308113626,-43.36668329316288,90.59367370605467,6.0,180.0
206.1431142205284,-36.04377071919093,-43.05653033668557,90.69400787353516,6.0,180.0
205.7965868092141,-36.22029622696069,-42.70321883209232,90.79344177246094,6.0,180.0
205.3983296214363,-36.3137907860876,-42.5028167546099,90.89315032958984,6.0,180.0
204.7520182704881,-36.20871604415201,-42.564945405152834,90.9933624267578,6.0,180.0
203.8679824748069,-36.03432306953546,-42.82197871465451,90.9933624267578,6.0,180.0
202.89804251823816,-35.96379125677211,-43.047687799680574,91.09383392333984,6.0,180.0
202.0285929583471,-35.865015276832445,-43.03813793610156,91.19355010986328,6.0,180.0
201.3949971171688,-35.82711214439387,-42.84576069417346,91.29241180419922,6.0,180.0
200.92208421986348,-35.93514238925262,-42.81010439469688,91.39318084716795,6.0,180.0
200.43370222745008,-36.04442218101264,-42.85362852907503,91.49391174316406,6.0,180.0
199.95325051874488,-36.04094085228809,-42.6266664929236,91.59436798095705,6.0,180.0
199.58381431503216,-35.95208987887227,-42.18514736460749,91.59436798095705,6.0,180.0
199.21808912758937,-35.827199720112525,-41.71613620809605,91.69386291503906,6.0,180.0
198.69052778643828,-35.5693617286683,-41.302060958704416,91.79308319091795,6.0,180.0
198.01019077849807,-35.29233195458517,-41.18365980389531,91.89341735839844,6.0,180.0
197.44059706218871,-35.169034811978435,-41.55508370646918,91.99395751953124,6.0,180.0
197.28693830343488,-35.16380777827782,-42.17605626927217,92.0937042236328,6.0,180.0
197.3310050840676,-35.201957729956035,-42.70413565193396,92.19252014160156,6.0,180.0
197.2369720562133,-35.16222934344276,-42.99121110918011,92.29315948486328,6.0,180.0
197.08028030816936,-35.04791616145614,-43.04310469681386,92.29315948486328,6.0,180.0
196.9121782387902,-34.91589469952179,-42.99469468656077,92.3937759399414,6.0,180.0
196.56118059022884,-34.67865097302264,-42.89434370074957,92.49430084228516,6.0,180.0
195.895876262847,-34.32972102417402,-42.58145745239683,92.59402465820312,6.0,180.0
194.92881014382908,-33.841184904062274,-42.052245014180976,92.69336700439452,6.0,180.0
193.8050164397021,-33.079368049743955,-41.61211808177032,92.79334259033205,6.0,180.0
192.6358519210592,-32.300633938016816,-41.37175193362467,92.8935317993164,6.0,180.0
191.7139333314235,-31.932784112247987,-41.2582453648429,92.8935317993164,6.0,180.0
191.3745837954393,-31.96632781779753,-41.26240556389008,92.9936752319336,6.0,180.0
191.273376879921,-32.20816083534855,-41.23411261022903,93.09270477294922,6.0,180.0
190.8937809175078,-32.45561717182795,-40.96903658524501,93.19281768798828,6.0,180.0
190.1673134467992,-32.39454995898444,-40.51906064177437,93.2933578491211,6.0,180.0
189.1865366507517,-32.05655533202373,-40.12112193406473,93.3939971923828,6.0,180.0
188.08198036921627,-31.93419812844473,-39.96646730400544,93.49388885498048,6.0,180.0
187.0709531854576,-32.195474022820804,-39.93983824787095,93.5927505493164,6.0,180.0
186.1891700505932,-32.558153211431005,-39.78609399984198,93.5927505493164,6.0,180.0
185.31472467712496,-32.80114975609608,-39.54282900920479,93.69298553466795,6.0,180.0
184.57085371378392,-32.93575168516499,-39.34045519109268,93.7935028076172,6.0,180.0
184.0302541685796,-32.99286513482083,-39.28803406782507,93.8940658569336,6.0,180.0
183.5619934120071,-32.95483269737977,-39.43334677505967,93.99334716796876,6.0,180.0
183.1060452388713,-32.85550723314819,-39.51307630433946,94.0930404663086,6.0,180.0
182.63668102200035,-32.70218196308754,-39.41006406705095,94.19366455078124,6.0,180.0
182.0732993614707,-32.42539875209036,-39.29427775245065,94.19366455078124,6.0,180.0
181.3996167136385,-31.943242416273065,-39.30892341319262,94.29415130615234,6.0,180.0
180.58818123892524,-31.448458410906905,-39.38117693835901,94.39400482177734,6.0,180.0
179.55686317943918,-31.03065649382203,-39.11298661721534,94.49365234375,6.0,180.0
178.46613647547406,-30.614048549728874,-38.5048431965215,94.59326171875,6.0,180.0
177.45516094073471,-30.204442413492444,-37.95582943252478,94.69367218017578,6.0,180.0
176.57687749237618,-29.81852959824534,-37.51449056103751,94.79388427734376,6.0,180.0
175.92557179817737,-29.64853533721904,-37.11290160015255,94.89352416992188,6.0,180.0
175.4375803943591,-29.684369766691923,-36.91630834203252,94.89352416992188,6.0,180.0
174.7855634796328,-29.773723143818657,-37.00876338683189,94.99324035644533,6.0,180.0
173.82675961346342,-29.759489287138138,-37.1215022427788,95.09355926513672,6.0,180.0
172.91707077758565,-29.49448020941511,-37.03872346646513,95.19380950927734,6.0,180.0
172.33073114471,-29.234001747501555,-36.93231855076479,95.29379272460938,6.0,180.0
171.97221111081447,-29.31529252510043,-36.97178727089815,95.39363098144533,6.0,180.0
171.59321061921577,-29.529476213282432,-36.95937544322325,95.49356842041016,6.0,180.0
171.16994663693703,-29.52828771720963,-36.74301532667746,95.59356689453124,6.0,180.0
170.73524189000585,-29.44082365586715,-36.45562776950065,95.59356689453124,6.0,180.0
170.20104324674253,-29.387473649761176,-36.14657159935377,95.6934585571289,6.0,180.0
169.63728146054248,-29.42076169605096,-35.76115716733114,95.79345703125,6.0,180.0
169.06502868427862,-29.47971523660816,-35.415231157691345,95.89347076416016,6.0,180.0
168.2956565339986,-29.251306467966685,-35.25407652296239,95.99333953857422,6.0,180.0
167.28358426060095,-28.86205397904753,-35.11057199937255,96.093505859375,6.0,180.0
166.14714643252748,-28.687071590399835,-34.819367104615296,96.19352722167967,6.0,180.0
164.87496245507478,-28.634170889176687,-34.48030853997945,96.19352722167967,6.0,180.0
163.6736402589135,-28.49105557647084,-34.29026318755092,96.29357147216795,6.0,180.0
162.81036469950976,-28.362259126715387,-34.2064790337061,96.39346313476562,6.0,180.0
162.0796405523986,-28.353751609631217,-34.06959222922047,96.49333190917967,6.0,180.0
161.1288764360948,-28.35954565805352,-33.91858427790955,96.59342956542967,6.0,180.0
159.77422913388563,-28.18341992800496,-33.66368628026048,96.69351959228516,6.0,180.0
158.14248671289317,-27.79413991834688,-33.35742652471075,96.7936019897461,6.0,180.0
156.66093618999176,-27.413977381090213,-33.276317904546815,96.89341735839844,6.0,180.0
155.68539273088052,-27.255930934634925,-33.414004841597524,96.89341735839844,6.0,180.0
155.1031975230392,-27.310938774275822,-33.63340388693439,96.99342346191406,6.0,180.0
154.57904028095152,-27.49974641300244,-33.75473531643392,97.09347534179688,6.0,180.0
154.02787384610758,-27.62417341017228,-33.613785899823114,97.19349670410156,6.0,180.0
153.4331863853384,-27.41842801735182,-33.40184062815236,97.2936553955078,6.0,180.0
152.87843922275252,-26.97046520765113,-33.35394431604669,97.39348602294922,6.0,180.0
152.50455557713974,-26.506776130279697,-33.390648550520474,97.4934310913086,6.0,180.0
152.15490873486573,-26.089292480247515,-33.466490630177304,97.4934310913086,6.0,180.0
151.63453544766844,-25.75404201119131,-33.56540937351567,97.59347534179688,6.0,180.0
150.94256648555734,-25.5045960317584,-33.59727129581399,97.69335174560548,6.0,180.0
150.18556297284823,-25.251317024563907,-33.56702708243458,97.79362487792967,6.0,180.0
149.46094367467066,-25.06714136643372,-33.39696576678062,97.89362335205078,6.0,180.0
148.8693546623461,-25.10326499066792,-33.14805099357002,97.99352264404295,6.0,180.0
148.3363875950178,-25.26826994883861,-32.924213973271826,98.09357452392578,6.0,180.0
147.55160348186212,-25.442985813915183,-32.57727046066806,98.19338989257812,6.0,180.0
146.54071671710605,-25.61106922589427,-32.1248595543156,98.19338989257812,6.0,180.0
145.53068486821417,-25.72494530282892,-31.65036811207544,98.29338836669922,6.0,180.0
144.54480592727563,-25.80286472832369,-31.28587551667383,98.3936004638672,6.0,180.0
143.6978988846812,-25.991856585781747,-31.12361758602117,98.49348449707033,6.0,180.0
143.0652856194393,-26.276990981462028,-31.021578580817625,98.59346771240234,6.0,180.0
142.56816096406078,-26.490058985999585,-30.94566126402841,98.69334411621094,6.0,180.0
142.27884857904996,-26.781511997874745,-30.940785195731515,98.79335021972656,6.0,180.0
141.97738851524355,-27.309698559215303,-30.982634729727643,98.79335021972656,6.0,180.0
141.35089094847058,-27.706818009292043,-31.102525037838333,98.8935317993164,6.0,180.0
140.66223460605718,-27.703886466064745,-31.23777829283153,98.99351501464844,6.0,180.0
140.00502775655735,-27.52121662336281,-31.25086715999275,99.09352111816406,6.0,180.0
139.09406054542188,-27.35080499659324,-31.144719499535988,99.1935577392578,6.0,180.0
138.06411245660752,-27.20253943394153,-30.884768579938005,99.29354858398438,6.0,180.0
137.13723829472252,-27.00705048209624,-30.62463976280927,99.39350128173828,6.0,180.0
136.2632055078468,-26.669829205191576,-30.696177643243843,99.49346923828124,6.0,180.0
135.52184644561538,-26.28577697034242,-31.15909942016647,99.49346923828124,6.0,180.0
134.8357309430546,-25.93488079690441,-31.5523806674602,99.59332275390624,6.0,180.0
133.98272978012375,-25.53749742066612,-31.407966922433744,99.6934585571289,6.0,180.0
133.00649743686824,-25.01947493678105,-30.99294858277701,99.79313659667967,6.0,180.0
131.88730135603137,-24.40653016540219,-30.827221255005945,99.88159942626952,6.0,180.0
130.51966162135966,-23.85739819854014,-30.92107463575751,99.94274139404295,6.0,180.0
129.0378344518221,-23.374275561211228,-30.929011542269684,99.97396087646484,6.0,180.0
127.75295941055988,-22.94563784382093,-30.802426524273333,99.9866180419922,6.0,180.0
126.83558225267912,-22.65711749458095,-30.55553262695637,99.9866180419922,6.0,180.0
126.14696796548311,-22.455688282955546,-30.088549569184305,99.99352264404295,6.0,180.0
125.58414818543996,-22.246172822208848,-29.63598688323297,99.99678802490234,6.0,180.0
125.2528763948448,-22.01405609114393,-29.45926409971184,99.99844360351562,6.0,180.0
125.10143072248364,-21.85457816839708,-29.33833578547513,99.99925231933594,6.0,180.0
124.93322320981171,-21.8193708546206,-29.033311431867737,99.99966430664062,6.0,180.0
124.73073535041868,-21.78925337022392,-28.76953784505509,99.9998550415039,6.0,180.0
124.54425830917778,-21.65573805392324,-28.674659646298032,99.9998550415039,6.0,180.0
124.26779187196344,-21.483243430636325,-28.511390943439565,99.99996948242188,6.0,180.0
123.78623022848416,-21.32206666297357,-28.18832392130889,100.0000305175781,6.0,180.0
123.31006006516772,-21.16252810908305,-27.954420458836424,100.0000610351562,6.0,180.0
122.98407500249304,-21.066405906906887,-27.94030812623752,100.0000686645508,6.0,180.0
122.58877387630324,-21.16297991727297,-27.96774335033728,100.0000762939453,6.0,180.0
122.00967461661163,-21.437988101032104,-27.811737722969305,100.0000686645508,6.0,180.0
121.37600575276896,-21.732188397235795,-27.53436155288037,100.0000686645508,6.0,180.0
120.8572968091374,-21.94938109451475,-27.491002697850693,100.0000686645508,6.0,180.0
120.59644300148008,-22.067079420836578,-27.729612460905606,100.0000610351562,6.0,180.0
120.5000346109657,-22.11387120061711,-28.04646786514595,100.0000610351562,6.0,180.0
120.19328918010784,-22.223228593224327,-28.27119228284684,100.0000534057617,6.0,180.0
119.55009843083474,-22.49418516411937,-28.32596633083321,100.0000534057617,6.0,180.0
118.72614678176647,-22.66520263614234,-28.29407169899726,100.0000457763672,6.0,180.0
117.95053033926962,-22.52577234663699,-28.14818945267281,100.0000381469727,6.0,180.0
117.40626175619975,-22.200751666414742,-28.053208241409585,100.0000381469727,6.0,180.0
116.88459521807005,-21.99998702606866,-28.128214974885235,100.0000381469727,6.0,180.0
116.12556065905288,-22.062510719022285,-28.178403543946068,100.0000305175781,6.0,180.0
115.26027983678274,-22.207593256418672,-28.337484635889,100.0000305175781,6.0,180.0
114.60010860343168,-22.323936856420104,-28.67375112649549,100.0000228881836,6.0,180.0
114.35737676577,-22.338081957399893,-28.94232854804901,100.0000228881836,6.0,180.0
114.35104999426316,-22.18662911448348,-28.99336409250513,100.0000152587891,6.0,180.0
114.26093571470008,-21.83021703982641,-28.85877058929927,100.0000152587891,6.0,180.0
114.23453251968688,-21.36159340930081,-28.704517242079795,100.0000152587891,6.0,180.0
114.35952894795368,-20.994596206258823,-28.46541139328462,100.0000152587891,6.0,180.0
114.27541373139896,-20.861636520148974,-28.22047852702862,100.0000152587891,6.0,180.0
114.02070998206491,-20.945566735234888,-28.30278507108824,100.0000152587891,6.0,180.0
113.86880006810289,-21.10850779063088,-28.594579235619484,100.0000076293945,6.0,180.0
113.80802507476344,-21.312211144411883,-28.871907639685386,100.0000076293945,6.0,180.0
113.76458867123986,-21.47160597308068,-29.13852316191152,100.0000076293945,6.0,180.0
113.71988746048189,-21.558260816462106,-29.29523683861874,100.0000076293945,6.0,180.0
113.90725100613918,-21.60770211087352,-29.231770476139097,100.0,6.0,180.0
114.3134661319732,-21.53965871138853,-29.19759042344846,100.0000076293945,6.0,180.0
114.54503395837531,-21.363861838270644,-29.343254371148284,100.0,6.0,180.0
114.53202809632012,-21.14028461453453,-29.45549337926622,100.0,6.0,180.0
114.41155027281792,-20.93426228964299,-29.4959057030256,100.0000076293945,6.0,180.0
114.23089924819688,-20.75178230116323,-29.495230273930936,100.0,6.0,180.0
113.91669116388668,-20.59101520984909,-29.35273763249729,100.0,6.0,180.0
113.4609831609392,-20.51342828081514,-29.258953723117035,100.0,6.0,180.0
113.08343941735151,-20.48701664244483,-29.51116282402913,100.0,6.0,180.0
112.90208355647,-20.40344698782844,-29.779476720286485,100.0,6.0,180.0
112.82297437699314,-20.281027922664936,-29.710160042867862,100.0,6.0,180.0
112.75990559642094,-20.15451639377163,-29.37376956371493,100.0,6.0,180.0
112.65117692676988,-20.03788068254661,-28.86485156127564,100.0,6.0,180.0
112.36425010321912,-19.94607977204017,-28.48972038869508,100.0,6.0,180.0
111.93702028891926,-19.76416116988049,-28.389928311932387,100.0,6.0,180.0
111.533256476967,-19.531047267942327,-28.32736671782998,100.0,6.0,180.0
111.21975748217814,-19.4230892274602,-28.194991747582304,100.0,6.0,180.0
110.99855120289202,-19.496842628667995,-28.158812098732632,100.0,6.0,180.0
110.87585082857026,-19.592915927052,-28.2672111985145,100.0,6.0,180.0
110.87541318268951,-19.58471951959249,-28.353971611666896,100.0,6.0,180.0
110.84231837815426,-19.73237664565258,-28.53078611731624,100.0,6.0,180.0
110.61068636352972,-20.12838317057836,-28.765639366749745,100.0,6.0,180.0
110.1524638201382,-20.46248396811792,-28.75226174046122,100.0,6.0,180.0
109.62806899806296,-20.65244147731643,-28.59222696620791,100.0,6.0,180.0
109.24469328082124,-20.795001565308446,-28.474167750570004,100.0,6.0,180.0
108.96653764723976,-20.81915872216051,-28.259915653827328,99.99999237060548,6.0,180.0
108.76838510039208,-20.815115424341137,-27.82705907651217,100.0,6.0,180.0
108.57449179167202,-20.900781589077663,-27.362162948352665,100.0,6.0,180.0
108.38081374422458,-21.009584452140288,-27.15040875431505,100.0,6.0,180.0
108.32844349380952,-21.14857691248971,-27.298787743596133,100.0,6.0,180.0
108.35625431484029,-21.266738096533068,-27.695962184402944,100.0,6.0,180.0
108.26603459073029,-21.137788966999224,-28.12835657136724,100.0,6.0,180.0
107.90620993658088,-20.82627629219654,-28.51325759934318,100.0,6.0,180.0
107.53851297766408,-20.592226890410497,-28.78861945491261,100.0,6.0,180.0
107.52825580371818,-20.275685192791137,-28.804953104143845,100.0,6.0,180.0
107.68601036940396,-19.871339249274705,-28.71766982538803,100.0,6.0,180.0
107.5718951016489,-19.64002490536292,-28.69718905754068,100.0,6.0,180.0
107.14382906189368,-19.534086682751152,-28.69148675224737,100.0,6.0,180.0
106.82458679346712,-19.41665199173042,-28.777339612323715,100.0,6.0,180.0
106.95112719377109,-19.35339263430979,-28.913431059132257,100.0,6.0,180.0
107.29165994988696,-19.486736199654747,-29.06350296319724,100.0,6.0,180.0
107.37876320260824,-19.77522102387408,-29.32001742532337,100.0,6.0,180.0
107.17013881109,-20.14209685205973,-29.6079171786024,100.0,6.0,180.0
106.88138037623732,-20.51851288201864,-29.80437506986061,100.0,6.0,180.0
106.74034492503488,-20.64305202013459,-29.955581000248376,100.0,6.0,180.0
106.88535719330751,-20.402046526748848,-30.0267636542026,100.0,6.0,180.0
107.03030653677902,-20.02182500478599,-30.00053862500845,100.0,6.0,180.0
106.96289319755688,-19.745229468348235,-30.02793689683235,100.0,6.0,180.0
106.90008213094588,-19.764433288571823,-29.95982601058919,100.0,6.0,180.0
106.84792755154989,-20.118093707715065,-29.84114390649833,100.0,6.0,180.0
106.58690527560616,-20.52209749917576,-29.915430210023764,100.0,6.0,180.0
106.26344935950624,-20.789071512183,-30.0127939921382,100.0,6.0,180.0
106.02276409099515,-20.99282672559273,-29.99112729609765,100.0,6.0,180.0
105.789200717197,-21.13968166689705,-29.84909367541714,100.0,6.0,180.0
105.65331492686416,-21.169099482398515,-29.598675575257865,100.0,6.0,180.0
105.6441867658475,-21.14110688645753,-29.31730975138086,100.0,6.0,180.0
105.67124035140496,-21.14049259093565,-29.07930486633,100.0,6.0,180.0
105.61441868792082,-21.091833735693825,-29.065188686536032,100.0,6.0,180.0
105.312077842594,-21.02689729447855,-29.27434858907596,100.0,6.0,180.0
104.9240950061607,-21.13877042174089,-29.42311550010512,100.0,6.0,180.0
104.52274794441809,-21.42446932340215,-29.2981139721042,100.0,6.0,180.0
103.83263563068354,-21.65408207321077,-28.88752810136634,100.0,6.0,180.0
102.95917670063376,-21.76518821665428,-28.507227980816594,100.0,6.0,180.0
102.17770631665088,-21.84637918438644,-28.323348763885964,100.0,6.0,180.0
101.69641835401283,-21.789701263291768,-28.267188527767185,100.0,6.0,180.0
101.74356389352278,-21.55477676819396,-28.46116157684325,100.0,6.0,180.0
102.08628804950244,-21.286957766356977,-29.00196981411445,100.0,6.0,180.0
102.27706416074922,-20.96530710465204,-29.69025422093021,100.0,6.0,180.0
102.34955781031994,-20.502341594301488,-30.112346860436944,100.0,6.0,180.0
102.47571681706972,-19.95929026205524,-30.13329397627909,100.0,6.0,180.0
102.6291657251637,-19.45041413848479,-29.98510226122184,100.0,6.0,180.0
102.8728309636046,-19.04248806221687,-29.882715828119814,100.0,6.0,180.0
103.08773298012164,-18.75134854861202,-29.86744489396326,100.0,6.0,180.0
103.12395587188028,-18.62497418480757,-29.938449141942105,100.0,6.0,180.0
103.1241962436728,-18.636283851437327,-30.00172584689409,100.0,6.0,180.0
103.0849002573902,-18.73133320528557,-29.809704048058524,100.0,6.0,180.0
102.91192514512346,-18.94610040722511,-29.343698150580856,100.0,6.0,180.0
102.60202323230884,-19.27770333749882,-28.837487405479063,100.0,6.0,180.0
102.20941186098446,-19.63318177978318,-28.52078960318646,100.0,6.0,180.0
101.74683976628027,-19.891421798425977,-28.43871596329444,100.0,6.0,180.0
101.26580975729112,-20.064095551731384,-28.43085638303373,100.0,6.0,180.0
100.8821429229982,-20.14405673791142,-28.293349689665312,100.0,6.0,180.0
100.72909123085532,-20.084249103241863,-28.08935397030665,100.0,6.0,180.0
100.88929050876315,-20.07815357280636,-28.10448793832417,100.0,6.0,180.0
101.06952017211051,-20.20243682539613,-28.391823152590643,100.0,6.0,180.0
101.0065637004696,-20.271900458812897,-28.82816257293385,100.0,6.0,180.0
100.82007467601412,-20.19766755784956,-29.178008765743048,100.0,6.0,180.0
100.75472806543746,-19.89673743535072,-29.32445339387593,100.0,6.0,180.0
100.8713189969754,-19.446583233607434,-29.282852374984,100.0,6.0,180.0
101.01979034317291,-19.133705638135545,-29.049592803736505,100.0,6.0,180.0
101.11184021780775,-18.932508802335143,-28.90729153491519,100.0,6.0,180.0
101.05345189501897,-18.767540656517408,-29.0713390129122,100.0,6.0,180.0
100.76087728395916,-18.821633136182665,-29.406055094663515,100.0,6.0,180.0
100.3355300209195,-18.89228498670881,-29.716570723311843,100.0,6.0,180.0
99.85267839298548,-18.67680563033276,-29.856496297408448,100.0,6.0,180.0
99.4148694738014,-18.4344028562972,-29.764087700780703,100.0,6.0,180.0
99.07569332132792,-18.36045234425436,-29.557874657749057,100.0,6.0,180.0
98.79425963857666,-18.38211877901433,-29.37036756231145,100.0,6.0,180.0
98.77992568081474,-18.527872479325303,-29.208637634931183,100.0,6.0,180.0
99.0779795414328,-18.828505874225588,-29.1842021459626,100.0,6.0,180.0
99.28646835670727,-19.116529803401985,-29.320560596216783,100.0,6.0,180.0
99.2439259350559,-19.335218586690846,-29.428246404964145,100.0,6.0,180.0
99.2015218752996,-19.644929799474383,-29.46767581227773,100.0,6.0,180.0
99.33402381809668,-19.970743956927446,-29.417838601058264,100.0,6.0,180.0
99.54607230707612,-20.086578872876807,-29.248715971489347,100.0,6.0,180.0
99.648449370312,-19.989624562837715,-29.14742579739516,100.0,6.0,180.0
99.68275711216256,-19.879689014466194,-29.15513690288949,100.0,6.0,180.0
99.6658841459806,-19.87378275879315,-29.273074593967426,100.0,6.0,180.0
99.50513238230305,-19.85495066143956,-29.640889219919707,100.0,6.0,180.0
99.2180420783884,-19.68455832185473,-30.11785689457549,100.0,6.0,180.0
98.91378967351496,-19.50406133323464,-30.47239824587541,100.0,6.0,180.0
98.79655747825498,-19.464076830139334,-30.664290114959343,100.0,6.0,180.0
99.05116531751749,-19.505305978792705,-30.84060960740772,100.0,6.0,180.0
99.50776300304176,-19.56644866655205,-31.045001529633787,100.0,6.0,180.0
99.833504907102,-19.63913493600065,-31.12022492905,100.0,6.0,180.0
99.93696117285565,-19.634670414240432,-31.04878784254608,100.0,6.0,180.0
99.61004745079428,-19.48713261435336,-30.77293848322784,100.0,6.0,180.0
98.970479940423,-19.391174014541324,-30.316159784488363,100.0,6.0,180.0
98.4023472546516,-19.33274906640905,-29.963782357209027,100.0,6.0,180.0
97.94806498837768,-19.18955224360287,-29.80794772267595,100.0,6.0,180.0
97.69969910290445,-19.14647353734529,-29.731435819778724,100.0,6.0,180.0
97.70384876371152,-19.143857640205336,-29.75233530827763,100.0,6.0,180.0
97.78300745443808,-18.99371382893516,-30.076794684678536,100.0,6.0,180.0
97.65516759220117,-18.69687928719257,-30.8397097349068,100.0,6.0,180.0
97.21349381080086,-18.29032212219151,-31.710908354864188,100.0,6.0,180.0
96.7090735192047,-18.024021375564324,-32.065566393338344,100.0,6.0,180.0
96.4146524047382,-18.029683471213342,-31.86335616345081,100.0,6.0,180.0
96.27527569750406,-18.06920159871671,-31.54252566191864,100.0,6.0,180.0
96.10645552422424,-18.121772220792213,-31.24925454781014,100.0,6.0,180.0
95.97534640425653,-18.33087021507074,-30.9542483839518,100.0,6.0,180.0
95.94524194400203,-18.65204054390098,-30.653493422405774,100.0,6.0,180.0
95.90625835893783,-19.08268049713569,-30.418779103403672,100.0,6.0,180.0
95.80106569741832,-19.5904791647579,-30.303082650351328,100.0,6.0,180.0
95.66494147822613,-20.01849042908828,-30.2185931655158,100.0,6.0,180.0
95.59622524287194,-20.334128502827586,-30.23342021833001,100.0,6.0,180.0
95.6669266168885,-20.59532578016468,-30.400216610722868,100.0,6.0,180.0
95.81030754698722,-20.813778298265383,-30.71056041576248,100.0,6.0,180.0
95.86253361230364,-20.96631045744323,-31.11956929240988,100.0,6.0,180.0
95.87718037011636,-21.043465225144864,-31.363129733412336,100.0,6.0,180.0
96.14591371982338,-20.97725250318656,-31.313218956253035,100.0,6.0,180.0
96.56839317450633,-20.715776833659536,-31.19416795932332,100.0,6.0,180.0
96.92989244297004,-20.452269464860265,-31.274255259514028,100.0,6.0,180.0
97.34053830013148,-20.339009805876525,-31.40895060993335,100.0,6.0,180.0
97.70913361943607,-20.237859264018432,-31.40829502320832,100.0,6.0,180.0
97.83326943957763,-20.083193098142825,-31.34877287696961,100.0,6.0,180.0
97.78887870722536,-19.92621039044569,-31.300924830656573,100.0,6.0,180.0
97.82585314097712,-19.817871539483285,-31.285533585818687,100.0,6.0,180.0
97.92216470368447,-19.86496398273953,-31.275719499518743,100.0,6.0,180.0
97.90641592741584,-19.935307144070148,-31.347011646454323,100.0,6.0,180.0
97.9167260255138,-19.84813272012133,-31.684963714095325,100.0,6.0,180.0
98.21604212888704,-19.732717966233285,-32.14551977628342,100.0,6.0,180.0
98.73993810094666,-19.73585837499888,-32.393269921743794,100.0,6.0,180.0
99.20470420023084,-19.731106794518297,-32.351437328058964,100.0,6.0,180.0
99.49124926468298,-19.56065899560264,-32.01589147987744,100.0,6.0,180.0
99.44211536755724,-19.40648796354409,-31.531122402464213,100.0,6.0,180.0
98.947454936738,-19.472573827215303,-31.25573738845405,100.0,6.0,180.0
98.27261992678946,-19.679538279783248,-31.23842229392505,100.0,6.0,180.0
97.728428400238,-19.850163690887776,-31.22285079399684,100.0,6.0,180.0
97.13466802460442,-19.79337779779426,-30.978328021119232,100.0,6.0,180.0
96.30864979728985,-19.42758310567576,-30.5057008582504,100.0,6.0,180.0
95.561151122586,-18.915025115565385,-30.13929768743208,100.0,6.0,180.0
95.05042188347332,-18.52537082904361,-29.969514399072256,100.0,6.0,180.0
94.59697936067406,-18.32678129556414,-29.80100231090423,100.0,6.0,180.0
94.21806995019512,-18.32519523671349,-29.66770547065446,100.0,6.0,180.0
94.02500765085249,-18.49548420878716,-29.73442911821565,100.0,6.0,180.0
93.92628915401627,-18.53446850296692,-30.109749093831127,100.0,6.0,180.0
93.87300298529962,-18.38035948040305,-30.50046992677416,100.0,6.0,180.0
93.85135123663974,-18.29819803445964,-30.56401428648215,100.0,6.0,180.0
93.78449670528887,-18.427864569660045,-30.586859512232213,100.0,6.0,180.0
93.6444938960624,-18.686143990827663,-30.774980613153947,100.0,6.0,180.0
93.46220297099156,-18.860189057935145,-30.96905665400289,100.0,6.0,180.0
93.40169954034336,-18.98328983777977,-31.23953150491522,100.0,6.0,180.0
93.73098466439464,-19.20581984815116,-31.63908119373391,100.0,6.0,180.0
94.35756150735324,-19.41316703906572,-31.902362491771463,100.0,6.0,180.0
94.77836671848094,-19.5095544007913,-31.9539922474984,100.0,6.0,180.0
94.94064033680571,-19.561163777887,-32.053727579044214,100.0,6.0,180.0
95.05072160778236,-19.456504626798456,-32.338850302554775,100.0,6.0,180.0
94.98372918511136,-19.119251416608297,-32.761618851505304,100.0,6.0,180.0
94.8158892892575,-18.734812324707672,-33.33908996499744,100.0,6.0,180.0
94.84750005683706,-18.483832738110728,-33.92566632135359,100.0,6.0,180.0
94.9889834246136,-18.41781452469499,-34.351196680880165,100.0,6.0,180.0
94.91991219601462,-18.44393837371488,-34.65845445050369,100.0,6.0,180.0
94.70347482911254,-18.51941306160173,-34.77642413710001,100.0,6.0,180.0
94.63751919878838,-18.667531496932668,-34.53860407197426,100.0,6.0,180.0
94.73202628634924,-18.806867120176783,-33.94631666798583,100.0,6.0,180.0
94.71775568963533,-18.86528845731614,-33.27069611596593,100.0,6.0,180.0
94.48762677707266,-18.9763943691874,-32.59622017135217,100.0,6.0,180.0
94.20305376727605,-19.08556816552672,-31.854692121875225,100.0,6.0,180.0
94.01993708366204,-19.00558293699981,-31.30217230386214,100.0,6.0,180.0
94.08910533364684,-18.845881589078733,-31.23923498188374,100.0,6.0,180.0
94.44675248712568,-18.7180495435366,-31.633859402309,100.0,6.0,180.0
94.73798813582124,-18.645212082451568,-32.19459175016848,100.0,6.0,180.0
94.72088015910012,-18.564366193488063,-32.595792348389786,100.0,6.0,180.0
94.57563249228066,-18.4422528980812,-32.852217158368475,100.0,6.0,180.0
94.41603069750036,-18.37385793076668,-33.14226056859251,100.0,6.0,180.0
94.16595850793638,-18.35772468254177,-33.342135648077246,100.0,6.0,180.0
93.83436842703227,-18.295807342630766,-33.268027881246375,100.0,6.0,180.0
93.6307705864621,-18.136365997148403,-32.937659682057046,100.0,6.0,180.0
93.78774268871118,-17.929862081687542,-32.57207743327562,100.0,6.0,180.0
94.19224275598722,-17.82386121693092,-32.33784124057806,100.0,6.0,180.0
94.4302304852636,-17.83346258024772,-32.38928350664542,99.99999237060548,6.0,180.0
94.39933166494762,-17.761338008253475,-32.73128949373496,100.0,6.0,180.0
94.32907160904566,-17.60562264852486,-32.93969060781903,100.0,6.0,180.0
94.26928406917077,-17.498614362339126,-32.80601020072872,100.0,6.0,180.0
94.26574212394702,-17.52659072134677,-32.52015058363457,100.0,6.0,180.0
94.39532996071054,-17.819992174041296,-32.23119734144571,100.0,6.0,180.0
94.45804710523548,-18.261011984414186,-32.01152514326166,100.0,6.0,180.0
94.4228249429096,-18.695796684890063,-31.88955921027776,100.0,6.0,180.0
94.40911578883014,-19.122640900163404,-31.725323733038,100.0,6.0,180.0
94.35772586374806,-19.376066972023185,-31.47642689582068,100.0,6.0,180.0
94.21073063963313,-19.3851456784691,-31.448422115337383,100.0,6.0,180.0
93.98966388639847,-19.329310965083938,-31.739956073680585,100.0,6.0,180.0
93.85880161882515,-19.361075524031417,-32.02354350008952,100.0,6.0,180.0
93.93292544858387,-19.448256964404383,-32.09820765237124,100.0,6.0,180.0
94.05208526840106,-19.47258701952404,-32.098387129207374,100.0,6.0,180.0
94.10159000052072,-19.380752939084427,-32.10007465413433,100.0,6.0,180.0
94.07174081993018,-19.13828003260619,-32.179406865663665,100.0,6.0,180.0
93.85314458729148,-18.848280624953773,-32.573122910511366,100.0,6.0,180.0
93.53379255073996,-18.680367904174265,-33.01491928868399,100.0,6.0,180.0
93.33408854212568,-18.67386474451737,-33.0650873497627,100.0,6.0,180.0
93.26239778920817,-18.680656253409083,-32.98286426187653,100.0,6.0,180.0
93.2686719030198,-18.533592493495608,-33.14144714685898,100.0,6.0,180.0
93.46348176318888,-18.487978411484143,-33.378107558833584,100.0,6.0,180.0
93.83124300749331,-18.819529247626683,-33.41066363784714,100.0,6.0,180.0
94.05039953911952,-19.34290053576821,-33.16551656874795,100.0,6.0,180.0
93.86587048231952,-19.74948903212088,-32.77022931591123,100.0,6.0,180.0
93.45037563178924,-19.93280492967348,-32.54092578616454,100.0,6.0,180.0
93.18758664184486,-19.96754854115082,-32.504895481830026,100.0,6.0,180.0
93.09204942485536,-19.93380485224654,-32.479735985395735,100.0,6.0,180.0
92.93796880427956,-19.91493336661621,-32.51330493186772,100.0,6.0,180.0
92.6744141817508,-19.975417292338864,-32.6339099581272,100.0,6.0,180.0
92.37944232753384,-19.89235905297924,-32.80223591840083,100.0,6.0,180.0
91.98277619997418,-19.438567511872456,-32.932844126394386,100.0,6.0,180.0
91.43441736446717,-18.94021888468325,-32.961947913926814,100.0,6.0,180.0
90.89058135347052,-18.647693583028776,-33.04468932196698,100.0,6.0,180.0
90.51810197427515,-18.383962298943104,-33.29068337038876,100.0,6.0,180.0
90.47051223696558,-18.188788417990192,-33.67321665709143,100.0,6.0,180.0
90.73291984509508,-18.12921442946709,-34.153871543494404,100.0,6.0,180.0
91.04411484015806,-18.09242811976269,-34.50040724539424,100.0,6.0,180.0
91.18343265886456,-18.15124817012778,-34.59436841133276,100.0,6.0,180.0
91.20823202586438,-18.276089312321137,-34.673776447201696,100.0,6.0,180.0
91.3272680438414,-18.23012482313949,-34.79693151780853,100.0,6.0,180.0
91.51687097183869,-18.11579036104915,-34.87375473384702,100.0,6.0,180.0
91.62805284616582,-18.12029180765564,-34.88587727010989,100.0,6.0,180.0
91.77890155984056,-18.13725026081871,-34.88478814534459,100.0,6.0,180.0
92.02782257864465,-18.132836312169395,-34.94609891276371,100.0,6.0,180.0
92.20118314391097,-18.17291517855611,-34.94799571264383,100.0,6.0,180.0
92.15081072605892,-18.16486699199764,-34.73720129878971,100.0,6.0,180.0
91.927482603817,-18.06214157834527,-34.368155222482734,100.0,6.0,180.0
91.79368502094736,-17.89012091040207,-34.006648947343976,100.0,6.0,180.0
91.85794173561229,-17.636638776624686,-33.89561620013228,100.0,6.0,180.0
91.9839026382622,-17.50538978793989,-34.2268475844088,100.0,6.0,180.0
92.12035325477392,-17.630905892168336,-34.70198529311125,100.0,6.0,180.0
92.4488319962815,-17.888413206989654,-34.935319178261174,100.0,6.0,180.0
92.97924004237728,-18.135886278414265,-34.97509257019732,100.0,6.0,180.0
93.47954162809742,-18.19972703221218,-34.87548604152692,100.0,6.0,180.0
93.80885685554982,-18.01004157480567,-34.67661706353838,100.0,6.0,180.0
94.05349117529528,-17.766744798183794,-34.58683024432426,100.0,6.0,180.0
94.33447559296228,-17.766195475436806,-34.59628841480199,100.0,6.0,180.0
94.49129054620744,-17.993105883698036,-34.50144430418303,100.0,6.0,180.0
94.45527268357178,-18.13937114165936,-34.342860382344,100.0,6.0,180.0
94.3165355915024,-18.02116061385496,-34.281981091751405,100.0,6.0,180.0
93.99948350339284,-17.835388098363726,-34.20999479572694,100.0,6.0,180.0
93.69316217285916,-17.91474628775236,-33.99149762002574,100.0,6.0,180.0
93.75064238546156,-18.24179663534725,-33.807330189668136,100.0,6.0,180.0
94.0371050768002,-18.47776722567168,-33.867249677504645,100.0,6.0,180.0
94.2778297197526,-18.356181017656784,-34.07459046693724,100.0,6.0,180.0
94.4149930564401,-18.00229045294058,-34.22022554765782,100.0,6.0,180.0
94.45160341071768,-17.66051516381675,-34.343432961799536,100.0,6.0,180.0
94.4212477068488,-17.403339547478126,-34.53214774195319,100.0,6.0,180.0
94.3176337997494,-17.321959464211538,-34.753583702935344,100.0,6.0,180.0
94.11941959403616,-17.484550792730264,-34.9782452993019,100.0,6.0,180.0
93.9332034292674,-17.74962073714312,-35.04963555270854,100.0,6.0,180.0
93.92533578237332,-17.996190813229877,-34.897647948106865,100.0,6.0,180.0
94.07132556909292,-18.356048347158964,-34.78613303087152,100.0,6.0,180.0
94.19920504534052,-18.79924701923737,-34.90662278914461,100.0,6.0,180.0
94.1988153881216,-19.10053088018276,-35.117544300290696,100.0,6.0,180.0
94.13037771024749,-19.17311082027709,-35.23550722355373,100.0,6.0,180.0
94.07523759601386,-19.14139664036408,-35.245983936598435,100.0,6.0,180.0
94.00401786120662,-19.07853517293585,-35.2254539094803,100.0,6.0,180.0
93.93153050303584,-19.02397140120903,-35.221797561745944,100.0,6.0,180.0
93.84187955096498,-19.089280159329,-35.208197092029486,100.0,6.0,180.0
93.84218602736354,-18.942320713077187,-35.25867734591932,100.0,6.0,180.0
94.0664423962424,-18.443437660969213,-35.37732502377432,100.0,6.0,180.0
94.23831830650845,-18.07444514014604,-35.52416431892127,100.0,6.0,180.0
94.1423830933353,-18.08579967695164,-35.865761700212715,100.0,6.0,180.0
93.98179025382476,-18.19846741679782,-36.33367711077435,100.0,6.0,180.0
93.88694441755436,-18.13344029261171,-36.64302637510064,100.0,6.0,180.0
93.77077644470592,-18.06231769153935,-36.69663583314978,100.0,6.0,180.0
93.5567751563474,-18.115338050359025,-36.49885314181258,100.0,6.0,180.0
93.2323850170425,-18.180617312440035,-36.18144922558493,100.0,6.0,180.0
92.91903816970544,-18.34102609102491,-35.9405145865931,100.0,6.0,180.0
92.80291556329122,-18.63809552066141,-35.77613265614215,100.0,6.0,180.0
92.78704493604396,-18.93360895479725,-35.61970613355188,100.0,6.0,180.0
92.7208803378802,-19.19104241089082,-35.505285104144136,100.0,6.0,180.0
92.70087030132689,-19.27835848431902,-35.42021904454405,100.0,6.0,180.0
92.54544810899372,-19.10747387196122,-35.25295410387655,100.0,6.0,180.0
92.15613095249292,-18.829086149291065,-35.11281116226238,100.0,6.0,180.0
91.91500673222716,-18.54230636502104,-35.239154834131995,100.0,6.0,180.0
91.9415298858941,-18.40650715926431,-35.745430273141274,100.0,6.0,180.0
92.05618572016844,-18.524982424734645,-36.50328439463124,100.0,6.0,180.0
92.0781375389521,-18.80258143131825,-37.18055054849171,100.0,6.0,180.0
91.95213450746502,-19.160193817287684,-37.76795326739336,100.0,6.0,180.0
91.86261928151688,-19.54714336938172,-38.29807351020748,100.0,6.0,180.0
91.94676323947954,-19.91570719242264,-38.56853447574945,100.0,6.0,180.0
92.07148680389427,-20.14500552013547,-38.63086648201856,100.0,6.0,180.0
92.003378210262,-20.19177970813028,-38.56653074453566,100.0,6.0,180.0
91.84350196619862,-20.1369573830194,-38.39327912219909,100.0,6.0,180.0
91.84152008709742,-20.041031242370472,-38.21972556109786,100.0,6.0,180.0
91.90140964720118,-19.8483044924459,-38.0271259514401,100.0,6.0,180.0
91.859518786972,-19.52387075530112,-37.79480599452115,100.0,6.0,180.0
91.7201544120923,-19.365842675935163,-37.54900372702751,100.0,6.0,180.0
91.55161583699916,-19.515954982022063,-37.31458811809799,100.0,6.0,180.0
91.48289627864156,-19.64792245782166,-37.11756676734937,100.0,6.0,180.0
91.6835871460358,-19.698446478715525,-36.9877084125859,100.0,6.0,180.0
92.09578660666791,-19.86083232928405,-36.91061753233408,100.0,6.0,180.0
92.4817345701172,-20.01372602652215,-36.72442852996867,100.0,6.0,180.0
92.7003084629256,-19.97369884000253,-36.35811994067198,100.0,6.0,180.0
92.55274353693304,-19.78231429114977,-35.95167097099589,100.0,6.0,180.0
92.01213360051209,-19.47605430462411,-35.793785524916245,100.0,6.0,180.0
91.36076765073318,-19.11036873075433,-35.99451343131412,100.0,6.0,180.0
90.92321686988096,-18.897677228599136,-36.29263865569007,100.0,6.0,180.0
90.82150962964565,-18.86211301446512,-36.46222055350593,100.0,6.0,180.0
90.82956204863672,-18.93362522546893,-36.54444704367493,100.0,6.0,180.0
90.98697041915246,-19.185365726240303,-36.62261554786632,100.0,6.0,180.0
91.50624227711045,-19.413277253691145,-36.65228716418893,100.0,6.0,180.0
91.9106383469586,-19.43126576459259,-36.58412356366436,100.0000076293945,6.0,180.0
91.83149154351815,-19.40892580786068,-36.43530272458279,100.0000076293945,6.0,180.0
91.67128097947104,-19.42011165999424,-36.342178218677205,100.0,6.0,180.0
91.65113618513664,-19.37908634253766,-36.42124687601834,100.0,6.0,180.0
91.63706499435956,-19.225399578410105,-36.44986919171437,100.0,6.0,180.0
91.5822405509232,-19.11131551870272,-36.14938256784328,100.0,6.0,180.0
91.54265043506172,-19.22364301809664,-35.58988340510638,100.0,6.0,180.0
91.58852690445929,-19.47663859851962,-34.968123116977544,100.0,6.0,180.0
91.65864726015477,-19.778367158005977,-34.3981753309734,100.0,6.0,180.0
91.70184923356194,-20.11310059258013,-34.07571997542972,100.0,6.0,180.0
91.7304382944816,-20.41750664292213,-34.14499316036254,100.0,6.0,180.0
91.73485230070604,-20.696487919834336,-34.53508614067333,100.0,6.0,180.0
91.79728338096248,-20.982934459646348,-35.00372243785272,100.0000076293945,6.0,180.0
92.0057504682103,-21.190805004011143,-35.240145918981554,100.0,6.0,180.0
92.30255406793516,-21.04533847468122,-35.39398452474353,100.0,6.0,180.0
92.65924950730948,-20.495868497083585,-35.759311332221685,100.0,6.0,180.0
93.18581839318112,-19.87368141527028,-36.16770773198868,100.0,6.0,180.0
93.7063312998214,-19.311749222791875,-36.37869819477391,100.0,6.0,180.0
93.89398941966708,-18.859992099914525,-36.43745567254025,100.0,6.0,180.0
93.87985406598496,-18.559063850784263,-36.62842936474604,100.0,6.0,180.0
93.83318131025028,-18.230557287355843,-37.04568251723191,100.0,6.0,180.0
93.6270914315068,-17.876617406837312,-37.39866855555525,100.0,6.0,180.0
93.14406981106816,-17.812568343124244,-37.441278343060496,100.0,6.0,180.0
92.60532940334964,-18.1690665067107,-37.30351396431099,100.0,6.0,180.0
92.42505704596714,-18.691381185779804,-37.24996160406736,100.0,6.0,180.0
92.65887642798826,-19.22298041949881,-37.32451724941487,100.0,6.0,180.0
93.13422839795706,-19.620995487200325,-37.53305791875452,100.0,6.0,180.0
93.69524589078664,-19.708712115459555,-37.89496139167022,100.0,6.0,180.0
94.14884176049968,-19.479284669283224,-38.3941329474743,100.0,6.0,180.0
94.32672233765598,-18.98555249375672,-39.0028459525699,100.0,6.0,180.0
94.27467254514065,-18.53634476801724,-39.44977379164921,100.0,6.0,180.0
94.21643080945508,-18.353306564172748,-39.549120808999554,100.0,6.0,180.0
94.27068662050132,-18.26986092566787,-39.51291413978499,100.0,6.0,180.0
94.27971074728416,-18.14983940451257,-39.48857532502622,100.0,6.0,180.0
94.13211628837512,-18.06727483888803,-39.31914968265551,100.0,6.0,180.0
93.93751117462092,-18.069416104112285,-38.833042833841134,100.0,6.0,180.0
93.7498120290503,-18.13056527690272,-38.25959895310791,100.0,6.0,180.0
93.66180334618502,-18.241155275284413,-37.97212726083621,100.0,6.0,180.0
93.6922682135691,-18.24636464682454,-37.8634915028638,100.0,6.0,180.0
93.68348165716702,-18.05203937173001,-37.74272422293447,100.0,6.0,180.0
93.76147542128562,-17.773073095231886,-37.59587009608618,100.0,6.0,180.0
94.071193299933,-17.648230776115703,-37.50818807020422,100.0,6.0,180.0
94.38623555727304,-17.975101858709035,-37.672748397194106,100.0,6.0,180.0
94.54182803285866,-18.618104168278,-38.07887423656194,100.0,6.0,180.0
94.5684423178878,-19.167964842316167,-38.46013787997824,100.0,6.0,180.0
94.6159312094025,-19.531948190693985,-38.57305857400924,100.0,6.0,180.0
94.76238400716502,-19.83283579018393,-38.42718703457356,100.0,6.0,180.0
94.73171581963447,-20.108104991874363,-38.235141308411066,100.0,6.0,180.0
94.44130555472132,-20.413015767683504,-38.25580091017664,100.0,6.0,180.0
94.21774436137024,-20.73196749997368,-38.362066393445005,100.0,6.0,180.0
93.95382025790308,-21.010028477625585,-38.30814271304914,100.0,6.0,180.0
93.54586646913532,-21.2492511273171,-38.18856260718784,100.0,6.0,180.0
93.24998381722074,-21.21604780772808,-37.98937440372626,100.0,6.0,180.0
92.90321556827138,-20.81232257279397,-37.76498025972776,100.0,6.0,180.0
92.48259269094298,-20.3049373675472,-37.77093965971995,100.0,6.0,180.0
92.36763904614224,-20.059789777064623,-37.980467077269935,100.0,6.0,180.0
92.63255768351878,-20.14582730201976,-38.43822110578343,100.0,6.0,180.0
92.8754680440216,-20.32417516655004,-39.21388036034876,100.0,6.0,180.0
92.8577600996386,-20.507857503378,-39.89989786951837,100.0,6.0,180.0
92.92564683476908,-20.65881197085131,-40.23245921773931,100.0,6.0,180.0
93.1971372822208,-20.71530008413401,-40.31951665960375,100.0,6.0,180.0
93.41860802403696,-20.79957585663231,-40.26972068947216,100.0,6.0,180.0
93.48160338404168,-20.91701118917697,-40.228839247585,100.0,6.0,180.0
93.53667086836698,-21.06358452502758,-40.29260179349014,100.0,6.0,180.0
93.77427657303927,-21.26621702752736,-40.51635209304859,100.0,6.0,180.0
94.06714973269052,-21.376685810759227,-40.920628731088094,100.0,6.0,180.0
94.27319775526296,-21.39025079978498,-41.28952745665976,100.0,6.0,180.0
94.41979426402602,-21.22364365721335,-41.47995705747307,100.0,6.0,180.0
94.3576882849714,-20.895101947080533,-41.53452868343831,100.0,6.0,180.0
93.88600430036124,-20.658618721780066,-41.4821438636341,100.0,6.0,180.0
93.19033151259524,-20.51518954598238,-41.26451802793008,100.0,6.0,180.0
92.73921250027612,-20.391157954314675,-40.93401204258587,100.0,6.0,180.0
92.64387190862948,-20.27847714103028,-40.88808417382491,100.0,6.0,180.0
92.6694317809445,-20.152415166942216,-41.09453311074897,100.0,6.0,180.0
92.76888016636023,-20.04290553134235,-41.16464171158671,100.0,6.0,180.0
92.892446631241,-20.012101943065822,-41.00149754913238,100.0,6.0,180.0
92.85781217835276,-20.053698543789142,-40.662902968080736,100.0,6.0,180.0
92.59654643553614,-20.069376855742032,-40.44359428240115,100.0,6.0,180.0
92.152300276452,-19.935282652649832,-40.4720805381555,100.0,6.0,180.0
91.66229015988752,-19.680514046120827,-40.62174734800472,100.0,6.0,180.0
91.3991442461871,-19.49260195362932,-40.8800434539493,100.0,6.0,180.0
91.4877370970944,-19.33664154461815,-41.118042939844365,100.0,6.0,180.0
91.81338068478652,-19.040895202799742,-41.17929935235232,100.0,6.0,180.0
92.15540229208064,-18.73018083076024,-41.09324268838839,100.0,6.0,180.0
92.41698250740276,-18.50997771174758,-41.129074067506345,100.0,6.0,180.0
92.68159774699728,-18.314095610938512,-41.542811054844265,100.0,6.0,180.0
92.87004013544492,-18.2875932773388,-42.0429043007201,100.0,6.0,180.0
92.78335774394338,-18.480564316001548,-42.19372011284205,100.0,6.0,180.0
92.56405496928625,-18.69276781943018,-42.05913014752952,100.0,6.0,180.0
92.61115389807514,-18.868493482847963,-41.92885249794479,100.0,6.0,180.0
92.97874728391368,-18.99927519915973,-41.81293010627516,100.0,6.0,180.0
93.42474099391283,-18.962616833716424,-41.67191562298241,100.0,6.0,180.0
93.73783992238285,-18.89414037795024,-41.565675243324655,100.0,6.0,180.0
93.92504346248587,-18.95426459760892,-41.30293526433841,100.0,6.0,180.0
94.0723015515381,-18.97006618003969,-40.880339548528376,100.0,6.0,180.0
94.18766806809428,-18.914382856924814,-40.55850189704448,100.0,6.0,180.0
94.28868904689575,-18.93617716718416,-40.45540412710675,100.0,6.0,180.0
94.35069838175497,-19.07508678644204,-40.60921986876004,100.0,6.0,180.0
94.3578041230342,-19.29088491668814,-40.70206448484041,100.0,6.0,180.0
94.38276944791784,-19.59947367677416,-40.51174936488889,100.0,6.0,180.0
94.54087615167836,-19.906427938844704,-40.37318564000536,100.0,6.0,180.0
94.76983044236266,-20.005113066157165,-40.4482474433746,100.0,6.0,180.0
94.88714050593714,-19.87923643185516,-40.58931291079955,100.0,6.0,180.0
94.9332978197954,-19.6706482568978,-40.70633246538683,100.0,6.0,180.0
95.00270774099285,-19.54086351781747,-40.783212302938495,100.0,6.0,180.0
95.04950017275527,-19.572762109348385,-40.77433726891062,100.0,6.0,180.0
94.9745731479913,-19.605793685646265,-40.72728914904776,100.0,6.0,180.0
94.6792589101198,-19.31400395160581,-40.78764452959416,100.0,6.0,180.0
94.19033181232746,-18.80211765826408,-40.98448171007527,100.0,6.0,180.0
93.71872801609246,-18.44549254492554,-41.28423991288526,100.0,6.0,180.0
93.47965290857624,-18.293925293627,-41.58733516857343,100.0,6.0,180.0
93.4570991377888,-18.22945425226195,-41.76904594377715,100.0,6.0,180.0
93.39968623192884,-18.158173521266537,-41.74332762220372,100.0,6.0,180.0
93.27402809913008,-18.133174649630952,-41.60691768055579,100.0,6.0,180.0
93.24354209043416,-18.14600606881724,-41.62362654101384,100.0,6.0,180.0
93.34371516558986,-17.993410314747315,-41.76713075785775,100.0,6.0,180.0
93.62063912691154,-17.806841954445474,-42.02388159295688,100.0,6.0,180.0
94.0847310649525,-17.99442469962963,-42.49359309895273,100.0,6.0,180.0
94.56409496091464,-18.58949498214102,-42.8390980069661,100.0,6.0,180.0
94.83742370017843,-19.253963349419184,-42.93986618095269,100.0,6.0,180.0
94.86631941677322,-19.745855816778658,-43.03263244192564,100.0,6.0,180.0
94.65901103709454,-20.017139663805004,-43.14960526340328,100.0,6.0,180.0
94.26609131287312,-20.099386618152085,-43.27449589246312,100.0,6.0,180.0
93.96386335022096,-20.025472854146976,-43.34087586124768,100.0,6.0,180.0
93.95881405751844,-19.822708576234174,-43.30186943146096,100.0,6.0,180.0
94.1512530191992,-19.55633354948918,-43.15089048608794,100.0,6.0,180.0
94.59633642209042,-19.374290891805,-42.94644200829688,100.0,6.0,180.0
95.30846639441457,-19.28024088250853,-42.84347877785797,100.0,6.0,180.0
95.91898488042102,-19.085549300189403,-42.879859963889785,100.0,6.0,180.0
96.11516903787822,-18.81550838767171,-43.00563021240505,100.0,6.0,180.0
95.86333374312429,-18.500539561552824,-43.2562274538928,100.0,6.0,180.0
95.6218753086766,-18.10541662973671,-43.75605621682849,100.0,6.0,180.0
95.66432797102202,-17.958594617275146,-44.34907816536395,100.0,6.0,180.0
95.83448525007056,-18.158925378575645,-44.68493230742396,100.0,6.0,180.0
96.20798006839216,-18.3157113808614,-44.66741445897769,100.0,6.0,180.0
96.80198726801918,-18.35979342774357,-44.34292222185117,100.0,6.0,180.0
97.29940237663811,-18.35069294371232,-43.854206294236135,100.0,6.0,180.0
97.38099566377367,-18.15922636444212,-43.45476466548098,100.0,6.0,180.0
97.18721614565472,-17.889906152176323,-43.35615892505412,100.0,6.0,180.0
97.1897575805436,-17.789624953563088,-43.44378407229755,100.0,6.0,180.0
97.5108630607672,-17.880411797177626,-43.4180939080028,100.0,6.0,180.0
97.76759168044852,-18.004941466364585,-43.24820448170438,100.0,6.0,180.0
97.77928771023733,-18.111140919285965,-42.93960779146578,100.0,6.0,180.0
97.74288746161798,-18.35643189227536,-42.61111632567851,100.0,6.0,180.0
97.66202225065574,-18.83331959144532,-42.48137989730124,100.0,6.0,180.0
97.44159978714966,-19.19931305531735,-42.45805230398624,100.0,6.0,180.0
97.0437288912803,-19.03707570912,-42.56136047238208,100.0,6.0,180.0
96.60867034105446,-18.55587992071328,-42.87521687836091,100.0,6.0,180.0
96.46388730271156,-18.17473533937236,-43.19919072271128,100.0,6.0,180.0
96.56630994224857,-17.940781864841338,-43.486641942288266,100.0,6.0,180.0
96.73989650544264,-17.816688705184255,-43.91640894638791,100.0,6.0,180.0
97.02710412018828,-17.88569152465432,-44.5798150726355,100.0,6.0,180.0
97.35705070752284,-18.240306660393586,-45.260704811028646,100.0,6.0,180.0
97.65550002665032,-18.777765876662297,-45.66828355817788,100.0,6.0,180.0
97.95705485313223,-19.294054400086395,-45.96799409070823,100.0,6.0,180.0
98.27114274244964,-19.776541121817107,-46.39078153752318,100.0,6.0,180.0
98.62116193032446,-20.2575624561974,-46.74710894639115,100.0,6.0,180.0
98.83803929025564,-20.759116607809933,-46.89165330973158,100.0,6.0,180.0
98.823281241575,-21.22378361018712,-47.09060558063158,100.0,6.0,180.0
98.7682143575586,-21.41726645543754,-47.48831310743106,100.0,6.0,180.0
98.74548955116384,-21.34273934615729,-47.739881097216106,100.0,6.0,180.0
98.70622233612572,-21.302280288796933,-47.68937546490825,100.0000076293945,6.0,180.0
98.52344440705777,-21.468986508086115,-47.506880762380575,100.0,6.0,180.0
98.21356580907504,-21.79238880776834,-47.247306169397206,100.0,6.0,180.0
98.07807932483122,-22.12577310098284,-46.957776539733295,100.0,6.0,180.0
98.19413350468837,-22.34379715131068,-46.6059935317948,100.0,6.0,180.0
98.26189138196357,-22.431706031141168,-46.05151534073386,100.0,6.0,180.0
98.15231981386373,-22.36161911877036,-45.38808551201056,100.0,6.0,180.0
98.03677455551164,-22.079533334522765,-44.80030417329158,100.0,6.0,180.0
98.03505695176652,-21.642473825118785,-44.32760642732937,100.0,6.0,180.0
98.20457679003437,-21.22424410433537,-44.07194748109774,100.0,6.0,180.0
98.47484315020544,-21.04128259069769,-44.15715616292954,100.0,6.0,180.0
98.77022070812843,-21.08929503018724,-44.48678540358095,100.0,6.0,180.0
99.05832292140444,-21.15300696541557,-44.78531422456556,100.0,6.0,180.0
99.30855093290664,-21.273357357611825,-44.90139224322536,100.0,6.0,180.0
99.63415046102412,-21.61921602680256,-44.99628692859878,100.0,6.0,180.0
99.88602814869336,-22.04606711321029,-45.305509073015735,100.0,6.0,180.0
99.81087010953767,-22.27496004363957,-45.85699736837218,100.0,6.0,180.0
99.55014883557584,-22.231057194585823,-46.27022691149334,100.0,6.0,180.0
99.33354742244956,-22.09720023841228,-46.35442857152999,99.99999237060548,6.0,180.0
99.2372983232558,-22.00641306265061,-46.44584290779589,99.99999237060548,6.0,180.0
99.30900265634978,-21.87197739839481,-46.57586312009171,100.0,6.0,180.0
99.42728767104568,-21.592582713547408,-46.626981962856846,100.0,6.0,180.0
99.42197881880516,-21.28656100964576,-46.80475088292055,100.0,6.0,180.0
99.38796680540096,-21.252891626320523,-47.25108939667175,100.0,6.0,180.0
99.4248619203151,-21.492077117769888,-47.72756889710721,100.0,6.0,180.0
99.52735934821756,-21.72656479421112,-48.10064230944866,100.0,6.0,180.0
99.74257840684795,-21.75980624508313,-48.48095933316724,100.0,6.0,180.0
100.1620819599986,-21.57866368327316,-48.62339783830722,100.0,6.0,180.0
100.70702956297733,-21.413197777298503,-48.3352278847206,100.0,6.0,180.0
101.04638320337811,-21.43393188190391,-47.88955871153681,100.0,6.0,180.0
100.98622261414488,-21.48385460076037,-47.61999674445521,100.0,6.0,180.0
100.7761251811514,-21.42926315781536,-47.52140381146321,100.0,6.0,180.0
100.67089479602606,-21.33980476441158,-47.45308769319547,100.0,6.0,180.0
100.71435084115248,-21.10845312492876,-47.45564204895756,100.0,6.0,180.0
100.944908923122,-20.70553773774944,-47.42401320290931,100.0,6.0,180.0
101.20083858852853,-20.33871902817604,-47.30061575347226,100.0,6.0,180.0
101.4069718685504,-19.99521249302636,-47.24777103057014,100.0,6.0,180.0
101.61805087905392,-19.572910261749605,-47.25665745496229,100.0,6.0,180.0
101.61428410516088,-19.224028911438275,-47.19734818323455,100.0,6.0,180.0
101.24076664425792,-19.25077937504092,-47.11127294860067,100.0,6.0,180.0
100.7076088435935,-19.601105109940026,-47.037150587380005,100.0,6.0,180.0
100.19606640513098,-19.970380032508267,-46.989429659879285,100.0,6.0,180.0
99.73167487768816,-20.19593345617499,-47.01067252016514,100.0,6.0,180.0
99.4618312246044,-20.28393534885309,-46.99760204619948,100.0,6.0,180.0
99.44657711281056,-20.45076013452885,-47.0471778193571,100.0,6.0,180.0
99.52714992376592,-20.798499959465587,-47.36451865039792,100.0,6.0,180.0
99.58752704586072,-21.06043784198017,-47.8507047596426,100.0,6.0,180.0
99.60383941446064,-21.00194149180451,-48.24558466528062,100.0,6.0,180.0
99.4637196742727,-20.79403608882509,-48.458032988290064,100.0,6.0,180.0
99.1179386015012,-20.72508656123081,-48.50583467707373,100.0,6.0,180.0
98.758778889383,-20.84282829474906,-48.36469684162099,100.0,6.0,180.0
98.44473847216618,-20.908253350203346,-48.14404420502123,100.0,6.0,180.0
98.0809656192788,-20.74837120662868,-47.91980785205479,100.0,6.0,180.0
97.61594968452472,-20.52395744992501,-47.74208171409922,100.0,6.0,180.0
96.85044309519672,-20.33834827802239,-47.640173793496224,100.0,6.0,180.0
95.60325463924528,-20.11544977214447,-47.49824358444017,99.99999237060548,6.0,180.0
94.02400588841016,-19.84670082578292,-47.27279360355018,99.9980239868164,6.0,180.0
92.21862577750208,-19.447613942576808,-46.8355019661829,99.9980239868164,6.0,180.0
89.8373369232371,-18.677958094725675,-46.03667396404189,99.97897338867188,6.0,180.0
86.57666804813817,-17.56569427285609,-45.02117432092752,99.93115997314452,6.0,180.0
82.56391062639133,-16.590586465926513,-44.039326089454406,99.8559799194336,6.0,180.0
78.16115371120524,-15.86936330251248,-43.21751623342619,99.76587677001952,6.0,180.0
73.64530578990907,-14.94850177570823,-42.520012824013314,99.67098999023438,6.0,180.0
69.00175279808697,-13.680278266192731,-41.66897153892462,99.57352447509766,6.0,180.0
64.25645847865943,-12.274078514199685,-40.65115474029024,99.4749526977539,6.0,180.0
59.521871660598336,-11.024680036881795,-39.74206046076144,99.4749526977539,6.0,180.0
55.028636977985656,-10.112803900755049,-38.998967175441166,99.37569427490234,6.0,180.0
51.10811115747749,-9.450185555956743,-38.47041822975041,99.2761459350586,6.0,180.0
47.833637132222094,-8.943135238225434,-38.09926255185419,99.17634582519533,6.0,180.0
45.15271200009431,-8.666428756497048,-37.640501301253664,99.07633209228516,6.0,180.0
43.006465289107496,-8.544913825177739,-36.89121949955775,98.97643280029295,6.0,180.0
41.31099171096662,-8.366303093251094,-35.77197972629016,98.87638092041016,6.0,180.0
39.95653027864631,-8.167185577356499,-34.42066661458651,98.87638092041016,6.0,180.0
38.90843682738292,-8.033007537127343,-33.18092701030479,98.7765121459961,6.0,180.0
38.11711490336469,-8.004834115027005,-32.254867978530335,98.6764678955078,6.0,180.0
37.26856472417656,-8.0631192712851,-31.596118500833303,98.5764389038086,6.0,180.0
36.22125129394945,-8.054436882859253,-31.23618038771711,98.47654724121094,6.0,180.0
35.39161118637181,-7.981573047222893,-31.160287031880006,98.37643432617188,6.0,180.0
35.10598091435421,-8.003807017697888,-31.17859665970872,98.27653503417967,6.0,180.0
35.31775462518455,-8.208521672624116,-31.187149163347268,98.17655181884766,6.0,180.0
35.81912509268175,-8.446862371479195,-31.335628401855868,98.17655181884766,6.0,180.0
36.2303150755,-8.481694173226636,-31.60957466833629,98.07645416259766,6.0,180.0
36.31268006937377,-8.503518277732887,-31.70160875834633,97.97663116455078,6.0,180.0
36.01594274637465,-8.711707544085485,-31.744344840225068,97.87672424316406,6.0,180.0
35.587709352440434,-8.947563722373493,-31.96727241619054,97.7763214111328,6.0,180.0
35.460933596819345,-9.146844977378654,-32.236088750605234,97.6764144897461,6.0,180.0
35.63297392511052,-9.261990068275669,-32.47203728305812,97.57644653320312,6.0,180.0
35.84866491872401,-9.16565364893245,-32.593039081460184,97.57644653320312,6.0,180.0
35.92343887193767,-8.821203233852081,-32.429025722728944,97.47657775878906,6.0,180.0
35.86731106071964,-8.248469137934311,-32.010353472313994,97.3768539428711,6.0,180.0
35.7483863091083,-7.546114990680962,-31.62179141304846,97.2765121459961,6.0,180.0
35.62842827542503,-6.942328238847913,-31.372891620314288,97.17648315429688,6.0,180.0
35.813537654970546,-6.6956042090086925,-31.183572252837013,97.0766830444336,6.0,180.0
36.220418288205074,-6.927288203029706,-31.056141952863623,96.976806640625,6.0,180.0
36.502934972382434,-7.450473557543248,-30.97367839168337,96.87644958496094,6.0,180.0
36.95427067528252,-8.087274217206536,-30.974712676224687,96.87644958496094,6.0,180.0
37.64526419647791,-8.653434010998456,-31.18257818552048,96.77617645263672,6.0,180.0
38.10561927225818,-8.8455319985631,-31.66506532050285,96.67639923095705,6.0,180.0
38.3306745065842,-8.734936807493419,-32.26301201211391,96.57644653320312,6.0,180.0
38.52120478285402,-8.566201664469503,-32.75249967452625,96.47635650634766,6.0,180.0
38.69879531460904,-8.397223731505619,-33.02598304864503,96.37654876708984,6.0,180.0
38.95501477691159,-8.194204652043108,-32.979591575872355,96.27666473388672,6.0,180.0
39.38935048530211,-8.103249161419338,-32.731827810090095,96.27666473388672,6.0,180.0
39.681266571226736,-8.200276292388848,-32.55912578744212,96.1766128540039,6.0,180.0
39.51622729769933,-8.213482594311225,-32.46538070269098,96.07666778564452,6.0,180.0
39.14218965017261,-8.147802569904542,-32.20780529380501,95.97655487060548,6.0,180.0
38.6408840925148,-8.173366515965252,-31.95996514535695,95.87645721435548,6.0,180.0
37.97679758176529,-8.306536281174846,-31.94732645717988,95.77644348144533,6.0,180.0
37.551245024652005,-8.67637624809484,-31.90979214205376,95.67649841308594,6.0,180.0
37.51457741354057,-9.242289920199164,-31.7120645450062,95.57664489746094,6.0,180.0
37.610736475261845,-9.660062101856091,-31.380930005964203,95.57664489746094,6.0,180.0
37.91279615363819,-9.84554415270188,-31.05703273559885,95.47663879394533,6.0,180.0
38.590973331100095,-10.01200327575265,-30.907202314429263,95.37654113769533,6.0,180.0
39.30593384907528,-10.1059648594425,-30.835712979607493,95.2765655517578,6.0,180.0
39.78315533716343,-10.079373326334638,-30.78019413501373,95.1766128540039,6.0,180.0
40.23085839244562,-10.09609413289792,-30.78173201671108,95.0767822265625,6.0,180.0
40.58945589554999,-10.18176152139203,-30.708913290316897,94.97638702392578,6.0,180.0
40.58920342669662,-10.267105033538767,-30.47374628597289,94.87623596191406,6.0,180.0
40.288291108026,-10.272633539738,-30.25196062881883,94.87623596191406,6.0,180.0
39.84189991290636,-10.113351601731324,-30.271554648624114,94.77631378173828,6.0,180.0
39.288677091151854,-9.870980416275174,-30.530222525397697,94.67644500732422,6.0,180.0
38.8754742557477,-9.77673455115971,-30.94790321751709,94.57655334472656,6.0,180.0
38.81487102252509,-9.81194096615227,-31.53695253840228,94.4764633178711,6.0,180.0
38.78969981913649,-9.780000522767889,-32.12328963264871,94.37646484375,6.0,180.0
38.70534269919301,-9.60995149064469,-32.405234290515395,94.27644348144533,6.0,180.0
38.81769394442709,-9.440983069018252,-32.12679578504033,94.27644348144533,6.0,180.0
39.10964179816278,-9.39456647895842,-31.255568836052227,94.1764907836914,6.0,180.0
39.35045556648926,-9.370263055140526,-30.20863828638408,94.07659912109376,6.0,180.0
39.56651338001979,-9.509219091029454,-29.308973443641552,93.97648620605467,6.0,180.0
39.972663938682174,-9.94866973450778,-28.48696815820729,93.87650299072266,6.0,180.0
40.329291238244,-10.400349812259492,-27.88454814258573,93.7765121459961,6.0,180.0
40.48344436680264,-10.648522771910294,-27.64030994898029,93.67642974853516,6.0,180.0
40.58513328856241,-10.67336937127115,-27.470615614891152,93.57657623291016,6.0,180.0
40.56771986448133,-10.575144801785871,-27.17572743049548,93.57657623291016,6.0,180.0
40.39074145705706,-10.507897087153967,-26.89976694849025,93.47649383544922,6.0,180.0
39.95944020942514,-10.547311650929847,-26.78875737807105,93.37635040283205,6.0,180.0
39.2323407199357,-10.683064847709824,-26.67432129858008,93.2764892578125,6.0,180.0
38.61175340573665,-10.78468033460257,-26.46411970030487,93.17650604248048,6.0,180.0
38.56419226917427,-10.685134173082131,-26.33624969320316,93.07652282714844,6.0,180.0
39.211617534114566,-10.446658785050648,-26.27339490302053,92.97654724121094,6.0,180.0
40.443041320105166,-10.35937904523443,-26.26478800981805,92.97654724121094,6.0,180.0
41.8193063441414,-10.446017166312004,-26.38151577183846,92.8765640258789,6.0,180.0
42.7426976710861,-10.637336187201605,-26.47812410821654,92.77660369873048,6.0,180.0
43.20896040315878,-10.907754525675124,-26.483514240193426,92.6766586303711,6.0,180.0
43.480936673195785,-11.0970677849235,-26.44470064404328,92.5766143798828,6.0,180.0
43.74075440576638,-11.25587738417751,-26.327843119665847,92.4765853881836,6.0,180.0
44.44940379877771,-11.485179625626984,-26.24400671737719,92.37638854980467,6.0,180.0
45.60894265783628,-11.735201851267902,-26.434897318932062,92.27645874023438,6.0,180.0
46.69395206589164,-12.014277625661428,-26.83888949634345,92.27645874023438,6.0,180.0
47.67566517776068,-12.28019361457216,-27.31398468693283,92.176513671875,6.0,180.0
48.497063024570366,-12.402830333286778,-27.67441996512225,92.07642364501952,6.0,180.0
48.96781688376821,-12.40822370870541,-27.671936717938,91.9764404296875,6.0,180.0
49.41478844929001,-12.560127429058348,-27.42909197840926,91.87649536132812,6.0,180.0
49.95108126798958,-13.009747380406884,-27.04419916429429,91.77642822265624,6.0,180.0
50.3041075745717,-13.444312839116854,-26.677632185969404,91.6764678955078,6.0,180.0
50.47816489081867,-13.61573706562044,-26.56799667411148,91.6764678955078,6.0,180.0
50.668293123766176,-13.664452585789851,-26.597845299813788,91.5764617919922,6.0,180.0
51.05331536017484,-13.68286626743786,-26.561934430838903,91.47650146484376,6.0,180.0
51.88516725541248,-13.84944856230883,-26.5284821990546,91.37650299072266,6.0,180.0
53.34114829897928,-14.273577080222536,-26.79512006518294,91.27650451660156,6.0,180.0
55.20058752769905,-14.65771456987527,-27.33324199518984,91.17652893066406,6.0,180.0
56.89643639967669,-14.853069142790993,-27.78511993406947,91.07655334472656,6.0,180.0
58.109958063906376,-14.954084270374228,-28.038958299193546,90.97655487060548,6.0,180.0
58.95757417156586,-14.892905599908858,-28.2430846518164,90.97655487060548,6.0,180.0
59.55699129199481,-14.656618350926482,-28.46441606010161,90.8765640258789,6.0,180.0
60.08235758638917,-14.510024525155313,-28.74613370357073,90.77643585205078,6.0,180.0
60.66214390426379,-14.625112251529462,-29.11203694450831,90.67647552490234,6.0,180.0
61.106905851868326,-14.894689476605372,-29.28884373649247,90.57640075683594,6.0,180.0
61.27213481917675,-15.196581928795265,-29.009660880553305,90.47650146484376,6.0,180.0
61.18373614890148,-15.442426314450008,-28.39448926084605,90.37657165527344,6.0,180.0
60.918416081422464,-15.6298727991708,-27.58037048009628,90.2764663696289,6.0,180.0
60.535025649116136,-15.6793811352253,-26.68427831170825,90.2764663696289,6.0,180.0
60.01683599148063,-15.41601482982488,-25.89130454946,90.1766586303711,6.0,180.0
59.43027212574344,-14.938847909832596,-25.396932047025658,90.07665252685548,6.0,180.0
58.9417964024382,-14.406875568716252,-25.426746221605423,89.97651672363281,6.0,180.0
58.82196191906596,-14.052500038922531,-25.775373954328,89.8765640258789,6.0,180.0
59.44723000037119,-14.23552104252502,-26.320510039020533,89.77642822265625,6.0,180.0
61.26663229532903,-15.059266943008664,-27.18882959135572,89.6765365600586,6.0,180.0
64.2333761304513,-16.167119689551527,-27.95392672307072,89.6765365600586,6.0,180.0
67.34687415998543,-17.18781694167399,-28.28083461537169,89.57643127441406,6.0,180.0
69.87340990733226,-18.085062260566872,-28.452447913343622,89.47645568847656,6.0,180.0
71.77633221183915,-18.85084841917649,-28.735995121002045,89.37653350830078,6.0,180.0
73.03757422294169,-19.351868336400408,-29.129884952279856,89.2764663696289,6.0,180.0
73.87736425085147,-19.642006741547483,-29.56725438740428,89.17648315429688,6.0,180.0
74.86300807833135,-19.98814431402531,-30.011080804536427,89.07654571533203,6.0,180.0
76.09523821679747,-20.347055057975968,-30.399521586691776,88.9764175415039,6.0,180.0
76.95864246554545,-20.57494158098409,-30.486896737645008,88.9764175415039,6.0,180.0
77.1469037414926,-20.677756507416355,-30.27726022025365,88.87661743164062,6.0,180.0
77.07752523530549,-20.61827949226264,-30.02480871124483,88.77656555175781,6.0,180.0
77.03251836275446,-20.434589272139064,-29.622923976817585,88.67644500732422,6.0,180.0
77.27850796153221,-20.29483045464071,-29.077230089211824,88.57647705078125,6.0,180.0
78.05287541333688,-20.178049081278623,-28.658942063935523,88.47648620605469,6.0,180.0
78.88999277652935,-19.94337779757526,-28.24469720048096,88.3765640258789,6.0,180.0
79.61318527733977,-19.763990559921464,-27.60967891981221,88.3765640258789,6.0,180.0
80.44168779512454,-19.75751819441513,-26.93968276555001,88.27645874023438,6.0,180.0
81.26157558764778,-19.845128181686885,-26.44243389014476,88.17642211914062,6.0,180.0
82.05734277259899,-19.90654253378974,-26.16482438230276,88.07650756835938,6.0,180.0
83.0503882520661,-19.920691108964046,-26.0740324252896,87.97655487060547,6.0,180.0
84.20697585514391,-20.126553878237928,-26.10513996095466,87.8765869140625,6.0,180.0
85.17117340303992,-20.558357607518307,-26.2564410624996,87.77648162841797,6.0,180.0
85.88082984747066,-20.987914449110725,-26.46195204632135,87.67652893066406,6.0,180.0
86.37542400925257,-21.298844495748465,-26.58475804015983,87.67652893066406,6.0,180.0
86.43082339398934,-21.56650949212817,-26.32681654872568,87.57657623291016,6.0,180.0
86.31841559955645,-21.87208862133105,-25.75910323540876,87.47660064697266,6.0,180.0
86.39704627905152,-22.320949481301056,-25.379695888077297,87.37664794921875,6.0,180.0
86.62210702206602,-22.89030576801388,-25.24730907097942,87.27652740478516,6.0,180.0
87.10123589974899,-23.28432352042386,-25.11453250567373,87.17660522460938,6.0,180.0
87.74358823976536,-23.42374776719788,-24.81030092442557,87.07658386230469,6.0,180.0
88.24558356569294,-23.519394270879392,-24.50274422539999,87.07658386230469,6.0,180.0
88.71216169329362,-23.67580427503385,-24.410577870579136,86.97648620605469,6.0,180.0
89.32360586060788,-23.78974606214189,-24.315885441238088,86.87663269042969,6.0,180.0
89.84699617245545,-23.763885097549284,-24.25512533855313,86.7764892578125,6.0,180.0
90.09907746345228,-23.65993624507132,-24.497343478135416,86.67645263671875,6.0,180.0
90.31737349537016,-23.50117814121264,-24.68007720485336,86.57647705078125,6.0,180.0
90.78945196362876,-23.366469360496463,-24.51125031797832,86.47652435302734,6.0,180.0
91.50251378214342,-23.37782921653037,-24.299920442547496,86.37654876708984,6.0,180.0
92.38909903953414,-23.458105751908136,-24.376316812054284,86.37654876708984,6.0,180.0
93.28463556865673,-23.557461072609943,-24.71772146215292,86.2764663696289,6.0,180.0
93.78861911451514,-23.689087694218216,-25.07349633485134,86.17649841308594,6.0,180.0
94.07216567383398,-23.81849904857619,-25.34722754198247,86.07649230957031,6.0,180.0
94.70938158092842,-24.05357518929884,-25.56153991165532,85.97650909423828,6.0,180.0
95.58429932831844,-24.492473860409856,-25.6566696849128,85.87647247314453,6.0,180.0
96.29169382917904,-24.95852147839688,-25.53536539325734,85.77635955810547,6.0,180.0
97.01545674655488,-25.34907378201946,-25.43503518267424,85.77635955810547,6.0,180.0
98.2161123820385,-25.64553654922339,-25.67158633538367,85.67638397216797,6.0,180.0
99.69181368755709,-25.779079990140858,-26.06015371292582,85.57643127441406,6.0,180.0
100.90174716702828,-25.745923444717903,-26.329339760523595,85.47651672363281,6.0,180.0
101.95051393539752,-25.6273249884422,-26.52672907014872,85.37654876708984,6.0,180.0
102.94426292596636,-25.495920719030668,-26.692660004180173,85.27647399902344,6.0,180.0
103.6016159411728,-25.372121822980947,-26.686047109525784,85.17650604248047,6.0,180.0
103.96373855065524,-25.42988133282413,-26.47571775221037,85.07643127441406,6.0,180.0
104.32973916305144,-25.749413365498004,-26.29005029815594,85.07643127441406,6.0,180.0
104.8361239653016,-26.162314544337008,-26.10526741946266,84.9765396118164,6.0,180.0
105.3457897759521,-26.468848016976303,-25.64303858036644,84.87664031982422,6.0,180.0
105.58188798881552,-26.448359388425214,-25.004467823144868,84.77655792236328,6.0,180.0
105.59390202960766,-26.11203378408064,-24.47658001835414,84.676513671875,6.0,180.0
105.84921305197308,-25.775321699349067,-24.281163566693905,84.57644653320312,6.0,180.0
106.68438020002588,-25.621217451800888,-24.3170350238208,84.4764404296875,6.0,180.0
107.89601095111443,-25.647413296558494,-24.277154291632176,84.37644958496094,6.0,180.0
109.09965927618104,-25.77810648762989,-24.254253877467807,84.37644958496094,6.0,180.0
110.30982495600765,-26.02950807962897,-24.31730874550752,84.27637481689453,6.0,180.0
111.46270017312033,-26.429994085195364,-24.41663704659629,84.17647552490234,6.0,180.0
112.1423676958312,-26.75814551661185,-24.557135497621807,84.07644653320312,6.0,180.0
112.24674935016604,-26.97876605365328,-24.62052810049365,83.9765853881836,6.0,180.0
112.24722677870535,-27.20877668977376,-24.60807560394712,83.87652587890625,6.0,180.0
112.73708664204082,-27.60678012778621,-24.84441119765092,83.77644348144531,6.0,180.0
113.76563220773603,-28.287198961686062,-25.322758081452143,83.77644348144531,6.0,180.0
114.93736988778718,-28.90402522795447,-25.602391782084894,83.67657470703125,6.0,180.0
116.07492442355444,-29.084460636779923,-25.68088868346652,83.576416015625,6.0,180.0
117.26481207825994,-28.798742870626207,-25.535537259099296,83.47655487060547,6.0,180.0
118.30341915898654,-28.35714448729853,-24.99373009493336,83.37644958496094,6.0,180.0
119.03805328443951,-28.166252402271684,-24.326684996029137,83.27642822265625,6.0,180.0
119.87864251101712,-28.39310487280364,-23.74205804553901,83.17658233642578,6.0,180.0
121.08280168107324,-29.02277638538553,-23.201173966856537,83.07657623291016,6.0,180.0
122.3896694997341,-29.77538916654665,-22.822543660198875,83.07657623291016,6.0,180.0
123.44430980442584,-30.39364015525405,-22.664642101527832,82.97664642333984,6.0,180.0
124.12350436520202,-30.891862524054226,-22.57902326171202,82.87654876708984,6.0,180.0
124.525874397254,-31.27227877456824,-22.47545105458331,82.77649688720703,6.0,180.0
124.63806651676552,-31.55578100217313,-22.23640978142489,82.67647552490234,6.0,180.0
124.27483994686128,-31.671997710129844,-21.67979101574884,82.57646942138672,6.0,180.0
123.5187322494352,-31.63553562934224,-20.92248455245929,82.47662353515625,6.0,180.0
122.5959714236545,-31.60856511797571,-20.21391999435417,82.47662353515625,6.0,180.0
121.45112866904974,-31.41808641286788,-19.57926431394161,82.37654876708984,6.0,180.0
120.10565861035344,-30.956087989281684,-19.07659544772571,82.2764892578125,6.0,180.0
118.8968741708514,-30.382549397010862,-18.700904391299453,82.17645263671875,6.0,180.0
118.2267674805458,-29.856380725166417,-18.3326631033979,82.07654571533203,6.0,180.0
118.54397840720986,-29.71441314207381,-18.08226214228484,81.97655487060547,6.0,180.0
120.54436063811012,-30.25072730582844,-18.199287579919982,81.87649536132812,6.0,180.0
124.57654799908268,-31.3796312546405,-18.944906369464384,81.77654266357422,6.0,180.0
129.35045590890894,-32.60919511322058,-20.03253862425048,81.77654266357422,6.0,180.0
132.94541778376313,-33.4372601161476,-20.85359618521882,81.67658233642578,6.0,180.0
135.23162443214366,-33.886465838073896,-21.51104965412759,81.57653045654297,6.0,180.0
137.0320142077543,-34.22643351764529,-22.29507608163097,81.47665405273438,6.0,180.0
138.4329878485518,-34.51459866557826,-22.89748415395736,81.37651824951172,6.0,180.0
139.41697768320438,-34.640197785530376,-22.88990931564524,81.2765121459961,6.0,180.0
140.19679502186264,-34.55754988422274,-22.495454275326885,81.17644500732422,6.0,180.0
140.85768126731045,-34.464787971519826,-22.076450295343403,81.17644500732422,6.0,180.0
141.16728707242143,-34.4393376571718,-21.71264825933718,81.07645416259766,6.0,180.0
140.99530964713307,-34.30058193599736,-21.311114664775445,80.97661590576172,6.0,180.0
140.8834695603887,-34.18749648184684,-20.72417873094501,80.87666320800781,6.0,180.0
141.22418768106,-34.29256384180167,-20.167423018157177,80.7765884399414,6.0,180.0
141.8596347278674,-34.445755136342605,-20.012249454328064,80.676513671875,6.0,180.0
142.6922205335147,-34.573554169318754,-20.41591222052019,80.57638549804688,6.0,180.0
143.71294884380336,-34.823955042424856,-21.08273861583134,80.47650146484375,6.0,180.0
144.93939740353957,-35.28600750137411,-21.48895084753059,80.47650146484375,6.0,180.0
146.18577161609824,-35.89694181525969,-21.49190419182404,80.37648010253906,6.0,180.0
147.03143804819916,-36.415468482876825,-21.417557756115684,80.27638244628906,6.0,180.0
147.3819966757296,-36.76412336261284,-21.43128931482002,80.17647552490234,6.0,180.0
147.50050366144058,-37.003632026705695,-21.45271672546336,80.07638549804688,6.0,180.0
147.83283402327294,-37.04110906617375,-21.42769198165058,79.97647094726562,6.0,180.0
148.6146674744787,-36.84222511521758,-21.220986959922303,79.87651062011719,6.0,180.0
149.67117340617077,-36.57288764326712,-20.959147866307948,79.77651977539062,6.0,180.0
151.0206930143901,-36.64398003619376,-20.81408328180378,79.77651977539062,6.0,180.0
152.59394278637885,-37.19514039838506,-20.765762714920942,79.6766128540039,6.0,180.0
153.8450744349538,-37.84911334754277,-20.93122333447336,79.57655334472656,6.0,180.0
154.68716746637068,-38.24154741368139,-21.067099838413725,79.47657012939453,6.0,180.0
155.49364975787338,-38.33310683632872,-20.85064781047268,79.37654876708984,6.0,180.0
156.34658077765584,-38.25527000533548,-20.611107290995783,79.27643585205078,6.0,180.0
157.32247870362107,-38.13515647886527,-20.548067059804527,79.17644500732422,6.0,180.0
158.39054247080642,-38.065056892368936,-20.29324570206731,79.17644500732422,6.0,180.0
159.28732058118987,-38.060811869598325,-19.76458142054989,79.07642364501953,6.0,180.0
159.8593677938412,-38.18563446295834,-19.361666071590275,78.97645568847656,6.0,180.0
160.11907041659362,-38.48518617004285,-19.31852124154095,78.87654876708984,6.0,180.0
160.37321298578706,-38.88014140854991,-19.52348707890525,78.77649688720703,6.0,180.0
160.70899202552874,-39.211662234148505,-19.635281069774628,78.67652893066406,6.0,180.0
161.1199407862655,-39.44691507277612,-19.608783738121016,78.57632446289062,6.0,180.0
161.88977704407523,-39.66302811202425,-19.766879762786424,78.47644805908203,6.0,180.0
162.8876604695248,-39.86389158142907,-20.17096281408841,78.47644805908203,6.0,180.0
163.76380058756428,-40.08240425668916,-20.499808213133456,78.37651062011719,6.0,180.0
164.4285499540954,-40.32267814599702,-20.67923538367184,78.27635955810547,6.0,180.0
164.99498364172115,-40.560453064478224,-21.103800007321087,78.17646789550781,6.0,180.0
165.83358894788785,-40.87306090324668,-21.734426373088585,78.07655334472656,6.0,180.0
167.1283614078715,-41.15184579999998,-22.27271212347029,77.97679901123047,6.0,180.0
168.43955961631823,-41.27199923145148,-22.665574047948446,77.87675476074219,6.0,180.0
169.61424803639358,-41.47975310598565,-22.896186774217227,77.87675476074219,6.0,180.0
170.87527622661804,-41.87228779952167,-22.982286100225345,77.77644348144531,6.0,180.0
171.94997792504293,-42.23947159922662,-22.876103013685324,77.67647552490234,6.0,180.0
172.45773296104912,-42.55958273143889,-22.53593765245931,77.57646179199219,6.0,180.0
172.54891860054016,-42.98947990498901,-22.12566315492496,77.47655487060547,6.0,180.0
172.68326131734858,-43.47300174046338,-21.95485899819507,77.37659454345703,6.0,180.0
172.9250173890429,-43.83715798104847,-21.924365035478537,77.27648162841797,6.0,180.0
173.08440901202783,-44.04969267249717,-21.84730928210018,77.17650604248047,6.0,180.0
173.43693181724464,-44.23620243479424,-21.863145629476445,77.17650604248047,6.0,180.0
174.36408782449362,-44.6316882325047,-21.78966264928018,77.07652282714844,6.0,180.0
175.62285379249968,-45.12553622349468,-21.48656409183004,76.97643280029297,6.0,180.0
176.9373944640804,-45.342032894063,-21.376057316876004,76.87651824951172,6.0,180.0
178.4041294374054,-45.2237914484322,-21.72151900365558,76.7764663696289,6.0,180.0
179.9794519519436,-44.791700346688366,-22.272098886919245,76.67646789550781,6.0,180.0
181.5237122642707,-44.18777131689082,-22.74669691366289,76.57654571533203,6.0,180.0
182.988298043869,-43.92117757817566,-22.95840012119905,76.57654571533203,6.0,180.0
184.245218984858,-44.168420522141645,-22.948416788007087,76.47649383544922,6.0,180.0
185.2728165393907,-44.67399467187311,-22.91384085325165,76.37652587890625,6.0,180.0
186.38275183929625,-45.32047160854819,-22.69279064083935,76.27650451660156,6.0,180.0
187.7243354877636,-45.95114585089848,-22.130039299206192,76.17649841308594,6.0,180.0
189.02966897722345,-46.29566724532615,-21.392389174488823,76.07655334472656,6.0,180.0
190.1315515543344,-46.3298266496921,-20.83270984975784,75.97657012939453,6.0,180.0
190.97972302622705,-46.20181673878827,-20.363466657554333,75.87651062011719,6.0,180.0
191.37352074672145,-46.043466259964624,-19.5497486503097,75.87651062011719,6.0,180.0
191.57823512478032,-45.89186401215278,-18.685812155708994,75.77643585205078,6.0,180.0
192.16852207075908,-45.72365498262258,-18.060844812273725,75.6765365600586,6.0,180.0
193.07544390440972,-45.60546684595625,-17.60617211682219,75.57659912109375,6.0,180.0
194.025130475956,-45.59877404434732,-17.626776480625978,75.47649383544922,6.0,180.0
194.98987870753228,-45.684613092978935,-18.22092416487733,75.37652587890625,6.0,180.0
195.99183578743947,-45.98574986157501,-18.83172953383008,75.2765121459961,6.0,180.0
197.05939768168005,-46.43275392371748,-19.05676342439333,75.17649841308594,6.0,180.0
198.07474436091783,-46.55328895441414,-18.989428076137703,75.17649841308594,6.0,180.0
199.0293267905832,-46.39210086742556,-18.846421593166173,75.07656860351562,6.0,180.0
199.9542529933997,-46.53590054893632,-18.93866133442474,74.9764175415039,6.0,180.0
200.67642789289783,-47.05212704501975,-19.193363506078725,74.87653350830078,6.0,180.0
201.5268110539759,-47.607787389666335,-19.401339792833262,74.77652740478516,6.0,180.0
202.75756998327327,-48.13867410244916,-19.67971190242075,74.67646026611328,6.0,180.0
203.7144772560807,-48.598440454810174,-19.89805917478736,74.5765151977539,6.0,180.0
204.2070874053113,-48.92337072541154,-19.97083056102371,74.5765151977539,6.0,180.0
204.7390763310448,-49.1787368154814,-19.92510883933943,74.47647094726562,6.0,180.0
205.301128284752,-49.473710925196265,-19.623242156326903,74.3766098022461,6.0,180.0
205.744310913852,-49.90107574533382,-19.20730837655673,74.27666473388672,6.0,180.0
206.17502121140012,-50.43454030360593,-19.01158713519404,74.17643737792969,6.0,180.0
206.72890260058915,-50.88534711760268,-19.010604490547053,74.07643127441406,6.0,180.0
207.61253221374628,-50.99527862375615,-18.96934577432832,73.9764404296875,6.0,180.0
208.7932242847628,-50.86896428777722,-18.87790245564594,73.87646484375,6.0,180.0
210.1052274547716,-50.801093050322095,-18.79769159749804,73.87646484375,6.0,180.0
211.51056405890765,-50.93945254887851,-18.791258084191185,73.7765884399414,6.0,180.0
212.881306343322,-51.21834770816674,-18.903117714541697,73.67639923095703,6.0,180.0
214.0426965122109,-51.37234727147702,-18.960537322027264,73.57657623291016,6.0,180.0
215.0941903871852,-51.42897614497686,-18.88714383310207,73.47647857666016,6.0,180.0
216.09609825576263,-51.5179676480345,-18.898931840224336,73.37651824951172,6.0,180.0
216.9992752081692,-51.60933842959352,-18.99130816896186,73.27660369873047,6.0,180.0
217.7827614179192,-51.795557124320034,-18.96409230021367,73.27660369873047,6.0,180.0
218.30907244233336,-52.12771600791826,-18.885139247298003,73.1764907836914,6.0,180.0
218.73303124014672,-52.50864306310598,-18.68976448189694,73.07646942138672,6.0,180.0
219.11250863307004,-52.87662681468793,-18.12329441357779,72.97648620605469,6.0,180.0
219.34296053557568,-53.250120768926855,-17.250121735936123,72.87654876708984,6.0,180.0
219.6867140161558,-53.45459747115939,-16.383807819085686,72.77656555175781,6.0,180.0
220.36399160714856,-53.349400424413005,-15.762210531349478,72.6766128540039,6.0,180.0
221.2797396718639,-52.9968988171601,-15.54600502733187,72.57658386230469,6.0,180.0
222.2253912577704,-52.51599504178536,-15.783958265329952,72.57658386230469,6.0,180.0
223.04881203819235,-52.29782276229649,-16.23960141479945,72.47663879394531,6.0,180.0
223.72298956269543,-52.49517340013188,-16.77480288482602,72.37649536132812,6.0,180.0
224.5011834293946,-52.936048455465,-17.412230577721996,72.27657318115234,6.0,180.0
225.4484689556824,-53.4729916253346,-17.879293132706664,72.17652130126953,6.0,180.0
226.26496105446137,-53.87655123195776,-17.88621618469099,72.076416015625,6.0,180.0
226.8896183725097,-54.11770645034832,-17.529703901605433,71.97647094726562,6.0,180.0
227.51700526002483,-54.27327205956648,-17.09898145897708,71.97647094726562,6.0,180.0
228.27569841998212,-54.35030619119881,-16.9521774005512,71.87639617919922,6.0,180.0
229.2972715024089,-54.37849085172709,-17.094090938500518,71.77651977539062,6.0,180.0
230.4698335541084,-54.5251645772103,-17.049358049086386,71.67655944824219,6.0,180.0
231.4445708570745,-54.91867267185938,-16.731207246702997,71.5765380859375,6.0,180.0
232.4306868561017,-55.47797100533055,-16.40724651323287,71.47645568847656,6.0,180.0
233.64611267961573,-56.10816249947983,-16.038930869667947,71.37640380859375,6.0,180.0
234.8123857782577,-56.66037185445447,-15.55777511997058,71.27658081054688,6.0,180.0
235.7453359698406,-57.0797005758844,-15.189474762745512,71.27658081054688,6.0,180.0
236.54531584053208,-57.246909766378096,-15.171100999192427,71.17658233642578,6.0,180.0
237.3756009383983,-57.21084699444498,-15.36758847711364,71.07646179199219,6.0,180.0
238.18092947979395,-57.17300088545311,-15.5127518566624,70.97649383544922,6.0,180.0
239.0180490398982,-57.12077170911068,-15.615325990225736,70.87639617919922,6.0,180.0
239.87555434587105,-57.21324721840644,-15.807065217010708,70.77652740478516,6.0,180.0
240.50467744423784,-57.45093951183004,-15.974075048530404,70.67654418945312,6.0,180.0
240.8881965515125,-57.686022075995226,-15.949036276200117,70.67654418945312,6.0,180.0
240.9586000516325,-58.01484096646113,-15.876287072243372,70.57648468017578,6.0,180.0
240.6625769421313,-58.44132510575022,-15.89535073076658,70.4765853881836,6.0,180.0
240.6151477995027,-58.724600930572144,-15.976759355881528,70.37645721435547,6.0,180.0
241.6600474017061,-58.86397551795485,-16.020936785401673,70.27647399902344,6.0,180.0
243.40152387228292,-59.12942293079689,-15.84815791544489,70.17648315429688,6.0,180.0
245.0276483267685,-59.56934983634695,-15.485989178482797,70.07640838623047,6.0,180.0
246.62894097351943,-60.02566190201863,-15.248458937618375,69.9765396118164,6.0,180.0
248.24242879186005,-60.321530996461725,-15.232987256339417,69.9765396118164,6.0,180.0
249.6898654766199,-60.56949853449218,-15.355672778655162,69.87652587890625,6.0,180.0
250.91115506231324,-60.856889659631605,-15.495614068408576,69.77666473388672,6.0,180.0
251.828427621714,-61.06109536290639,-15.406327893455469,69.67660522460938,6.0,180.0
252.2312400192976,-61.24462643086598,-15.07284891465349,69.57638549804688,6.0,180.0
252.2264319726112,-61.4475225882178,-14.684757121726832,69.47643280029297,6.0,180.0
252.43732945768303,-61.62009180923883,-14.451585427395973,69.37652587890625,6.0,180.0
253.1550011983798,-61.546601620160814,-14.522093498782205,69.27642059326172,6.0,180.0
254.29885656609213,-61.190201355578274,-14.719168533962812,69.27642059326172,6.0,180.0
255.6402376428589,-60.91328582242712,-14.776601995993804,69.17652893066406,6.0,180.0
256.90668032188245,-60.92328218579393,-14.770591026583864,69.07659149169922,6.0,180.0
258.0600032191494,-61.191711441312776,-14.82185881203722,68.97648620605469,6.0,180.0
259.0505534299146,-61.54298562577305,-14.751337554912094,68.87643432617188,6.0,180.0
259.97771276341933,-61.75892767679487,-14.596847386010786,68.77648162841797,6.0,180.0
261.1228357645228,-61.76048027925744,-14.642373507304065,68.67646789550781,6.0,180.0
262.41232823943307,-61.71177387270721,-14.73372152831064,68.67646789550781,6.0,180.0
263.63175925908007,-61.80241169495673,-14.41575086773673,68.57657623291016,6.0,180.0
264.65378193609587,-61.96102535614761,-13.573997592368976,68.47647094726562,6.0,180.0
265.4151068002897,-62.112899620406814,-12.65230480769964,68.37657928466797,6.0,180.0
266.08836482484685,-62.427074265447885,-12.162842278709574,68.27656555175781,6.0,180.0
266.83723948890645,-62.83684931397477,-12.126624996846534,68.17648315429688,6.0,180.0
267.6165310829903,-63.15273812686432,-12.228413766193512,68.07658386230469,6.0,180.0
268.53172794887746,-63.56791022231638,-12.396054160802866,67.97659301757812,6.0,180.0
269.6892225749049,-64.08436798455712,-12.742273739283004,67.97659301757812,6.0,180.0
270.96513539182854,-64.6761153338753,-13.143168022914942,67.87662506103516,6.0,180.0
272.2118099442517,-65.41385417389607,-13.403951644490611,67.7763442993164,6.0,180.0
273.2352847157126,-66.05705715162634,-13.341171566476138,67.67644500732422,6.0,180.0
274.11694679041995,-66.51861475592571,-12.993380882934462,67.5765609741211,6.0,180.0
274.9187216535326,-66.86623698999864,-12.54863557606302,67.47638702392578,6.0,180.0
275.53653571879306,-67.15358206559318,-12.13428486930895,67.37655639648438,6.0,180.0
276.25256694057555,-67.4409450263725,-11.931666753596716,67.37655639648438,6.0,180.0
277.4250322454014,-67.69184409668594,-11.965220955944726,67.27647399902344,6.0,180.0
278.84188401069764,-67.93230887536369,-12.079489771370584,67.17648315429688,6.0,180.0
280.11193805678505,-68.2662367250048,-11.999833363632447,67.07665252685547,6.0,180.0
281.23400804769705,-68.71017043558345,-11.788544611960123,66.97651672363281,6.0,180.0
282.08496772870086,-69.24843971733357,-11.723812501474992,66.87651824951172,6.0,180.0
282.44553069810746,-69.68898498255592,-11.81850160268234,66.7765884399414,6.0,180.0
282.4492147842835,-69.85533874382288,-12.025157856930845,66.67646026611328,6.0,180.0
282.593258722803,-69.94059975944225,-12.384005011613777,66.67646026611328,6.0,180.0
283.23110843761145,-70.0965695122889,-12.97607333983451,66.57647705078125,6.0,180.0
284.2388345339188,-70.37012185039984,-13.6767344194148,66.47647094726562,6.0,180.0
285.40496030298607,-70.62644598762533,-14.168597783304502,66.3764877319336,6.0,180.0
286.3302003646045,-70.49471121742843,-14.138679173850594,66.27655029296875,6.0,180.0
286.7360498112028,-70.06147907912856,-13.70518530238352,66.17655944824219,6.0,180.0
286.84411839945585,-69.76993836675764,-13.200260945883596,66.07658386230469,6.0,180.0
286.9630491294432,-69.74652094379601,-12.719672629849214,66.07658386230469,6.0,180.0
287.4636200400888,-69.97152459010152,-12.285246708563866,65.97655487060547,6.0,180.0
288.54621730819696,-70.39680514884796,-11.94892461591621,65.87655639648438,6.0,180.0
290.0980739778686,-70.8517993998916,-11.7216097150528,65.77661895751953,6.0,180.0
291.70990888183815,-71.107809827379,-11.396021801622991,65.6764907836914,6.0,180.0
293.1006402090626,-71.09684798078025,-10.984140599925954,65.57646179199219,6.0,180.0
294.41497624919066,-71.18233181359804,-10.642023089125566,65.47647857666016,6.0,180.0
295.50974835594525,-71.52858493038914,-10.430903714738216,65.37653350830078,6.0,180.0
296.2399445190827,-71.83730665525314,-10.399759703613167,65.37653350830078,6.0,180.0
296.8082160509557,-71.99737051653742,-10.41200467230976,65.27653503417969,6.0,180.0
297.43136786267803,-72.12709235405569,-10.411815397539716,65.17645263671875,6.0,180.0
298.40296132565334,-72.29078308159852,-10.342112219664577,65.07640075683594,6.0,180.0
299.72568331840466,-72.58671680910075,-10.317048487898226,64.97639465332031,6.0,180.0
301.1549049825432,-72.99407329762562,-10.480739669666724,64.8765869140625,6.0,180.0
302.5610608099087,-73.40139478554431,-10.66530506249651,64.77657318115234,6.0,180.0
303.7128750978007,-73.91109546730014,-10.832283997119042,64.67652893066406,6.0,180.0
304.66145832436564,-74.45255647594607,-11.043294077594965,64.67652893066406,6.0,180.0
305.76583138447654,-74.69352154303182,-11.31346284549428,64.57647705078125,6.0,180.0
307.1230937957267,-74.57697819439261,-11.536562376661296,64.47647857666016,6.0,180.0
308.4687209791834,-74.45800490652124,-11.525224980664442,64.3766098022461,6.0,180.0
309.66425503925234,-74.721972493586,-11.093904417513546,64.2763900756836,6.0,180.0
310.838670965077,-75.36505827341543,-10.345729421829676,64.17632293701172,6.0,180.0
311.94049070955583,-76.05497311965729,-9.784756978842545,64.07640075683594,6.0,180.0
313.0177841755265,-76.6576538893822,-9.628354938969968,64.07640075683594,6.0,180.0
314.065141860245,-77.1320762730062,-9.650875201596996,63.97648239135742,6.0,180.0
314.9136357566954,-77.42426370739952,-9.695635805233287,63.87660598754883,6.0,180.0
315.61356351068446,-77.65536774179921,-9.760976357467849,63.77655410766602,6.0,180.0
316.1670596831977,-77.82832127328139,-9.82184558876642,63.67649841308594,6.0,180.0
316.76257568044576,-78.00128651997535,-9.903666037173377,63.57645416259766,6.0,180.0
317.6283686828499,-78.33426141838203,-9.98304319503939,63.47649002075195,6.0,180.0
318.74740832682426,-78.79964992259818,-9.934479382358573,63.37652969360352,6.0,180.0
320.2121492686324,-79.21003558991848,-9.721427887603443,63.37652969360352,6.0,180.0
321.7245820058227,-79.35206496615918,-9.494462123860954,63.27642822265625,6.0,180.0
322.9583220633476,-79.21956994639352,-9.351822860390556,63.17649841308594,6.0,180.0
324.0375168009482,-78.98238949711084,-9.171079271097966,63.07646942138672,6.0,180.0
324.82619789183195,-78.6877469134033,-9.029664531580844,62.97658920288086,6.0,180.0
325.16666020206105,-78.33630959349543,-8.932584452664551,62.87668228149414,6.0,180.0
325.34482109317224,-78.15726299825774,-8.787458698828456,62.7764892578125,6.0,180.0
325.675984333894,-78.30548667441212,-8.700768617462657,62.7764892578125,6.0,180.0
326.13940163107173,-78.59197939419747,-8.479322747426034,62.6765251159668,6.0,180.0
326.9440180916745,-78.87221855106071,-8.018193756708573,62.57649612426758,6.0,180.0
328.0937429026756,-79.22511046080885,-7.723019005395452,62.47652816772461,6.0,180.0
329.2707108696879,-79.70631099363135,-7.812459050816115,62.37659454345703,6.0,180.0
330.51875693283586,-80.15012890010618,-7.907365382611633,62.27649688720703,6.0,180.0
331.60106116276376,-80.3972686916864,-7.730992986473858,62.17649078369141,6.0,180.0
332.3760470581514,-80.53340386951149,-7.412121484465864,62.07658004760742,6.0,180.0
333.0326485727944,-80.67373621424704,-7.141550511918603,62.07658004760742,6.0,180.0
333.6433774841917,-80.71997626867024,-7.191338873459031,61.97664260864258,6.0,180.0
334.3422408126929,-80.60506812077148,-7.509356626407335,61.87656402587891,6.0,180.0
335.1116273199411,-80.64291790350732,-7.586710736715353,61.77643585205078,6.0,180.0
335.9282202446615,-81.02021846224879,-7.221265654801222,61.67643356323242,6.0,180.0
336.8013877037295,-81.50971144059588,-6.726433333112665,61.57643890380859,6.0,180.0
337.5016668777954,-81.87505986008503,-6.300722976633282,61.47642135620117,6.0,180.0
338.039258542174,-82.1729509463917,-5.869512618736295,61.47642135620117,6.0,180.0
338.7032508327454,-82.57547430618727,-5.434014825788265,61.37639999389648,6.0,180.0
339.4720041755735,-83.0207988699625,-5.045935501426274,61.27640533447266,6.0,180.0
340.2095849846702,-83.49213013830871,-4.685369841054071,61.17653274536133,6.0,180.0
341.18679378348,-83.96508946768955,-4.335186069865411,61.07651138305664,6.0,180.0
342.4438716407027,-84.27284517704756,-4.030225216352027,60.97669219970703,6.0,180.0
343.69270329495873,-84.62911788293289,-3.708032920685581,60.87663650512695,6.0,180.0
344.94472522787623,-85.09971753216257,-3.3298798592012755,60.77656173706055,6.0,180.0
346.17850572613713,-85.34435802712768,-3.2333466186011828,60.77656173706055,6.0,180.0
347.1949875112508,-85.46847706555857,-3.708019051770462,60.67642211914062,6.0,180.0
348.0557600146827,-85.65700689443942,-4.36263548101927,60.57636642456055,6.0,180.0
349.09436213822465,-85.7856045539084,-4.696759880924383,60.4765625,6.0,180.0
350.1681823793696,-85.93775615968164,-4.737837257077067,60.37652587890625,6.0,180.0
351.0744128745233,-86.3826388150986,-4.738398072820347,60.2764778137207,6.0,180.0
351.9421090971464,-86.96058071542579,-5.023276864298191,60.17648315429688,6.0,180.0
352.83523927174406,-87.3623381477543,-5.665876557887191,60.07646179199219,6.0,180.0
353.96793561898954,-87.67848255290212,-6.393715610684353,60.07646179199219,6.0,180.0
355.3212151095285,-88.04185764569038,-6.942906060330822,59.97650909423828,6.0,180.0
356.5061081063401,-88.42708047400077,-7.133398774663426,59.87648391723633,6.0,180.0
357.1700492155417,-88.73965072677015,-7.0545368365575065,59.77649688720703,6.0,180.0
357.4171243916572,-89.0203158125998,-6.946746443836403,59.67646789550781,6.0,180.0
357.7243509437806,-89.16653384109551,-6.767435731281232,59.57653427124023,6.0,180.0
358.2767969540003,-89.0214417855743,-6.237627239267617,59.47658157348633,6.0,180.0
359.06008670121406,-88.9233296526178,-5.6031983313891685,59.47658157348633,6.0,180.0
360.12377211974655,-89.04204972616607,-5.303184085320551,59.37651062011719,6.0,180.0
361.30113709874695,-89.21535209570033,-5.148285599750211,59.27657699584961,6.0,180.0
362.57943288280217,-89.4086931466822,-5.040225937191723,59.17651748657227,6.0,180.0
364.12914855370593,-89.55897091054388,-4.987304087481121,59.07653427124023,6.0,180.0
365.6769733915871,-89.70057277636059,-4.901523230918755,58.97661590576172,6.0,180.0
367.0078798086911,-89.94847200953532,-4.971671282385199,58.87649536132812,6.0,180.0
368.0809441761761,-90.2246289033134,-5.045767813670883,58.7764778137207,6.0,180.0
368.808779625934,-90.53531368388606,-4.768520691359292,58.7764778137207,6.0,180.0
369.3848433813189,-90.99210955017456,-4.233017030466375,58.67645263671875,6.0,180.0
370.033029748764,-91.45648851515188,-3.557228862570172,58.5764274597168,6.0,180.0
370.7501468091126,-91.70918069555148,-2.972299573069776,58.47666549682617,6.0,180.0
371.64425992020506,-91.77436894494576,-2.693069728290345,58.37649536132812,6.0,180.0
372.9048464716693,-91.92212724151948,-2.5068596994321224,58.27651977539062,6.0,180.0
374.29989815944646,-92.21948447432112,-2.337686591738981,58.17649841308594,6.0,180.0
375.4708210215772,-92.34111367930608,-2.2386026386608773,58.17649841308594,6.0,180.0
376.41064082386777,-92.25460072937967,-2.193336125477643,58.07643890380859,6.0,180.0
377.1781075057637,-92.20189771624196,-2.292895684641099,57.97653961181641,6.0,180.0
377.81449642298617,-92.19662398911436,-2.5410384804327686,57.87639236450195,6.0,180.0
378.4114290411172,-92.28771426232947,-2.5236225843579945,57.77652359008789,6.0,180.0
379.0029788897861,-92.55416746652304,-2.003436683111349,57.67663192749023,6.0,180.0
379.7549912615633,-92.93986020096828,-1.3546254504112598,57.57655334472656,6.0,180.0
380.81883902554,-93.38029810304047,-0.9892904011083417,57.47651290893555,6.0,180.0
382.07422572511456,-93.8674105353271,-1.042553844960964,57.47651290893555,6.0,180.0
383.2978467129882,-94.35961417434572,-1.1824753075269934,57.37649536132812,6.0,180.0
384.2096237967467,-94.79544437850164,-1.1877064094095615,57.27642822265625,6.0,180.0
384.8289634985599,-95.18666527710522,-1.23073428198739,57.17653656005859,6.0,180.0
385.47671365944456,-95.38009829686176,-1.3605390867305545,57.07646179199219,6.0,180.0
386.24731702157646,-95.4750572075381,-1.2528971359920815,56.97650909423828,6.0,180.0
387.2067645359109,-95.73150797756156,-0.7124231476994742,56.87659072875977,6.0,180.0
388.3737857198309,-96.08191796298064,-0.0857495497678195,56.87659072875977,6.0,180.0
389.530760186802,-96.40709192142408,0.441964693198754,56.77651214599609,6.0,180.0
390.6091910015099,-96.58526557485712,0.802900043693695,56.67649841308594,6.0,180.0
391.6700657852234,-96.62242356639308,0.9378834555868512,56.57651138305664,6.0,180.0
392.7266683373961,-96.571419436507,0.8413487783221978,56.47649765014648,6.0,180.0
393.5371165253948,-96.48383153996652,0.7390204768436028,56.37652587890625,6.0,180.0
393.9008131125243,-96.45845198054764,0.7287207437248906,56.27648544311523,6.0,180.0
394.2162416536629,-96.40170521296524,0.4592068713100143,56.1765022277832,6.0,180.0
394.8438160200184,-96.25757004645806,-0.1158751617743298,56.1765022277832,6.0,180.0
395.7220733079621,-96.2107321215063,-0.9463732638348406,56.07658004760742,6.0,180.0
396.59064829120587,-96.23413042303387,-1.82964490616758,55.97657775878906,6.0,180.0
397.2797678567177,-96.21863920365284,-2.3391965258154794,55.87648391723633,6.0,180.0
398.0699927761483,-96.24980277572864,-2.36734046261439,55.77653121948242,6.0,180.0
399.2239678998069,-96.29562026389088,-2.139799833982288,55.67657852172852,6.0,180.0
400.6258591562789,-96.3382757603024,-1.8819790525214524,55.5764045715332,6.0,180.0
402.0344944152193,-96.4232690112008,-1.5615929912497144,55.5764045715332,6.0,180.0
403.2856705999676,-96.4984900993576,-1.012729478118367,55.47653198242188,6.0,180.0
404.3519868091517,-96.55665369867182,-0.4793184086062254,55.37641143798828,6.0,180.0
405.2484121960375,-96.63965716168936,-0.1813839785968918,55.27647018432617,6.0,180.0
405.8071692966101,-96.76386810283368,-0.0062042729182092,55.1765251159668,6.0,180.0
406.03258430844704,-97.01089729353694,0.0956376836465446,55.07649993896484,6.0,180.0
406.3077781176083,-97.42633440079896,0.293481800165547,54.97658538818359,6.0,180.0
406.6566588456976,-97.88174890052964,0.5371760785559463,54.87652969360352,6.0,180.0
407.0722662639603,-98.34947819380244,0.7811916977780928,54.87652969360352,6.0,180.0
407.79616918052665,-98.81071565749843,1.081886394478241,54.77651214599609,6.0,180.0
408.7011416252244,-99.14921353078134,1.2721607236021413,54.67644119262695,6.0,180.0
409.6271849226158,-99.44003124199337,1.2247079930059943,54.57638931274414,6.0,180.0
410.5589173234773,-99.78140520543282,1.0683495393533464,54.47649765014648,6.0,180.0
411.39739696802417,-100.08312122518268,0.971852143510767,54.3764533996582,6.0,180.0
412.2276978995212,-100.17964290785858,0.8299190373148937,54.27644348144531,6.0,180.0
413.09322332914047,-100.2794032884508,0.7363803291154056,54.176513671875,6.0,180.0
413.9848037973189,-100.69299083627638,0.7390185674535861,54.176513671875,6.0,180.0
415.178437882349,-101.11583823634976,0.615214709508014,54.07653045654297,6.0,180.0
416.6672743844453,-101.25447175151965,0.3333084566627979,53.97651672363281,6.0,180.0
418.138003973744,-101.32401496891715,-0.1033755840433894,53.87644958496094,6.0,180.0
419.4638162083145,-101.54278455826058,-0.656192595203243,53.77653884887695,6.0,180.0
420.6686951512445,-101.909853678975,-1.0944992918164536,53.67650985717773,6.0,180.0
421.7541387875374,-102.25588561368532,-1.35435070943684,53.57660293579102,6.0,180.0
422.6483826199913,-102.37884022806756,-1.4301979795344364,53.57660293579102,6.0,180.0
423.397778967504,-102.3597205478883,-1.272474457394905,53.47663879394531,6.0,180.0
424.1078116916007,-102.4281445716112,-0.9863062877584836,53.37638473510742,6.0,180.0
424.8264144924547,-102.56789596093044,-0.434695558161132,53.27643585205078,6.0,180.0
425.5182477839391,-102.7088120212128,0.0877771940536273,53.17645645141602,6.0,180.0
426.0178470081473,-102.90304661207848,0.0034941424646932,53.07649230957031,6.0,180.0
426.0129380198566,-103.03495154297757,-0.358728353762368,52.97666168212891,6.0,180.0
425.6571775304348,-103.07423642268792,-0.5453182219962756,52.87659454345703,6.0,180.0
425.57546148837,-103.12384147295116,-0.3905564481988524,52.87659454345703,6.0,180.0
425.8192704521241,-103.04327107502073,0.1019873601563157,52.77658081054688,6.0,180.0
426.01954932073954,-102.85202963026364,0.7081678512979472,52.67646789550781,6.0,180.0
425.98099060984856,-102.75195914424572,1.3426159446801096,52.57650375366211,6.0,180.0
425.6419699232626,-102.68924748192607,2.0501305781118395,52.47674942016602,6.0,180.0
425.03013677385496,-102.57308174691666,2.781023642255379,52.37653350830078,6.0,180.0
424.389974186048,-102.37853099828352,3.4370367002085427,52.27649688720703,6.0,180.0
423.9477225881944,-102.0421781035578,4.141532321602544,52.27649688720703,6.0,180.0
423.8628946798462,-101.7791125671181,4.844515879596023,52.17644119262695,6.0,180.0
424.6696015037518,-101.95183749539004,5.3430577908666725,52.0764045715332,6.0,180.0
426.1361674038684,-102.4931501635314,5.770102611785509,51.97658538818359,6.0,180.0
427.2264909123241,-103.1743722457812,6.378702075627828,51.87656021118164,6.0,180.0
428.2490964151037,-104.04318181735404,6.956405430426306,51.77648544311523,6.0,180.0
429.6838165957646,-105.03118901000848,7.007545626407403,51.676513671875,6.0,180.0
431.0308412980464,-105.83754640916403,6.569020599736317,51.57654190063477,6.0,180.0
432.2219284345006,-106.43844092659712,6.035768812099866,51.57654190063477,6.0,180.0
433.5091218781391,-107.00320899515864,5.436685365261335,51.47645568847656,6.0,180.0
434.7313512564817,-107.46325238779472,4.615780753747774,51.37652969360352,6.0,180.0
435.5833822853861,-107.7903130636258,3.95489560051492,51.27660369873047,6.0,180.0
436.303111248004,-108.08529254493553,3.775614027117931,51.17651748657227,6.0,180.0
437.1277151154154,-108.30323411259616,3.83695537602756,51.07653427124023,6.0,180.0
437.6937093091984,-108.43212729455684,4.024055275748736,50.97657775878906,6.0,180.0
438.1232394864447,-108.47132588915426,4.336583400447939,50.97657775878906,6.0,180.0
438.83268923750194,-108.34999933976552,4.634074384463435,50.87638854980469,6.0,180.0
439.9457153134477,-108.11351375696869,4.723618361568263,50.77651596069336,6.0,180.0
441.4763221799755,-107.99930439647235,4.467726896490834,50.6765251159668,6.0,180.0
442.85410504504057,-108.19599608748038,3.999641621311416,50.57647323608398,6.0,180.0
443.75541201693113,-108.50593302061505,3.660378857447711,50.47647476196289,6.0,180.0
444.61308277051376,-108.69192373912706,3.6511621518824926,50.37644958496094,6.0,180.0
445.57279867254886,-108.78944327947706,3.926394657262035,50.2764892578125,6.0,180.0
446.5663384051047,-108.95742877313054,4.418233582350312,50.2764892578125,6.0,180.0
447.5084072830282,-109.2600408041884,5.106139986595459,50.17646789550781,6.0,180.0
448.3389635503224,-109.4184971999764,5.760171903457152,50.07656860351562,6.0,180.0
449.396571133053,-109.39408800692668,6.0960432269931735,49.97651290893555,6.0,180.0
450.7624753280693,-109.4657556075946,6.255729323396208,49.87648010253906,6.0,180.0
452.0014272998391,-109.59616868276248,6.541683575456744,49.7764892578125,6.0,180.0
452.95300108189,-109.77426252274056,6.861672723230871,49.67650985717773,6.0,180.0
453.7026850968258,-110.09560672980162,6.897721561304342,49.57654571533203,6.0,180.0
454.2696610277866,-110.4461080962316,6.6342487771601695,49.57654571533203,6.0,180.0
454.7997145899185,-110.77569807497396,6.305568671224614,49.47651290893555,6.0,180.0
455.3889587340775,-111.21550923319018,6.012100885156236,49.37644577026367,6.0,180.0
456.146998461138,-111.63275346542618,5.7304961913480215,49.27642822265625,6.0,180.0
457.1086746395941,-111.6580740536179,5.413136465258,49.17653274536133,6.0,180.0
458.1459080917005,-111.45295078220886,5.187041818706504,49.0765380859375,6.0,180.0
459.2756256435973,-111.49171769977244,5.290287897189593,48.97645568847656,6.0,180.0
460.4704898627962,-111.73344522137155,5.714058442841414,48.97645568847656,6.0,180.0
461.3149303528236,-111.93356133338004,6.380001301356197,48.87647247314453,6.0,180.0
461.58709739636055,-112.0673492620771,7.081400613605297,48.77653884887695,6.0,180.0
461.8654420173172,-112.24597170009388,7.5132598222717455,48.67650604248047,6.0,180.0
462.5735931905906,-112.54434201690265,7.648964663394558,48.57648086547852,6.0,180.0
463.333011113248,-112.79478400899436,7.737599436198646,48.47649002075195,6.0,180.0
463.8007642837494,-112.92661439724954,7.998036665918111,48.37644195556641,6.0,180.0
464.1849633584226,-113.17290950444358,8.233589687991934,48.27656173706055,6.0,180.0
464.652073536744,-113.56436490268224,8.270524208546071,48.27656173706055,6.0,180.0
465.2494845822793,-113.9323905057349,8.19517566473223,48.17657470703125,6.0,180.0
465.9535772738211,-114.26897175079657,7.904310441971243,48.07653427124023,6.0,180.0
466.5298383409228,-114.43048391854936,7.3493521730352755,47.97649383544922,6.0,180.0
467.1305245739998,-114.27599124229828,6.837046542309958,47.87655639648438,6.0,180.0
468.276912682132,-114.14193636271035,6.729365347402312,47.77652359008789,6.0,180.0
469.8092888036864,-114.21401229934072,7.07258849639875,47.67651748657227,6.0,180.0
471.010893292122,-114.36254891410104,7.601970619729388,47.67651748657227,6.0,180.0
471.9412358717779,-114.53685491260588,8.020608545676058,47.57654190063477,6.0,180.0
472.9048145414383,-114.749920975369,8.275066131392157,47.47643661499023,6.0,180.0
473.9063423152303,-115.10010047319008,8.422668115933927,47.3765983581543,6.0,180.0
475.04845394845216,-115.60787447259118,8.459035322836222,47.27671051025391,6.0,180.0
476.30778987646914,-116.12624797036536,8.343106626115173,47.17670822143555,6.0,180.0
477.5886603489425,-116.49907997872072,8.094852878740337,47.07648849487305,6.0,180.0
478.9043731350456,-116.82034567423791,7.771827108448374,46.97632598876953,6.0,180.0
480.111207556424,-117.09730759590278,7.424040732139248,46.97632598876953,6.0,180.0
481.0034155977839,-117.12902272345688,7.302715069019637,46.87648010253906,6.0,180.0
481.6413261717632,-116.99535199464746,7.580050183246057,46.77648544311523,6.0,180.0
482.0034844285606,-116.8001918294058,8.188343511182183,46.67641448974609,6.0,180.0
482.11180608239226,-116.41712928788242,8.685845211168578,46.57646560668945,6.0,180.0
482.1560123173076,-116.06745030125516,8.645095382014535,46.47649383544922,6.0,180.0
482.0696939202024,-116.01651916241975,8.322801523266719,46.37664413452148,6.0,180.0
481.7986215566892,-116.04033773063423,7.9982068980592835,46.37664413452148,6.0,180.0
481.4989862206229,-116.09556801939463,7.619294212741463,46.27679824829102,6.0,180.0
481.3825427139578,-116.30497682214356,7.281348478568499,46.17647933959961,6.0,180.0
481.7863425781726,-116.63369559169848,7.0583200580798655,46.07652282714844,6.0,180.0
482.5930482426828,-117.09959846797368,6.730182152844203,45.97651290893555,6.0,180.0
483.3566046093608,-117.67325022214892,6.39733402044079,45.87649536132812,6.0,180.0
484.1408473467933,-118.24438178131966,6.363406843442843,45.77661514282227,6.0,180.0
484.9912044642477,-118.83485066241354,6.605681530267035,45.67655181884766,6.0,180.0
485.7279291409876,-119.47861965595024,7.078360744671236,45.67655181884766,6.0,180.0
486.5161834701413,-120.07239983948269,7.504242335377766,45.57659912109375,6.0,180.0
487.4421724001089,-120.41616253327892,7.525012847621653,45.47651290893555,6.0,180.0
488.3410445490552,-120.45779063294194,7.250779443842214,45.37657928466797,6.0,180.0
489.2156964571009,-120.45079021740666,6.838291694261619,45.27650833129883,6.0,180.0
489.8703889765287,-120.5215082360461,6.303038736096147,45.17625427246094,6.0,180.0
490.000503268166,-120.68187256858462,5.800910511618371,45.07640838623047,6.0,180.0
489.8264239788368,-120.85096560041002,5.542062605945417,44.97629547119141,6.0,180.0
489.6726952859824,-120.80612322482963,5.532007882923355,44.97629547119141,6.0,180.0
489.5322162602373,-120.5271581566442,5.724953872469756,44.87641525268555,6.0,180.0
489.3634486939509,-120.11284094685271,6.1465032038532685,44.77648162841797,6.0,180.0
489.2721127594183,-119.729746900072,6.743453732210714,44.67635726928711,6.0,180.0
489.4098075098928,-119.46608575340818,7.480288142728918,44.57654190063477,6.0,180.0
490.1879130988812,-119.43226517001904,8.106420292100205,44.47652435302734,6.0,180.0
491.7359559969357,-119.60905677630156,8.411026741409758,44.3765754699707,6.0,180.0
493.4894277868517,-119.72343214782263,8.481887746459527,44.3765754699707,6.0,180.0
495.1539524514734,-119.80160170252998,8.204966947807396,44.27654266357422,6.0,180.0
496.9022286406219,-119.88646555335146,7.558475495620471,44.17642974853516,6.0,180.0
498.64281408431344,-119.92989955371498,6.916237940773144,44.07648468017578,6.0,180.0
499.9345139475154,-119.9610550260475,6.703432998730407,43.97645950317383,6.0,180.0
500.8203862521391,-120.00781475926706,6.879267543089187,43.87651443481445,6.0,180.0
501.63092103163024,-120.0588628149791,6.881936182775791,43.776611328125,6.0,180.0
502.2330866633292,-120.13384148957223,6.3358793676241305,43.67669677734375,6.0,180.0
502.33266386792985,-120.3871862029761,5.395867841132729,43.67669677734375,6.0,180.0
502.04806495345866,-120.81813493240742,4.482509616832109,43.57657623291016,6.0,180.0
501.9884790569352,-121.41324731909236,3.815390311608322,43.47656631469727,6.0,180.0
502.30184893987786,-122.06356588124002,3.384287909988193,43.37646484375,6.0,180.0
502.3689476322133,-122.58418554062148,3.1263872185511223,43.27651214599609,6.0,180.0
502.0421278502585,-123.01135705884585,2.8944825001953225,43.17662811279297,6.0,180.0
501.6864539859464,-123.14779789768382,2.6203792191035964,43.07654571533203,6.0,180.0
501.4296886577836,-122.78724963979228,2.38440849625008,43.07654571533203,6.0,180.0
501.1853610359316,-122.2131369985068,2.3980637077743,42.97641372680664,6.0,180.0
500.7331702201578,-121.64657726983256,2.745226948019062,42.87639999389648,6.0,180.0
499.7476986445792,-120.92237200908733,3.365163613427737,42.77642440795898,6.0,180.0
498.07880101160015,-120.11403160749283,4.148252498272889,42.67654800415039,6.0,180.0
496.2584680495822,-119.56155867527283,4.670296371502705,42.57680511474609,6.0,180.0
495.1725160518668,-119.3862751535989,4.659019768376866,42.47649765014648,6.0,180.0
494.74431843841126,-119.39101610050848,4.323104277564728,42.37634658813477,6.0,180.0
494.5152880092065,-119.44766598940993,3.8639592666436977,42.37634658813477,6.0,180.0
494.7190331198871,-119.69813433032748,3.496030863342849,42.2763786315918,6.0,180.0
495.3245658257068,-120.03902262935031,3.51935266168059,42.17655944824219,6.0,180.0
496.0204454073962,-120.34546312118871,3.865991491749276,42.07653045654297,6.0,180.0
496.67991410241495,-120.61130921441035,4.322369602957551,41.97654342651367,6.0,180.0
497.29718830029134,-120.70406532799902,4.915145862231072,41.87644958496094,6.0,180.0
498.4019314309372,-120.78950023062558,5.251850858344581,41.77652359008789,6.0,180.0
499.93879113260846,-120.98168668066924,4.990583982298172,41.77652359008789,6.0,180.0
500.905327553967,-121.01838464434589,4.543981780185995,41.67674255371094,6.0,180.0
501.486634733565,-120.967949458698,4.025892141043788,41.57645034790039,6.0,180.0
502.1878717716868,-121.06307206247354,3.262854139099267,41.47632598876953,6.0,180.0
502.387941762799,-121.14367268405246,2.387733172113082,41.37639999389648,6.0,180.0
501.6442578519486,-120.92595136402367,1.598482763945591,41.27650833129883,6.0,180.0
500.6310093342346,-120.56452616591906,1.0507873514220814,41.17656326293945,6.0,180.0
500.6825933890621,-120.53561339729104,0.7209793186823346,41.07645034790039,6.0,180.0
501.9751117865308,-120.79891411809773,0.4036526377255285,41.07645034790039,6.0,180.0
503.5441279060715,-120.92596122753592,-0.003486066850499,40.97652435302734,6.0,180.0
505.2423288244009,-120.85137885745532,-0.535395652290279,40.87642669677734,6.0,180.0
507.1797503157062,-120.72369422630372,-1.0868346739537458,40.77657318115234,6.0,180.0
508.879295706371,-120.64530765131704,-1.503603634915487,40.67664337158203,6.0,180.0
510.0358231195139,-120.73374515227512,-1.7452413172835015,40.57640838623047,6.0,180.0
510.8622372724422,-120.98072764265892,-1.7026998022535036,40.47649002075195,6.0,180.0
511.7646526075125,-121.2513360944591,-1.5438387016266626,40.47649002075195,6.0,180.0
513.0039359557725,-121.48430107421888,-1.577569673240678,40.37641143798828,6.0,180.0
514.523394663613,-121.77749350000018,-1.7757337746656914,40.2764892578125,6.0,180.0
515.907410733535,-122.21445556497142,-2.1267521000351417,40.17661666870117,6.0,180.0
517.0295948748875,-122.8524536913819,-2.634458183283458,40.07658386230469,6.0,180.0
517.9483729622125,-123.57547137949597,-3.08931230234602,39.97645950317383,6.0,180.0
518.5054598924213,-124.08251064724392,-3.5056169527100325,39.87643814086914,6.0,180.0
518.7020378683458,-124.39706878786878,-3.9447138976754266,39.77657318115234,6.0,180.0
518.6606801039875,-124.553759260265,-4.266533663164929,39.77657318115234,6.0,180.0
518.6453493841279,-124.43883495269874,-4.573815986090634,39.67653656005859,6.0,180.0
518.9199548952806,-124.16576488543994,-5.044224372074955,39.5762825012207,6.0,180.0
519.4337513491456,-123.8829671820414,-5.5663069301729005,39.47624588012695,6.0,180.0
520.0886822976331,-123.59525156502848,-6.008357425402526,39.37636566162109,6.0,180.0
520.80333694813,-123.2763441320326,-6.383379701281366,39.27650833129883,6.0,180.0
521.5429363874359,-123.17180100420248,-6.774008077149697,39.1765022277832,6.0,180.0
522.3056410770284,-123.50802048819332,-7.162594584327858,39.07651901245117,6.0,180.0
523.0001400270768,-124.03635655904864,-7.480356499099263,39.07651901245117,6.0,180.0
523.4568142162364,-124.38490770189333,-7.702294904423045,38.97672653198242,6.0,180.0
523.5735999317714,-124.57102966706718,-7.691892432515898,38.87673187255859,6.0,180.0
523.5501474701852,-124.79937684602704,-7.594764795150114,38.77654647827148,6.0,180.0
523.7093367601642,-124.94271058106516,-7.62417163231404,38.67660522460938,6.0,180.0
523.8830598632301,-124.88555915669708,-7.675103174339793,38.57645416259766,6.0,180.0
523.672822896624,-124.675541164771,-7.746572428681547,38.47656631469727,6.0,180.0
523.3619019190867,-124.41612736705876,-7.941515644661182,38.47656631469727,6.0,180.0
523.4015327147632,-124.20577610665244,-8.349853895841711,38.37654113769531,6.0,180.0
523.5728247619785,-123.96452358889864,-8.828387967892748,38.27649688720703,6.0,180.0
523.5147028106043,-123.68055660189953,-9.08821320885696,38.17668914794922,6.0,180.0
523.4412199664896,-123.47013398047858,-9.225786625125671,38.07650375366211,6.0,180.0
523.529098552305,-123.41615721589758,-9.37616293158602,37.97644805908203,6.0,180.0
523.6554504277259,-123.46449007039458,-9.573831174995274,37.87634658813477,6.0,180.0
523.907388920663,-123.60183754740284,-9.88351022655491,37.7763786315918,6.0,180.0
524.1732101763746,-123.83403443427198,-10.024720994266904,37.7763786315918,6.0,180.0
524.2940964231774,-124.0338521739132,-9.750921706034664,37.67654418945312,6.0,180.0
524.3944062792849,-124.16243472331782,-9.359383133487803,37.57648468017578,6.0,180.0
524.5784659838962,-124.255195066523,-9.313746470648288,37.47658920288086,6.0,180.0
524.8061320584773,-124.26241914479128,-9.679648440318832,37.37658309936523,6.0,180.0
525.008422228831,-124.14610726164376,-10.233194005677602,37.27647399902344,6.0,180.0
525.0550960412234,-124.0391092898548,-10.947651523159308,37.17653274536133,6.0,180.0
524.8102738026807,-123.97332845682276,-11.659730696616856,37.17653274536133,6.0,180.0
524.633099461606,-123.76071314881904,-12.078580768372612,37.07658004760742,6.0,180.0
524.6296765136951,-123.43263926029395,-12.39305204143043,36.97651672363281,6.0,180.0
524.544088085187,-123.1310342810851,-12.934248267502143,36.87656784057617,6.0,180.0
524.7307638936633,-122.84768189644548,-13.750568742359084,36.77654266357422,6.0,180.0
525.4466824759681,-122.67802931032864,-14.66351560515113,36.67663955688477,6.0,180.0
526.4342171238369,-122.81044077460592,-15.35154928423102,36.57668304443359,6.0,180.0
527.3433170760978,-122.99517796126688,-15.64869261904036,36.47654342651367,6.0,180.0
527.8362599291712,-122.82478071025936,-15.680575995773282,36.47654342651367,6.0,180.0
527.8820776242582,-122.58929894700005,-15.52061505428444,36.37650299072266,6.0,180.0
527.5293542491103,-122.66385755701364,-15.248340612714472,36.27641677856445,6.0,180.0
526.8321878741139,-122.84368714359324,-15.084735977191094,36.17651748657227,6.0,180.0
526.1382912225458,-122.8633040554836,-15.134420320919382,36.07654571533203,6.0,180.0
525.8286756375772,-122.80771403960054,-15.268880022034432,35.9764518737793,6.0,180.0
525.8238814499564,-122.76449367677196,-15.419072994714496,35.87643432617188,6.0,180.0
525.8076843409499,-122.66965421859156,-15.695784735895703,35.87643432617188,6.0,180.0
525.8165203871038,-122.48452708764098,-16.04430920111074,35.77644729614258,6.0,180.0
525.8662991764412,-122.28353366011814,-16.3917139473314,35.67651748657227,6.0,180.0
525.8470610257602,-122.17002064910928,-16.81773099137235,35.57650756835938,6.0,180.0
525.7614323174953,-121.96074727542904,-17.308160683534126,35.47652435302734,6.0,180.0
525.5313671782724,-121.56464014915892,-17.651585501151345,35.37646865844727,6.0,180.0
525.1354201953933,-121.1773186198489,-17.774541888554815,35.2763786315918,6.0,180.0
524.7160774140907,-120.934144491698,-17.963284708589896,35.17647171020508,6.0,180.0
524.4999086443796,-120.87294403715964,-18.4343070973247,35.17647171020508,6.0,180.0
524.4995724697695,-120.94800765917944,-19.025143818685088,35.07643127441406,6.0,180.0
524.4743509999337,-121.15789140847,-19.483552014283195,34.97643661499023,6.0,180.0
524.4788077347813,-121.56564222378672,-19.84949358526288,34.8765869140625,6.0,180.0
524.5805510475786,-121.9486651266768,-20.2299924341156,34.77648544311523,6.0,180.0
524.6327865295378,-122.03091372376868,-20.63168100041,34.67649078369141,6.0,180.0
524.5778097708151,-121.91339958362352,-20.98693251208443,34.57657623291016,6.0,180.0
524.3622507091437,-121.70751672791488,-21.17250538398471,34.47638702392578,6.0,180.0
523.9673411334138,-121.4342342359055,-21.17536120656675,34.47638702392578,6.0,180.0
523.4579494120861,-121.16880669993158,-21.040422838864068,34.37649154663086,6.0,180.0
522.9025453770975,-120.97706450589632,-20.824177009728977,34.27648544311523,6.0,180.0
522.2807966000078,-120.90168097808731,-20.57490655736424,34.17655563354492,6.0,180.0
521.7208759206759,-120.84425019602004,-20.31209545904316,34.07658767700195,6.0,180.0
521.5353029906008,-120.64703322167831,-20.155711405154705,33.97649383544922,6.0,180.0
521.5776723120919,-120.29094669185623,-20.185521240390464,33.87649536132812,6.0,180.0
521.6505859569063,-120.02604919747922,-20.34727991506432,33.87649536132812,6.0,180.0
521.9313616760799,-119.91804058953647,-20.727360039511744,33.77652359008789,6.0,180.0
522.322766912802,-119.75303252783236,-21.30682540192757,33.67657470703125,6.0,180.0
522.6087276157983,-119.576179914591,-21.908594313442727,33.5765495300293,6.0,180.0
522.8603285727826,-119.44159835217064,-22.48514649620156,33.47649765014648,6.0,180.0
523.0533884288167,-119.29559572587569,-22.93548626377429,33.37646102905273,6.0,180.0
523.0634749643491,-119.1444105481058,-23.349594313836057,33.27652359008789,6.0,180.0
522.7603050643677,-118.89187418190475,-23.91564642831385,33.17664337158203,6.0,180.0
522.0404421900835,-118.51305154429262,-24.55703427501744,33.17664337158203,6.0,180.0
521.0918731325924,-118.1637665893915,-25.12834912951155,33.07655715942383,6.0,180.0
520.2729139891047,-117.91112272709871,-25.60442816464396,32.97650909423828,6.0,180.0
519.9573640227968,-117.66897120719808,-26.001426320055423,32.87646102905273,6.0,180.0
519.9025055457682,-117.43367476808618,-26.27659085524328,32.77640533447266,6.0,180.0
519.7186231394114,-117.43397601956345,-26.527658906353327,32.67658615112305,6.0,180.0
519.5630580374014,-117.6575228430845,-26.722613331919,32.57658386230469,6.0,180.0
519.4405471045171,-117.7834175893659,-26.772844954250417,32.57658386230469,6.0,180.0
519.4456044562238,-117.84756155393576,-26.855244148186024,32.47642517089844,6.0,180.0
519.6625583546121,-117.91779492189,-27.022620210258303,32.37647247314453,6.0,180.0
519.7946471186881,-117.8282771123351,-27.158099160148897,32.27653884887695,6.0,180.0
519.6102642408272,-117.67203586465872,-27.294365285603728,32.17661285400391,6.0,180.0
519.2328065091142,-117.60663902888636,-27.48963892791337,32.07647323608398,6.0,180.0
518.9901497687861,-117.52377819653076,-27.706229167563368,31.97647285461426,6.0,180.0
518.9104286344664,-117.2929832857871,-27.70487895953973,31.87649917602539,6.0,180.0
518.7426979763243,-116.96236076598184,-27.4025934476344,31.87649917602539,6.0,180.0
518.4612714775587,-116.62084847124405,-27.29715200904436,31.77651977539062,6.0,180.0
518.2172971935776,-116.29514391366524,-27.60061274898328,31.67661285400391,6.0,180.0
518.0357038118617,-116.01350895995984,-28.18430445839507,31.57649421691895,6.0,180.0
517.9577640226352,-115.9181130328132,-29.04966000148292,31.47652053833008,6.0,180.0
517.9612264612023,-115.96616673466735,-30.02279777292556,31.37652397155762,6.0,180.0
517.8511250288327,-115.82884567188025,-30.940696898374338,31.27651786804199,6.0,180.0
517.5787852167904,-115.39286882294888,-31.7875403916767,31.27651786804199,6.0,180.0
517.1987207332874,-114.90695015651912,-32.5658021682034,31.1766300201416,6.0,180.0
516.6500509611249,-114.61473852224582,-33.24556913848994,31.07648849487305,6.0,180.0
515.887865517077,-114.4076176769233,-33.837915475619944,30.97642135620117,6.0,180.0
514.7080899621188,-114.20334682394432,-34.34509194897042,30.87644195556641,6.0,180.0
513.068120247443,-114.0396222959798,-34.65889843577704,30.77646446228027,6.0,180.0
511.3524409544333,-113.77740851446512,-34.778945706874715,30.67668533325195,6.0,180.0
509.7849909026261,-113.45868669453222,-34.83807967253695,30.5767707824707,6.0,180.0
508.5434130769051,-113.20119467815994,-34.88660456888627,30.5767707824707,6.0,180.0
507.84571911090575,-112.9683950397148,-34.89735531618621,30.47669792175293,6.0,180.0
507.56485540178096,-112.80769488292248,-34.941203356022896,30.37658500671387,6.0,180.0
507.506176706662,-112.66424934658292,-35.04142145585033,30.27639961242676,6.0,180.0
507.5889815978362,-112.4238122117256,-35.07417609024289,30.17644309997559,6.0,180.0
507.61174923671183,-112.30354049728022,-35.06160367164963,30.07643508911133,6.0,180.0
507.3158490076454,-112.38244435569214,-35.14857907031856,29.97646713256836,6.0,180.0
506.6675710066948,-112.37508913525735,-35.26083389657737,29.87643241882324,6.0,180.0
505.872551516079,-112.21648597455008,-35.19932199790329,29.87643241882324,6.0,180.0
504.93307125256905,-112.0606314372598,-35.0784931405982,29.77643966674805,6.0,180.0
503.7832424797707,-111.96246282333772,-35.28690629794677,29.67643356323242,6.0,180.0
502.56246483082,-111.95214939893062,-35.864356707291584,29.57658195495605,6.0,180.0
501.3239189357007,-112.04831993585428,-36.53135209989058,29.47660636901855,6.0,180.0
500.1010417176666,-112.14790140511252,-37.093810994301954,29.37651824951172,6.0,180.0
498.95673271504256,-112.03864291066247,-37.42349253058446,29.27637481689453,6.0,180.0
497.9769650121155,-111.53813408421703,-37.5723831639441,29.27637481689453,6.0,180.0
497.348206179746,-110.73514040511458,-37.59969356813198,29.17641448974609,6.0,180.0
496.92806189539743,-109.90179232118884,-37.526901895978,29.07642936706543,6.0,180.0
496.49573908420905,-109.3096777764322,-37.67094594773084,28.97645378112793,6.0,180.0
496.09136533100747,-108.95930389539156,-38.166909810306414,28.87650871276855,6.0,180.0
495.4954856080065,-108.59033369801652,-38.5742277107656,28.7765007019043,6.0,180.0
494.3979106642801,-108.03219627080163,-38.799875690504855,28.67654228210449,6.0,180.0
492.7865885334389,-107.45170868580874,-39.08899153150448,28.57645797729492,6.0,180.0
490.9667604236097,-107.19674466520516,-39.13290427463292,28.57645797729492,6.0,180.0
489.32946499202495,-107.21000101846468,-38.95469827140337,28.47653388977051,6.0,180.0
488.1388793948219,-107.186186468945,-38.86061371248265,28.37645721435547,6.0,180.0
487.365434565995,-106.89772795640565,-38.73248245483553,28.27641677856445,6.0,180.0
486.764317388357,-106.41627386014348,-38.70332915943706,28.17657852172852,6.0,180.0
486.1818118726171,-106.1301040883276,-38.8142946998365,28.07642936706543,6.0,180.0
485.3921108008826,-106.15178537497502,-38.73868526214758,27.97652626037598,6.0,180.0
484.4463150133853,-106.19711131802352,-38.46201054297657,27.97652626037598,6.0,180.0
483.5400830127704,-106.06571618823028,-38.20413193554083,27.87654495239258,6.0,180.0
482.50881061419466,-105.81439441059275,-37.9830877720354,27.77649116516113,6.0,180.0
481.3661393815008,-105.43689366784912,-37.94793871376402,27.67655372619629,6.0,180.0
480.26459070454166,-104.96513881059464,-38.26648031300912,27.57652854919434,6.0,180.0
479.1875580417483,-104.44189477332552,-38.83659962924313,27.47653198242188,6.0,180.0
478.143702209117,-103.78248284137806,-39.4796872841992,27.37653350830078,6.0,180.0
477.09398059592655,-103.18384489415308,-39.99901815245419,27.27641296386719,6.0,180.0
476.0164622573109,-102.91013712257347,-40.56733180063345,27.27641296386719,6.0,180.0
474.9499512289668,-102.830465483651,-41.2095153302703,27.1765079498291,6.0,180.0
473.8629426267999,-102.66032294050213,-41.55047696759755,27.07649993896484,6.0,180.0
472.5205819344076,-102.33013326160702,-41.6430854086125,26.97660064697266,6.0,180.0
471.0619243002469,-101.97823541986054,-41.84618282539928,26.87663269042969,6.0,180.0
470.0266881405199,-101.85279321607744,-42.224178980479216,26.77654457092285,6.0,180.0
469.403866299508,-101.9803286751246,-42.62993658306063,26.67650413513184,6.0,180.0
468.6866362782768,-102.08691296390006,-43.02096121227768,26.67650413513184,6.0,180.0
467.5724308970041,-101.9575913505498,-43.37872561619555,26.57650566101074,6.0,180.0
466.3067439653703,-101.6082316040245,-43.63041071814,26.4764575958252,6.0,180.0
465.1120370603597,-101.24638231945116,-43.7179536119491,26.37648963928223,6.0,180.0
463.8715059994632,-100.89496920644424,-43.64311993366713,26.27648735046387,6.0,180.0
462.4814324142058,-100.3742360117168,-43.4167547293362,26.17656135559082,6.0,180.0
460.98077538687073,-99.75214882379322,-43.13626674147685,26.07640838623047,6.0,180.0
459.4583386229256,-99.20865348351954,-43.09730486383885,25.97651863098145,6.0,180.0
458.0209835408359,-98.64640321849576,-43.39068890846658,25.97651863098145,6.0,180.0
456.72546783789466,-97.98650580034672,-43.70785874925513,25.8764762878418,6.0,180.0
455.5179636663608,-97.37446268798092,-43.84449595342657,25.7764835357666,6.0,180.0
454.2464547905194,-96.96057580594696,-43.88363005655835,25.67648315429688,6.0,180.0
453.00699123681846,-96.67065293121188,-44.02576571045114,25.57642364501953,6.0,180.0
451.9904078500869,-96.30038099754324,-44.37992818618138,25.47660064697266,6.0,180.0
450.9846567017461,-95.96325422491114,-44.720021053492886,25.37666130065918,6.0,180.0
449.8143163952725,-95.90849512576398,-44.8694450695486,25.37666130065918,6.0,180.0
448.5087879773535,-96.06746950107932,-45.065244493675806,25.27651214599609,6.0,180.0
447.0811804153717,-96.18936180772904,-45.52366483731724,25.17649841308594,6.0,180.0
445.6187552628294,-96.10107642135844,-46.20732196689834,25.07636070251465,6.0,180.0
444.17204715310737,-95.822194274749,-46.89782311773337,24.9764289855957,6.0,180.0
442.6351882681514,-95.53639101483556,-47.45384462496325,24.87666893005371,6.0,180.0
441.22413424013513,-95.33495122056564,-47.94966296719623,24.7766227722168,6.0,180.0
440.101208455687,-94.98152275658671,-48.27522704592682,24.676513671875,6.0,180.0
438.917847659664,-94.25495996328934,-48.25237904103956,24.676513671875,6.0,180.0
437.5637332891795,-93.3038856431798,-47.84606213381586,24.57661056518555,6.0,180.0
436.1862242084633,-92.45542252376214,-47.16078559629249,24.47653770446777,6.0,180.0
434.84363308791217,-91.9629865482102,-46.37477225494544,24.37653160095215,6.0,180.0
433.49328214776045,-91.54039305476743,-45.6051481328195,24.27643203735352,6.0,180.0
432.0508590635398,-90.92120831674744,-45.07253436300218,24.17645645141602,6.0,180.0
430.547428991154,-90.3946290560119,-44.86865774762275,24.0765495300293,6.0,180.0
429.0943719949445,-90.01471638869995,-44.83828220106025,23.97640991210938,6.0,180.0
427.6705348754,-89.64913522721957,-44.89458218765009,23.97640991210938,6.0,180.0
426.1812111531486,-89.3197541757261,-45.06131491630139,23.87652397155762,6.0,180.0
424.7134129639871,-89.1029964280091,-45.22058012874908,23.77656173706055,6.0,180.0
423.3664002006519,-89.03569160929719,-45.177322431053184,23.67655181884766,6.0,180.0
422.0834446384643,-88.93545178118164,-45.09800736717198,23.57659721374512,6.0,180.0
420.5722657863047,-88.65728715632726,-45.2473075002743,23.47654724121094,6.0,180.0
418.80520174301336,-88.34380739450455,-45.60737323690926,23.37654495239258,6.0,180.0
417.2659633384017,-88.19515126341149,-45.87603294463808,23.37654495239258,6.0,180.0
415.9747734063076,-88.14286290192294,-45.86920445146106,23.27636909484863,6.0,180.0
414.6304559743687,-88.09762491497737,-45.578723969676886,23.17648887634277,6.0,180.0
413.2752233807402,-88.02173559739896,-44.94235075394753,23.07660293579102,6.0,180.0
411.84313509421867,-87.71141332151245,-44.448616948598776,22.9765453338623,6.0,180.0
410.036316580236,-87.305890774441,-44.57496260823668,22.87654113769531,6.0,180.0
407.9289667750656,-87.05700411370185,-44.94465292032928,22.77635955810547,6.0,180.0
405.8067807322494,-86.8351298079014,-45.180015580161935,22.67648696899414,6.0,180.0
403.71449637995545,-86.47260427309612,-45.27177568610752,22.67648696899414,6.0,180.0
401.722680962146,-86.0014534827154,-45.24709400626367,22.57651519775391,6.0,180.0
399.919568997664,-85.47328463844583,-45.3250871198392,22.47649765014648,6.0,180.0
398.2850028813151,-84.84226489587267,-45.65882250400733,22.37650489807129,6.0,180.0
396.7444206317911,-84.18457943555006,-45.994262885866775,22.27631568908691,6.0,180.0
395.1486061432397,-83.66537195674937,-46.153922043677454,22.1764030456543,6.0,180.0
393.3401269650674,-83.29057577174605,-46.19721310126671,22.07644271850586,6.0,180.0
391.2571389690106,-83.00936650872148,-46.04448575072975,22.07644271850586,6.0,180.0
388.9169653931179,-82.78033539066007,-45.67270337265766,21.97641372680664,6.0,180.0
386.4891421448471,-82.50620132224714,-45.291365213239615,21.87666130065918,6.0,180.0
384.20047364395,-82.19715401022464,-45.15992252481923,21.77677154541016,6.0,180.0
382.1465553614893,-81.83947092146937,-45.33384084646452,21.67662239074707,6.0,180.0
380.2963209522078,-81.4043190938327,-45.67019284503969,21.57657241821289,6.0,180.0
378.56020823889327,-81.05874189950266,-46.09334565078621,21.47646903991699,6.0,180.0
376.910992998915,-80.70378762111343,-46.58733441323834,21.37649345397949,6.0,180.0
375.1875211250568,-80.10712785871827,-47.16878882237165,21.37649345397949,6.0,180.0
373.1090155314331,-79.33797535059372,-47.71036480907234,21.27650833129883,6.0,180.0
370.6516355474664,-78.4277585236436,-47.8769766499307,21.17652130126953,6.0,180.0
368.1810304340803,-77.43440331529038,-47.703134574758224,21.07659912109375,6.0,180.0
365.9570211800342,-76.51947230821584,-47.59642452603567,20.97653198242188,6.0,180.0
363.9815548867568,-75.84223082059849,-47.53830878236163,20.87652206420898,6.0,180.0
362.2560837539783,-75.39236875907329,-47.31142891138407,20.77643775939941,6.0,180.0
360.61619878767925,-75.02970290030109,-46.93603299576758,20.77643775939941,6.0,180.0
358.99769789501994,-74.74504836962868,-46.44284522736567,20.67642784118652,6.0,180.0
357.2849701858461,-74.4046568562796,-45.85070047020286,20.57656097412109,6.0,180.0
355.2229481653185,-73.96080976154666,-45.21937072481455,20.47658729553223,6.0,180.0
352.8726502429844,-73.6507152158076,-44.731983042631,20.37656784057617,6.0,180.0
350.4136253976165,-73.57226793202194,-44.56070366663756,20.27639579772949,6.0,180.0
348.0245551069008,-73.46984094970018,-44.553071903256246,20.17654991149902,6.0,180.0
345.76376783118604,-73.0853706667588,-44.52218983244166,20.07650756835938,6.0,180.0
343.6056773947692,-72.54993789813136,-44.45704881672779,20.07650756835938,6.0,180.0
341.5451506119376,-71.93864105180103,-44.34317445403614,19.97641754150391,6.0,180.0
339.35508629206174,-71.21450979905387,-44.18663065650979,19.87649726867676,6.0,180.0
336.88181092185164,-70.57108195922166,-43.98916755445216,19.77642631530762,6.0,180.0
334.2714876620197,-70.0597798362784,-43.72293443556506,19.67642211914062,6.0,180.0
331.6079942991345,-69.61546635302,-43.45498936356038,19.57647705078125,6.0,180.0
328.95703063637154,-69.13136058762359,-43.37952454613854,19.47640991210938,6.0,180.0
326.42112472694123,-68.39479724425047,-43.353639677554376,19.37650489807129,6.0,180.0
323.8087599743161,-67.68200136706012,-43.11210491678495,19.37650489807129,6.0,180.0
320.9995643590371,-67.39380235694317,-42.826278908518056,19.27651405334473,6.0,180.0
318.34977611638675,-67.2430216567018,-42.6630432943524,19.17654800415039,6.0,180.0
316.0457415907502,-66.8137240208365,-42.674312250405976,19.07665252685547,6.0,180.0
313.8858947116576,-66.21188635817504,-42.90412153059159,18.97648048400879,6.0,180.0
311.68567455068035,-65.75015017360876,-43.21482375046128,18.87630844116211,6.0,180.0
309.279286726233,-65.38859169574147,-43.40052666855164,18.77641105651855,6.0,180.0
306.70160213406314,-65.00570291208098,-43.29365005076961,18.77641105651855,6.0,180.0
304.1789419406587,-64.62040440320271,-42.95173643536367,18.67648124694824,6.0,180.0
301.80559449510844,-64.23098640907061,-42.68871697272362,18.57659912109375,6.0,180.0
299.5023962872428,-63.947347104604425,-42.52090424166256,18.4765796661377,6.0,180.0
297.0571309717227,-63.76780929070462,-42.14317360444391,18.37648963928223,6.0,180.0
294.37813793509133,-63.497467914103794,-41.5093220880654,18.27650451660156,6.0,180.0
291.54363663540715,-63.1257688111877,-40.85287322626657,18.176513671875,6.0,180.0
288.6313694458261,-62.84581541732621,-40.35413429171444,18.07661437988281,6.0,180.0
285.6576897951918,-62.61549592358904,-40.08198683268004,18.07661437988281,6.0,180.0
282.6377781054632,-62.26527677022664,-39.873514531158285,17.9765682220459,6.0,180.0
279.7908818319221,-61.8783397105184,-39.31757578103279,17.87650680541992,6.0,180.0
277.323066223835,-61.45266484915855,-38.52818105717268,17.77644348144531,6.0,180.0
275.19845039849866,-60.89064163731271,-37.9522805956428,17.67644691467285,6.0,180.0
273.11012638460136,-60.32534568996475,-37.54907085641474,17.5765495300293,6.0,180.0
270.7929711632309,-59.96080516807076,-37.24422460258116,17.47646713256836,6.0,180.0
268.5010925500732,-59.6749712841085,-36.89693272307516,17.47646713256836,6.0,180.0
266.261906208877,-59.26204746692765,-36.26024240246739,17.37661552429199,6.0,180.0
263.9680231675112,-58.859897044103526,-35.59274531365564,17.27653694152832,6.0,180.0
262.064123835412,-58.35281889455701,-35.14991755853506,17.17656898498535,6.0,180.0
260.3568141642297,-57.573774966246994,-34.85339047221702,17.07667922973633,6.0,180.0
258.1861022486263,-56.78663333407244,-34.537684245725366,16.97649955749512,6.0,180.0
255.5429053331782,-56.09146406878741,-34.08630346147738,16.87647438049316,6.0,180.0
252.625068343417,-55.33277560228759,-33.59823549481239,16.77642250061035,6.0,180.0
249.5364730163226,-54.48106781850747,-33.16875975665666,16.77642250061035,6.0,180.0
246.2873280144653,-53.71134106724863,-32.746273775899084,16.676513671875,6.0,180.0
243.01673217449132,-53.13555033402473,-32.4326529049202,16.57663154602051,6.0,180.0
239.92776413647,-52.55925856549711,-32.238887187972665,16.47650337219238,6.0,180.0
236.9718412257904,-51.92037527933115,-31.88248102606501,16.37647247314453,6.0,180.0
234.33526841452365,-51.55790247211675,-31.52287527747673,16.27646636962891,6.0,180.0
232.0582468362689,-51.51276677934944,-31.26825293500875,16.17657470703125,6.0,180.0
229.75118971841525,-51.39953578093491,-30.65171269956422,16.17657470703125,6.0,180.0
227.31680023135183,-50.97867910286244,-29.7300503414966,16.07668113708496,6.0,180.0
224.88933410737303,-50.31575338503216,-29.16587651623141,15.97641277313232,6.0,180.0
222.4025252628961,-49.543562420285525,-29.07217912400872,15.87644863128662,6.0,180.0
219.7484177701397,-48.63109814889251,-28.94732574695017,15.77643489837646,6.0,180.0
217.0032920978529,-47.48226848233191,-28.59209788375524,15.67643642425537,6.0,180.0
214.14507271150777,-46.17065849372294,-28.293311583007323,15.5765266418457,6.0,180.0
211.16314252859007,-44.9240333650808,-28.012440410889344,15.4765043258667,6.0,180.0
208.14384923022925,-43.902854875539205,-27.407194328688224,15.4765043258667,6.0,180.0
205.06786513737103,-43.109514701335975,-26.6118396536812,15.37645626068115,6.0,180.0
201.976298673286,-42.55154270427343,-25.99610208185584,15.27640247344971,6.0,180.0
198.9162740498944,-42.250005470467634,-25.718639893994897,15.17658519744873,6.0,180.0
195.79544869081343,-42.2416306784264,-25.66665152931203,15.07652378082275,6.0,180.0
192.5025669664251,-42.470470850191134,-25.69913716231641,14.97655200958252,6.0,180.0
189.15597108936075,-42.6804076579886,-25.759999015915383,14.87668037414551,6.0,180.0
185.952567992308,-42.70762111370956,-25.66867621046238,14.77663040161133,6.0,180.0
182.7904533365644,-42.52263712199736,-25.407500963025804,14.77663040161133,6.0,180.0
179.45470642331296,-42.17133562418937,-25.11991709876549,14.67657279968262,6.0,180.0
175.9725805801097,-41.68281532220614,-24.76845409843008,14.57664775848389,6.0,180.0
172.5475004203377,-41.01376168600235,-24.46197532096332,14.47648620605469,6.0,180.0
169.23327023544402,-40.22487087199104,-24.33933734692408,14.37646293640137,6.0,180.0
166.0031590944026,-39.527711841016206,-24.22690148762925,14.27642059326172,6.0,180.0
162.81850430478994,-39.02086786863919,-23.952051595642427,14.17641735076904,6.0,180.0
159.80815144741774,-38.45542695942735,-23.52949711453935,14.17641735076904,6.0,180.0
156.90458630929427,-37.65804208817901,-23.009974921551944,14.07655429840088,6.0,180.0
153.73527363302614,-36.89031296377012,-22.434438287034133,13.97646713256836,6.0,180.0
150.5985438688267,-36.20292602849822,-21.91457720408692,13.8764181137085,6.0,180.0
147.67374875716544,-35.33891127362053,-21.465835663465263,13.77650547027588,6.0,180.0
144.5937343365211,-34.3392277309037,-21.008969063654668,13.67644786834717,6.0,180.0
141.39326038764042,-33.4246686012734,-20.43844449998029,13.57658576965332,6.0,180.0
138.21967509082194,-32.55978063852291,-19.611799584145768,13.47655296325684,6.0,180.0
134.96072722332386,-31.66318350483315,-18.488058986007964,13.47655296325684,6.0,180.0
131.52607932357725,-30.91511239700185,-17.352775097210916,13.37644577026367,6.0,180.0
127.96551730303072,-30.3783603566458,-16.61764952637008,13.27645874023438,6.0,180.0
124.45614692545196,-29.99442469939367,-16.250921122264185,13.17646217346191,6.0,180.0
121.21330597246092,-29.730389534125408,-15.92694499703082,13.07656383514404,6.0,180.0
118.15069575033272,-29.53486510531352,-15.579018747692402,12.97656631469727,6.0,180.0
114.99899794254688,-29.28187888357489,-15.39265667365088,12.87656402587891,6.0,180.0
111.62756991571312,-28.91095474936964,-15.5696602690035,12.87656402587891,6.0,180.0
107.99816966586936,-28.49231301742473,-15.94104953755878,12.77649307250977,6.0,180.0
104.352077380549,-27.92838824451412,-15.975487605550846,12.67639923095703,6.0,180.0
100.9619653560058,-27.14770001362333,-15.515074610600651,12.57644367218018,6.0,180.0
97.6399366499918,-26.24024143523756,-14.937671041910434,12.47641468048096,6.0,180.0
94.15400665530322,-25.201732544420523,-14.609336832435398,12.37645530700684,6.0,180.0
90.58411926339215,-24.065599545085817,-14.36104415740592,12.27652359008789,6.0,180.0
86.98899692697802,-23.089683294320785,-13.90451452048902,12.17656135559082,6.0,180.0
83.38405285096232,-22.34426523950814,-13.414276317967431,12.17656135559082,6.0,180.0
79.97211823578652,-21.67841270306285,-12.934137585018096,12.07659912109375,6.0,180.0
76.73865378840573,-21.132547964478825,-12.305212737060504,11.97653484344482,6.0,180.0
73.49102625121456,-20.738815782260453,-11.684636668261568,11.87653636932373,6.0,180.0
70.187936206406,-20.33080165970943,-11.052137978558612,11.77650833129883,6.0,180.0
66.65006250058573,-19.801758307228592,-10.182531513459184,11.6766185760498,6.0,180.0
62.74569001237946,-19.295004224929887,-9.081356536730985,11.57664585113525,6.0,180.0
58.596415926236,-18.93572954279434,-7.959971923813231,11.57664585113525,6.0,180.0
54.41116683321664,-18.482036824271937,-7.078623574214531,11.47644901275635,6.0,180.0
50.42069052309645,-17.692688714927147,-6.51805058031,11.37652492523193,6.0,180.0
46.60035408943619,-16.776405607302173,-6.264017409186176,11.27648735046387,6.0,180.0
42.675300181861374,-16.038597413530397,-6.104024328367638,11.17650985717773,6.0,180.0
38.59436541979481,-15.377424443546598,-5.835052446310612,11.07665157318115,6.0,180.0
34.708260110100866,-14.609647860775182,-5.472264719379527,10.97642135620117,6.0,180.0
31.191260668644247,-13.816282253664832,-4.919508511506648,10.87650203704834,6.0,180.0
27.855074996833373,-13.096129119119553,-4.112401677072062,10.87650203704834,6.0,180.0
24.654406747693663,-12.321103876122072,-3.1900858080771988,10.7765007019043,6.0,180.0
21.453216607515508,-11.337214791340722,-2.280084474156608,10.6764669418335,6.0,180.0
17.924429582862558,-10.2545984617315,-1.4856985850606126,10.57656288146973,6.0,180.0
14.168823028197025,-9.183618980692303,-0.8454957112778914,10.4764461517334,6.0,180.0
10.562222450070443,-8.225625798586744,-0.2608084859888633,10.37650108337402,6.0,180.0
7.001481299166699,-7.401690023333375,0.2850420928132147,10.27638244628906,6.0,180.0
3.176726875135536,-6.603802199981615,0.702964750065477,10.27638244628906,6.0,180.0
-0.9200567010591882,-5.940471525081994,1.0437501025657283,10.17639636993408,6.0,180.0
-5.189358943578959,-5.574515160446991,1.4522648238737643,10.07647895812988,6.0,180.0
-9.510869506889463,-5.444098447384672,1.927423302377715,9.97646713256836,6.0,180.0
-13.746623882185403,-5.276870826980373,2.3984687901131,9.876727104187012,6.0,180.0
-17.7754715869764,-4.796768570390329,2.7942293209033853,9.776615142822266,6.0,180.0
-21.855173534954453,-3.889701388209021,3.0868681884704205,9.676541328430176,6.0,180.0
-26.274077533588155,-2.8772403988067303,3.314540534771801,9.576526641845703,6.0,180.0
-30.715593233053937,-2.172182754539394,3.406995597272834,9.576526641845703,6.0,180.0
-35.002906935065454,-1.6071958097529162,3.3058108563901314,9.476484298706056,6.0,180.0
-39.162635080843685,-0.9475868115027772,3.2131367703315803,9.37648582458496,6.0,180.0
-43.07865605294505,-0.4074658002739078,3.331981120886817,9.276448249816896,6.0,180.0
-46.92601264898626,-0.0296532925422017,3.632043377348935,9.176474571228027,6.0,180.0
-50.93901832368596,0.5137104055726347,4.024904356037119,9.07650661468506,6.0,180.0
-55.06311479063268,1.353284157742234,4.660673367214296,8.976462364196777,6.0,180.0
-59.234561695355694,2.476442421657953,5.688488495541501,8.876436233520508,6.0,180.0
-63.508965315614006,3.6750748070162462,6.813210302431698,8.876436233520508,6.0,180.0
-67.91919577814258,4.677382642034386,7.571224374678906,8.776518821716309,6.0,180.0
-72.30554810104677,5.55844559929964,7.971209451368011,8.676558494567871,6.0,180.0
-76.43204797463585,6.3811165678985216,8.393158050769236,8.576553344726562,6.0,180.0
-80.29622923971081,7.059763124172562,8.913712459990517,8.476506233215332,6.0,180.0
-84.17471859904188,7.626639258325438,9.41574706207393,8.376482009887695,6.0,180.0
-88.25389625252302,8.184210352429911,9.958511563745576,8.276575088500977,6.0,180.0
-92.28455926497284,8.77288901386674,10.707214529164997,8.276575088500977,6.0,180.0
-95.93365330232432,9.385295324599712,11.593191847304332,8.176518440246582,6.0,180.0
-99.34908239997142,9.975697974889403,12.408837162436797,8.076522827148438,6.0,180.0
-102.93271783669417,10.597998849411074,13.143157908598308,7.976466178894043,6.0,180.0
-106.75706198557135,11.400982586502597,13.904275960056651,7.87652587890625,6.0,180.0
-110.74061768458516,12.398868657716935,14.904866224304772,7.776477813720703,6.0,180.0
-114.84847088617664,13.42181782306543,16.15257484445921,7.676419258117676,6.0,180.0
-119.10913998424373,14.44511091418839,17.4762535088585,7.576498985290527,6.0,180.0
-123.60726496369917,15.589202401366787,18.76333730921176,7.576498985290527,6.0,180.0
-128.27060781537722,16.673521716245773,19.89756689771044,7.476485729217529,6.0,180.0
-132.94934350086345,17.648970565272965,20.849119566581727,7.376489639282227,6.0,180.0
-137.6046599068959,18.72792881795784,21.544283954697207,7.276514053344727,6.0,180.0
-142.3226675813655,19.87348067836972,22.26544436850112,7.176474094390869,6.0,180.0
-147.08881654418155,20.95356619943887,23.39945521906992,7.076584339141846,6.0,180.0
-151.64892466401946,21.89827080916522,24.53449668483404,6.976529598236084,6.0,180.0
-155.81202635958442,22.695321633431007,25.360701217769723,6.976529598236084,6.0,180.0
-159.76214208299842,23.39903516340512,26.046325263787807,6.876514911651611,6.0,180.0
-163.65923016945118,24.13579399793464,26.618125685086014,6.776565551757812,6.0,180.0
-167.5050799797963,24.79085658339955,27.040448304396577,6.6765456199646,6.0,180.0
-171.47706414587063,25.098641478089785,27.135241890418293,6.576642990112305,6.0,180.0
-175.6633771117699,25.32892761205036,27.0988394799718,6.476582050323486,6.0,180.0
-179.92169203646898,25.753858470011814,27.39443751861561,6.376458168029785,6.0,180.0
-184.2645864540004,26.125370150506708,28.0348945931907,6.27651309967041,6.0,180.0
-188.9346537963224,26.424270621561025,28.91505438743686,6.27651309967041,6.0,180.0
-193.84839447330543,26.83793356018947,29.902996487867817,6.176401138305664,6.0,180.0
-198.6005268828829,27.361589301693407,30.7248798160146,6.076529502868652,6.0,180.0
-202.9782259226227,28.01173780383349,31.31928350329175,5.976552963256836,6.0,180.0
-207.22230745448496,28.837997698524543,31.907404094440995,5.876451015472412,6.0,180.0
-211.67974143518333,29.8873676511608,32.60794234334692,5.776415824890137,6.0,180.0
-216.1944087828718,31.0154420557742,33.39814498004151,5.676472663879395,6.0,180.0
-220.63373225157645,32.02463122338318,34.18790095047836,5.676472663879395,6.0,180.0
-225.13248908913985,33.041469091565126,34.937972830153576,5.576543807983398,6.0,180.0
-229.4850888474966,34.071027567275976,35.68150373333146,5.476514339447021,6.0,180.0
-233.6468449964553,34.95668597221648,36.34911406181055,5.37644624710083,6.0,180.0
-238.0375771341396,35.86342413532018,37.06746837530905,5.276460647583008,6.0,180.0
-242.7156341471021,36.97870942561923,38.04472944106409,5.17648983001709,6.0,180.0
-247.3379422113844,38.21565128657127,39.31144861628651,5.07649040222168,6.0,180.0
-251.78237030998773,39.448689738329264,40.74910978619798,4.976553916931152,6.0,180.0
-256.16851675535247,40.54167607564988,42.02725145212384,4.976553916931152,6.0,180.0
-260.5794828957214,41.36470043491023,43.053952525290185,4.876551628112793,6.0,180.0
-265.116085867879,41.95414449229936,43.91563609273129,4.776505470275879,6.0,180.0
-269.8000762580184,42.55709147871668,44.58022065935582,4.67647647857666,6.0,180.0
-274.37007520582944,43.452531816837606,45.09759361029155,4.576470375061035,6.0,180.0
-278.6779126723064,44.572077498001576,45.57917780978257,4.476524829864502,6.0,180.0
-283.00471216289486,45.747701753908,46.05638523603242,4.376612186431885,6.0,180.0
-287.68436560837574,46.96980256314461,46.58563854383056,4.27656888961792,6.0,180.0
-292.7043191577998,48.15451562907244,47.330450979846105,4.27656888961792,6.0,180.0
-297.71958428046764,49.17599942067109,48.17049676193889,4.176519393920898,6.0,180.0
-302.63926112703905,50.14148415184877,48.89318655382405,4.076496124267578,6.0,180.0
-307.540980749438,51.16018002147814,49.63057534971089,3.976483345031738,6.0,180.0
-312.2789535993353,52.07673611509854,50.465260745614415,3.876492023468018,6.0,180.0
-316.91233392247904,52.857899958045245,51.2350028075835,3.776544809341431,6.0,180.0
-321.63479259154616,53.413465651779205,51.92378173929794,3.676437616348267,6.0,180.0
-326.5445015079231,53.732320227357896,52.71110949382304,3.676437616348267,6.0,180.0
-331.6973195347238,54.17670038694379,53.58271332470365,3.576528072357178,6.0,180.0
-336.9520032088192,54.826108983910586,54.278169263160265,3.476508140563965,6.0,180.0
-342.0425394490909,55.5260732111665,54.875768079200775,3.376584529876709,6.0,180.0
-346.89507931644897,56.21887293043733,55.6476280323348,3.276546955108643,6.0,180.0
-351.6510465313233,56.91734948841767,56.57786201069038,3.176461458206177,6.0,180.0
-356.4878733952557,57.65527323825013,57.488293240309474,3.076496601104736,6.0,180.0
-361.3389669740974,58.419450554921454,58.17327022449805,2.976458311080933,6.0,180.0
-366.1772777758688,59.301174721004585,58.86273775315384,2.976458311080933,6.0,180.0
-371.2264650262806,60.32209346664146,59.83800579544031,2.876565933227539,6.0,180.0
-376.35195126675046,61.33453727923866,61.027234170683,2.776678323745728,6.0,180.0
-381.3630994052834,62.30200649531223,62.35467839574777,2.676570415496826,6.0,180.0
-386.228253601832,63.32604692696273,63.63119747807927,2.576412677764893,6.0,180.0
-390.8092712120536,64.4731511529949,64.6879631890919,2.47644305229187,6.0,180.0
-395.1811648943459,65.65923781595852,65.53768113909149,2.376355886459351,6.0,180.0
-399.30099974659606,66.79395451611568,66.248553800553,2.376355886459351,6.0,180.0
-403.0901390501912,67.7919377821648,66.874766696081,2.27648401260376,6.0,180.0
-406.89739007614014,68.65587411259904,67.46195195660127,2.176620483398438,6.0,180.0
-410.8593900432462,69.68047919652442,68.07725300202826,2.076565504074097,6.0,180.0
-414.88891924506686,70.9831290017699,68.73970400744322,1.976497650146484,6.0,180.0
-419.0251417186153,72.31198640976035,69.49853975637942,1.876647233963013,6.0,180.0
-423.35097713673474,73.35672632463448,70.48908715486941,1.776518225669861,6.0,180.0
-427.8970602245612,74.04317777451183,71.66631127825093,1.676523566246033,6.0,180.0
-432.35454394878,74.55640098408784,72.87666479075165,1.676523566246033,6.0,180.0
-436.5557739239797,74.99267209708589,74.1736313159025,1.576588153839111,6.0,180.0
-440.5108555356919,75.45067438050782,75.51755521677214,1.476506233215332,6.0,180.0
-444.23042682867447,76.06181959290468,76.64432476848063,1.376546025276184,6.0,180.0
-447.9177069762192,76.82016090525858,77.42069399156662,1.276518702507019,6.0,180.0
-451.4593444035129,77.69383282495642,77.8817737975914,1.176497578620911,6.0,180.0
-454.71190997216615,78.67276502677151,78.20910858991463,1.076610088348389,6.0,180.0
-457.99415866164304,79.58432897517416,78.62166411545894,1.076610088348389,6.0,180.0
-461.4876734473713,80.23889773114637,79.19419797218683,0.9765326380729676,6.0,180.0
-464.9216013845327,80.79777120280254,79.96665189798696,0.8764803409576416,6.0,180.0
-468.0800765901468,81.3820233132897,80.84632481535644,0.7764686942100525,6.0,180.0
-470.95105870742367,81.9319287791934,81.67491594131967,0.676424503326416,6.0,180.0
-473.5621511605231,82.55743064974374,82.4162710596797,0.5766965746879578,6.0,180.0
-476.0292182186664,83.27421956747625,83.17820031236518,0.4764679372310638,6.0,180.0
-478.37454422701774,83.92383232486641,84.01964034647847,0.3763650059700012,6.0,180.0
-480.50616278264977,84.45305066280264,84.65103405809357,0.3763650059700012,6.0,180.0
-482.4250231768166,84.76848524856416,85.01625895281705,0.2763323485851288,6.0,180.0
-484.0315624198869,84.82646666370424,85.4652129454002,0.1782251000404358,6.0,180.0
-485.2506223646674,84.87818498070612,86.05065222838793,0.0969785377383232,6.0,180.0
-486.2479502504059,85.12325006211428,86.55897434483555,0.0449852533638477,6.0,180.0
-487.11333853092304,85.48791504878767,86.84516968866608,0.0209127068519592,6.0,180.0
-487.8645860319351,85.84935862708427,86.92005378066258,0.0103545384481549,6.0,180.0
-488.6759182564124,86.12770103111255,86.95135776717778,0.0103545384481549,6.0,180.0
-489.6434656616043,86.25503214539918,86.97507851411443,0.0053108851425349,6.0,180.0
-490.7847712347013,86.24750086739847,87.02642616903712,0.0028911177068948,6.0,180.0
-492.2850094761583,86.22986064749638,87.19430167832971,0.0015909844078123,6.0,180.0
-494.2381050350483,86.36401907942634,87.24830741011763,0.0008084367145784,6.0,180.0
-496.5212461819023,86.53433723310158,87.07385952927645,0.0004069549031555,6.0,180.0
-498.99384838076384,86.6415321699217,86.94073334944935,0.000191848972463,6.0,180.0
-501.67944753193166,86.82183796864746,86.94460370073006,6.244561518542469e-05,6.0,180.0
-504.5363540471709,87.00749111502726,86.99122865858564,6.244561518542469e-05,6.0,180.0
-507.29048157627926,87.22036775662316,87.16890035515696,6.39218023934518e-06,6.0,180.0
-509.7973017477501,87.5945603717869,87.57910279821324,-2.921741725003812e-05,6.0,180.0
-512.121485327589,88.0410478357776,88.06664555338993,-4.687598993768916e-05,6.0,180.0
-514.3193431474799,88.46789113380171,88.40772376424589,-5.492540003615431e-05,6.0,180.0
-516.4114009118272,88.73786003156152,88.54198663755903,-6.684633262921125e-05,6.0,180.0
-518.5194252639816,88.75899615377683,88.64284266870432,-6.472953100455925e-05,6.0,180.0
-520.6393438769949,88.76053240978375,88.88030933590704,-5.733465513912961e-05,6.0,180.0
-522.488052851889,88.9085902730015,89.18352087342456,-5.733465513912961e-05,6.0,180.0
-523.8873795862936,89.07848015908573,89.43729112230437,-5.402019087341614e-05,6.0,180.0
-524.9982058359795,89.20880389995257,89.64874379249477,-5.007904110243544e-05,6.0,180.0
-526.0998784688469,89.42767426228639,89.92256713703269,-4.792046456714161e-05,6.0,180.0
-527.1396616502827,89.73969929254007,90.31878858729112,-4.439710392034613e-05,6.0,180.0
-527.819087865401,90.01626147956742,90.85882748466548,-4.293484016670845e-05,6.0,180.0
-528.2310076181859,90.25755525598976,91.40033691117544,-3.999638647655956e-05,6.0,180.0
-528.6295941531371,90.52130852901456,91.8010951656692,-3.999638647655956e-05,6.0,180.0
-529.0663799683922,90.80637839996706,92.15930058474328,-3.576278686523438e-05,6.0,180.0
-529.690830385072,91.06282128358671,92.44151956927212,-3.643125091912225e-05,6.0,180.0
-530.5693450985261,91.26834026179212,92.55570597162486,-3.037330134247895e-05,6.0,180.0
-531.6359335007852,91.4973347373307,92.52016466114496,-3.476009078440256e-05,6.0,180.0
-532.8205173027839,91.846918931424,92.38900652790512,-2.892496377171483e-05,6.0,180.0
-534.108069284853,92.3143036536436,92.28306827786336,-2.711454362724908e-05,6.0,180.0
-535.684786465953,92.78632953897582,92.27477903987416,-2.35633306147065e-05,6.0,180.0
-537.5647257279775,93.07898377286268,92.39546370553543,-2.35633306147065e-05,6.0,180.0
-539.517376464353,93.1938518263847,92.689428688884,-2.400897392362822e-05,6.0,180.0
-541.4569266974065,93.3692043972306,93.16750233916278,-2.013745688600466e-05,6.0,180.0
-543.4463416111709,93.67623512260047,93.80812673110266,-1.881445678009186e-05,6.0,180.0
-545.4694472138258,94.06698098497984,94.47879305448606,-1.488723501097411e-05,6.0,180.0
-547.4471234468365,94.5731945191152,95.15185222577654,-1.640520349610597e-05,6.0,180.0
-549.3057164047982,95.18732029499128,95.90172675241958,-1.356423490506131e-05,6.0,180.0
-550.9797964506716,95.69876607854964,96.60685199919496,-1.356423490506131e-05,6.0,180.0
-552.3750039296673,95.94767442375448,97.19205388917328,-1.527717176941223e-05,6.0,180.0
-553.4018221645648,95.94121406948469,97.67189577389618,-1.396809784637298e-05,6.0,180.0
-554.1549812243009,95.72189214882,98.024828899681,-1.289577085117344e-05,6.0,180.0
-554.6301785780483,95.43295292670882,98.19101944052764,-9.261002560378984e-06,6.0,180.0
-554.8535092852715,95.15966943996844,98.2190965673034,-9.372412932862062e-06,6.0,180.0
-555.0725275823992,94.94812741436296,98.22012872947488,-1.079289722838439e-05,6.0,180.0
-555.2770299448127,94.72838890475244,98.14965095813136,-7.826591172488406e-06,6.0,180.0
-555.4170128976289,94.4704070988186,98.05781701857272,-7.826591172488406e-06,6.0,180.0
-555.5580514272939,94.5273012277155,98.06899305594165,-8.606464689364657e-06,6.0,180.0
-555.6994806888007,94.9477975546601,98.16512578745976,-1.215767588291783e-05,6.0,180.0
-556.0518818766074,95.3589174702226,98.2348492623168,-5.612306267721578e-06,6.0,180.0
-556.8164119725199,95.75338825551256,98.21503680990848,-7.896222996350843e-06,6.0,180.0
-557.8053090071544,96.24445934032155,98.13536285849968,-7.394875410682289e-06,6.0,180.0
-559.0137139840366,96.7106461357668,98.01944083718736,-6.238990863494109e-06,6.0,180.0
-560.6370051780292,96.99737415553376,97.86174065774024,-6.238990863494109e-06,6.0,180.0
-562.436084759896,97.02361769659451,97.60156755055574,-7.158128028095234e-06,6.0,180.0
-564.1690671695858,96.85521306078644,97.42250488911031,-4.428569809533656e-06,6.0,180.0
-565.946295628088,96.66056993452784,97.61814424915086,-3.92722176911775e-06,6.0,180.0
-567.9460905902873,96.6869111235542,97.95963654562163,-7.088496204232797e-06,6.0,180.0
-570.0762400223382,96.97963817090302,98.18188769266143,-5.473043529491406e-06,6.0,180.0
-571.9927107235505,97.35635307817432,98.44063592808648,-5.76549609832e-06,6.0,180.0
-573.6760833214786,97.71440006045692,98.89527471301344,-2.339621687497129e-06,6.0,180.0
-575.3506565777453,98.00014340714878,99.44482563068206,-2.339621687497129e-06,6.0,180.0
-576.9646897792625,98.17300280455063,99.9469283784531,-3.384095634828554e-06,6.0,180.0
-578.3405128895444,98.25228853723765,100.3053401729852,-2.214284677393152e-06,6.0,180.0
-579.4341639184934,98.431188297043,100.38384036672392,-1.977537294806098e-06,6.0,180.0
-580.213823277627,98.74994244238847,100.3235211440378,-2.632074256325723e-06,6.0,180.0
-580.6260487210575,98.9369346787734,100.45516008728931,-6.266843683988554e-07,6.0,180.0
-580.7508068663371,98.94150244815263,100.87422947838456,-3.035937652384746e-06,6.0,180.0
-580.8375463676051,98.91864294796936,101.3232052447834,-2.980232238769531e-06,6.0,180.0
-580.9000163858431,98.93907922900186,101.44569899444514,-2.980232238769531e-06,6.0,180.0
-580.7736728092408,98.99639148358342,101.31072046928378,-1.893979515443789e-06,6.0,180.0
-580.6745633592852,99.09803856882668,101.16500030689362,-2.228211087640375e-06,6.0,180.0
-580.9028178989724,99.17444123509262,100.99952457817643,6.684631443931721e-07,6.0,180.0
-581.5062362773133,99.1127078685174,100.70140735249838,-3.815811396634672e-06,6.0,180.0
-582.3513134073163,98.95914518086045,100.34807088477768,-1.72686350197182e-06,6.0,180.0
-583.2880222825804,98.93411294162256,100.16412533459292,-4.414643171912758e-06,6.0,180.0
-584.4809905444216,99.29127688913944,100.08567286473269,-4.414643171912758e-06,6.0,180.0
-586.0670639152308,99.79317367091068,100.0594274944462,-3.690474613904371e-06,6.0,180.0
-587.7082139150276,100.03357098507844,100.13919637703802,-1.28122132991848e-06,6.0,180.0
-589.1049195416888,100.22152522280238,100.21120608975434,-5.862980287929531e-06,6.0,180.0
-590.4854218668304,100.58115020150166,100.23726612332206,-2.896674459407222e-06,6.0,180.0
-592.1169203059543,100.95661279467764,100.35277225690912,-2.868821866286453e-06,6.0,180.0
-593.8232435725207,101.35661818157206,100.75304117364736,-4.762800926982891e-06,6.0,180.0
-595.3617706039078,101.843247808031,101.30558781011884,-5.570527719100937e-07,6.0,180.0
-596.6688795693259,102.24284175375077,101.8677927154584,-5.570527719100937e-07,6.0,180.0
-597.7440388768489,102.51553410783843,102.47622961681874,-3.286611217845348e-06,6.0,180.0
-598.7134121716238,102.7817893189241,102.86654526202616,-1.364779336654465e-06,6.0,180.0
-599.7025299863466,103.01880072333516,102.98153852345982,-2.91060064228077e-06,6.0,180.0
-600.7318147950765,103.26189937618255,103.06724677705483,-3.105569248873508e-06,6.0,180.0
-601.5684049596074,103.5877457015763,103.16301975320516,-3.495506007311633e-06,6.0,180.0
-601.9292999161551,103.95909253479364,103.36012303250992,-4.567832547763828e-06,6.0,180.0
-601.9926516544067,104.39418155832358,103.73454996869609,-4.567832547763828e-06,6.0,180.0
-601.9268277878176,104.83617200838108,104.02365789737364,-1.699010908851051e-06,6.0,180.0
-601.6425675447827,104.97425679109725,104.05802906559892,2.088947894662851e-07,6.0,180.0
-601.300891803674,104.75215022030731,103.9480960863708,-3.147348024867824e-06,6.0,180.0
-601.17655809333,104.4744521973245,103.73878726119744,-1.309074150412926e-06,6.0,180.0
-601.3267291791269,104.23642194659612,103.4904476237278,-3.411948227949324e-06,6.0,180.0
-601.6833131884107,103.89284173038044,103.31038739214638,-2.994158649016754e-06,6.0,180.0
-602.1836008961392,103.42023491579778,103.21092110415266,-3.676548203657148e-06,6.0,180.0
-602.8657967093949,103.02653854230502,103.2379272507451,-3.676548203657148e-06,6.0,180.0
-603.7608311193333,102.97854739361472,103.42454726355128,-3.620843017415609e-06,6.0,180.0
-604.8700157976864,103.3538094730539,103.7181365694399,-5.292001787893241e-07,6.0,180.0
-606.1193411991907,103.90584947610648,103.9749561844969,-1.852200512075797e-06,6.0,180.0
-607.4462288275903,104.24302420807966,104.0984603123261,-3.899369858118007e-07,6.0,180.0
-608.8797970316476,104.20663412269016,104.18234262575918,-1.643305722609512e-06,6.0,180.0
-610.3044391994291,104.07900038154432,104.26534800583116,-3.537285010679625e-06,6.0,180.0
-611.6875239127658,104.14340266958015,104.38610646469768,-3.537285010679625e-06,6.0,180.0
-613.0633724453472,104.4987494152847,104.68888263208645,-2.771337449303246e-06,6.0,180.0
-614.4017622233359,105.05936566967628,105.03070532480268,-3.620843926910311e-07,6.0,180.0
-615.806041242221,105.47505607080303,105.17065970904378,-8.634317509859102e-07,6.0,180.0
-617.2612739087197,105.71710431154736,105.17847556756568,-2.827042862918461e-06,6.0,180.0
-618.5283340206416,106.00407945192292,105.28877695349748,-3.077716428379063e-06,6.0,180.0
-619.3489645222179,106.20256385158412,105.54278665634412,1.114103724830784e-07,6.0,180.0
-619.6387228390445,106.2211172412836,105.76701925643708,-3.453727231317316e-06,6.0,180.0
-619.5726812141072,106.3066192676739,105.96320501352008,-3.453727231317316e-06,6.0,180.0
-619.3968249134492,106.46822300835947,106.206609986725,-2.395326873738668e-06,6.0,180.0
-619.3128062500032,106.49864874928105,106.50084391855984,-3.133421841994277e-06,6.0,180.0
-619.3480429406693,106.31995856880016,106.80368773060702,-3.216979621356586e-06,6.0,180.0
-619.4832542711794,106.02662468984144,106.92098204170004,-2.144653080904391e-06,6.0,180.0
-619.8160301616273,105.85431381298888,106.91992998053692,-3.941148406738648e-06,6.0,180.0
-620.333860277453,105.9592000873313,107.11040993778948,-2.269990091008367e-06,6.0,180.0
-620.9383360519014,106.28093136782428,107.41416892123289,-2.604221663204953e-06,6.0,180.0
-621.6694925046271,106.64858336650325,107.6115676814206,-2.604221663204953e-06,6.0,180.0
-622.5188681787542,106.93657690127252,107.70138714308568,-2.228211997135077e-07,6.0,180.0
-623.3395292479436,107.04182973223588,107.74792399292726,-2.158579491151613e-06,6.0,180.0
-624.147001692304,107.09744174466115,107.836546797761,-3.74617980014591e-06,6.0,180.0
-625.0418995592329,107.34351989662382,108.18415833189052,2.924525688285939e-07,6.0,180.0
-625.9577952653763,107.92730968824408,108.80457668958849,-1.504042529631988e-06,6.0,180.0
-626.9320741615251,108.93841329854384,109.38261066449572,-2.785263859550469e-06,6.0,180.0
-628.1937338024761,110.10207607104296,109.90433052525012,-2.785263859550469e-06,6.0,180.0
-629.636461244074,110.98574653972368,110.60473613336312,6.684631443931721e-07,6.0,180.0
-630.9530551381741,111.46473173381116,111.30393629707213,-3.662622020783601e-06,6.0,180.0
-632.116266867599,111.56702766371096,111.59271804355002,-1.392631929775234e-06,6.0,180.0
-633.0755824657356,111.34373156731752,111.50426393728368,-2.367473825870547e-07,6.0,180.0
-633.8132413752189,111.04734651519362,111.39018006983842,-9.33063347474672e-07,6.0,180.0
-634.5767102093738,110.8007523196372,111.49760558877216,-2.102874304910074e-06,6.0,180.0
-635.3612614887784,110.55866891703646,111.79042415157048,-5.152737685421016e-07,6.0,180.0
-635.914589471794,110.38828268171304,111.99654929199052,-5.152737685421016e-07,6.0,180.0
-636.1111470745775,110.26212713967809,111.96244239579704,1.75471609509259e-06,6.0,180.0
-635.9471253979699,110.16735318082836,111.89226647810858,-4.87421175421332e-07,6.0,180.0
-635.5757186135661,110.03313546044733,111.91012843519738,2.78525931207696e-08,6.0,180.0
-635.215624167553,109.67260368015452,111.79249394415817,-9.74842350842664e-07,6.0,180.0
-634.8929956927445,109.2121586420422,111.45491907632923,-1.880053105196566e-06,6.0,180.0
-634.6859842167464,108.86995295695074,110.94353551483658,-5.709791821573162e-07,6.0,180.0
-634.7555357339778,108.70288175581967,110.31238441373216,-5.709791821573162e-07,6.0,180.0
-634.9160075462662,108.77528660277648,109.90896501212592,-3.286611217845348e-06,6.0,180.0
-635.1486378398856,109.04321819927242,109.97639376381456,-2.40925328398589e-06,6.0,180.0
-635.7320643971821,109.3398193564692,110.09225664575196,-1.309074150412926e-06,6.0,180.0
-636.697490284883,109.64369208040974,110.11909482609836,-3.92722176911775e-06,6.0,180.0
-638.1883200554618,110.13785242831848,110.44517985196218,-2.130726898030844e-06,6.0,180.0
-640.1996129568552,110.75965491476302,110.9032673727742,-1.323000333286473e-06,6.0,180.0
-642.2669287681149,111.2148464547765,111.23754104102387,4.734947651741095e-07,6.0,180.0
-644.3081746585126,111.5692066951921,111.5616253178701,4.734947651741095e-07,6.0,180.0
-646.3123104022641,112.0514721347639,111.96262542015508,-4.87421175421332e-07,6.0,180.0
-648.0581353282223,112.61805611803804,112.357128960606,-1.15588454718818e-06,6.0,180.0
-649.5808838819868,113.0912497084007,112.6101129130725,1.267294919671258e-06,6.0,180.0
-650.8396588464863,113.46723618997156,112.77596434137736,7.102421477611642e-07,6.0,180.0
-651.7769660612541,113.81385180109253,112.90025581196272,-1.852200512075797e-06,6.0,180.0
-652.4071319614451,113.99223381515104,112.92248632031382,-3.286611217845348e-06,6.0,180.0
-652.6802446363586,113.92801039713234,112.9755435819263,-3.286611217845348e-06,6.0,180.0
-652.6655512960581,113.93992051824276,113.16993145892867,-7.241685580083868e-07,6.0,180.0
-652.4056592316906,114.15064249093165,113.4775946191908,-2.646000666572945e-06,6.0,180.0
-651.8469877177016,114.22415751261784,113.80548027686396,-1.392631929775234e-06,6.0,180.0
-651.216318918155,114.04484756313676,114.03708238314948,-2.785263859550469e-07,6.0,180.0
-650.9443574283584,113.7873206015124,114.19893879247888,-3.718327207025141e-06,6.0,180.0
-651.0496535269118,113.53678527765264,114.28506210864276,-1.058400357578648e-06,6.0,180.0
-651.2601525351166,113.33838463666362,114.30726305706928,2.367473825870547e-07,6.0,180.0
-651.5357756273401,113.3239732829998,114.34726853069188,2.367473825870547e-07,6.0,180.0
-651.8759480323388,113.5522605510438,114.53949885427112,-2.924527962022694e-07,6.0,180.0
-652.1998622137836,113.94343239668208,114.77905902652113,-3.398021817702102e-06,6.0,180.0
-652.5802335867476,114.30165966404476,114.71116169718876,-6.54536961519625e-07,6.0,180.0
-653.189520040617,114.45831863202255,114.30647825897331,-6.127581855253084e-07,6.0,180.0
-654.0372121445517,114.49943823335288,114.0364265572953,-6.127581855253084e-07,6.0,180.0
-655.0038926090132,114.57066606538416,114.28411657726886,-1.963611111932551e-06,6.0,180.0
-656.1474894196633,114.65768972620724,114.82278238779791,-1.963611111932551e-06,6.0,180.0
-657.3806366062091,114.74776048815964,115.25126069494986,-3.175200845362269e-06,6.0,180.0
-658.5739042200775,114.75965612446944,115.46281129779793,-1.712937319098273e-06,6.0,180.0
-659.8508563256214,114.64498429478728,115.68528109281228,-5.570527719100937e-07,6.0,180.0
-661.2592982680358,114.5819188221714,116.09666154788354,1.392618287354708e-08,6.0,180.0
-662.7735503922678,114.79454981778444,116.74118193123924,-8.912845714803552e-07,6.0,180.0
-664.1900040132632,115.2826484917133,117.5337690175022,-2.381400690865121e-06,6.0,180.0
-665.3459479559807,115.87002481790398,118.0732236463594,-2.757411266429699e-06,6.0,180.0
-666.2941381877777,116.53561242937786,118.21289178938363,-2.757411266429699e-06,6.0,180.0
-667.0152860265288,117.19745025162736,118.17319457756828,-3.996853592980187e-06,6.0,180.0
-667.4848645936135,117.6789543042787,118.0545827325774,-1.086252950699418e-06,6.0,180.0
-667.7062844917557,117.7929661701976,117.87312898981068,5.570527719100937e-07,6.0,180.0
-667.637393228588,117.5469603988391,117.68946667039476,-1.364779336654465e-06,6.0,180.0
-667.3084499097995,117.25838424390552,117.6403671956646,-2.827042862918461e-06,6.0,180.0
-666.863371760344,117.04174671455628,117.7233591753303,-2.604221663204953e-06,6.0,180.0
-666.5207724425369,116.93475111935822,117.84740636596024,-8.912845714803552e-07,6.0,180.0
-666.4101217586169,116.95302403964924,118.0274366926241,-8.912845714803552e-07,6.0,180.0
-666.4294728900671,116.97455861036562,118.20760244763724,-8.912845714803552e-07,6.0,180.0
-666.5993118222282,117.07117032041344,118.3575031935772,1.002694943963434e-06,6.0,180.0
-667.0187885901947,117.2534636425888,118.52004746827984,-1.434410933143226e-06,6.0,180.0
-667.5268639723413,117.3165735043423,118.63753437187972,-9.748418960953133e-08,6.0,180.0
-668.1418691245314,117.23456413307105,118.57129889064888,-3.732253617272363e-06,6.0,180.0
-669.099002855645,117.16036019178966,118.46968332525373,-4.177895789325703e-07,6.0,180.0
-670.2781998811765,117.20690192156852,118.70660452420236,-4.177895789325703e-07,6.0,180.0
-671.4084642975001,117.38468900587245,119.12988664823573,-1.169810957435402e-06,6.0,180.0
-672.5701860216952,117.65631278627536,119.32601592679322,-8.495055681123631e-07,6.0,180.0
-673.9817134500336,118.07018744984968,119.46966939109966,1.169810730061727e-06,6.0,180.0
-675.5095522705406,118.66867017508748,119.78112958821596,9.748418960953133e-08,6.0,180.0
-676.9681062978291,119.24533540912704,119.93737074533728,2.506737246221746e-06,6.0,180.0
-678.2995785638161,119.52022953030084,119.85432107177064,9.33063347474672e-07,6.0,180.0
-679.288043749724,119.53942990709665,119.83116686906212,6.54536961519625e-07,6.0,180.0
-679.8941652738131,119.49635326448733,119.9693949276749,6.54536961519625e-07,6.0,180.0
-680.2283113630649,119.47625205720954,120.23395298972808,3.203051619493635e-07,6.0,180.0
-680.4547367536815,119.53610882425112,120.47517883035177,-1.559747715873527e-06,6.0,180.0
-680.8794430595223,119.6288985331237,120.66834489173468,-2.40925328398589e-06,6.0,180.0
-681.4844943833605,119.5581051295322,120.9111648453186,4.177895789325703e-07,6.0,180.0
-681.9287550195627,119.25328347654448,121.15354709231232,-1.169810957435402e-06,6.0,180.0
-681.999845494397,119.04814813083112,121.34532520778208,-1.67115786098293e-07,6.0,180.0
-681.918661132823,119.19476627771832,121.4311994018704,-1.67115786098293e-07,6.0,180.0
-682.0917319081389,119.54267011282496,121.34516037655206,-3.203053438483039e-06,6.0,180.0
-682.4366880720752,119.94128714347534,121.10568761956615,-1.671158315730281e-06,6.0,180.0
-682.5598385291535,120.36735329454268,120.94493065041178,-1.350852926407242e-06,6.0,180.0
-682.5771421000857,120.76978556141664,120.95016403219412,-1.420484522896004e-06,6.0,180.0
-682.9018206305658,121.01360385628632,120.89434263774385,1.086252723325742e-06,6.0,180.0
-683.5628602921888,121.02928720183766,120.8243335500687,-2.659927076820168e-06,6.0,180.0
-684.3709011565032,120.96618410659684,120.96378757622269,-2.590295480331406e-06,6.0,180.0
-685.2199841431552,121.06752230497932,121.20095581967958,-2.590295480331406e-06,6.0,180.0
-686.2067307676713,121.2620536382103,121.48483873360786,1.72686350197182e-06,6.0,180.0
-687.3116055604319,121.396227383642,121.8964342954506,-8.773581612331327e-07,6.0,180.0
-688.3052771154535,121.5828361779818,122.24948811049352,4.59568354926887e-07,6.0,180.0
-689.1838377392974,121.79733306707804,122.4791297146479,-7.241685580083868e-07,6.0,180.0
-690.1302138113109,121.90591258054636,122.81357635264096,1.392631929775234e-07,6.0,180.0
-691.2092233674175,121.896468848033,123.41519136410976,-3.969001227233093e-06,6.0,180.0
-692.178042204463,121.87737488929676,124.14222010069584,-3.969001227233093e-06,6.0,180.0
-692.991361008451,122.0272977177794,124.7382046804828,1.016621126836981e-06,6.0,180.0
-693.7637137480123,122.2261677311988,125.18807774493348,1.949683792190626e-07,6.0,180.0
-694.2921257754434,122.2671510272268,125.64025228780868,-9.469897577218944e-07,6.0,180.0
-694.4736203568677,122.30432322303876,126.11602372891883,-1.476189936511219e-06,6.0,180.0
-694.483265430569,122.46078832538726,126.4607899540094,-9.469897577218944e-07,6.0,180.0
-694.5422833319868,122.6068269091328,126.58309778678752,-1.114105543820187e-06,6.0,180.0
-694.6169701294194,122.66256426458024,126.72552062213012,-2.576369070084183e-06,6.0,180.0
-694.6419229091591,122.71214143073004,126.92891941534654,-2.576369070084183e-06,6.0,180.0
-694.6356700747684,122.737192863547,126.88378137834036,-1.476189936511219e-06,6.0,180.0
-694.5115628348386,122.49276940320946,126.68838130323444,-1.643305722609512e-06,6.0,180.0
-694.4077035881439,122.09376483574071,126.50220098438656,-1.364779336654465e-06,6.0,180.0
-694.5149872784557,121.85334884946872,126.30737471246836,5.291999514156487e-07,6.0,180.0
-694.8213435179721,121.75434665759025,126.16152358217496,-6.684633717668476e-07,6.0,180.0
-695.3855260439207,121.77344099245876,125.94892997255684,-6.40610778646078e-07,6.0,180.0
-696.4194277293984,121.93993353441223,125.49618718772749,-1.253370101039764e-07,6.0,180.0
-697.7670723243046,122.13499092624582,125.01305854790292,-1.253370101039764e-07,6.0,180.0
-699.1053268667038,122.18151658974222,124.83352945914248,3.049863835258293e-06,6.0,180.0
-700.5249906868299,122.11148535157436,124.91474956067032,2.367474053244223e-06,6.0,180.0
-701.9873911857744,122.03675699902524,124.9854934385813,-1.72686350197182e-06,6.0,180.0
-703.2899276778147,122.07887212497782,125.12993763552372,4.734947651741095e-07,6.0,180.0
-704.4250492355867,122.43223470724524,125.71975776449212,1.323000333286473e-06,6.0,180.0
-705.4980095362791,123.07815173701132,126.45852663423916,-2.088947894662851e-07,6.0,180.0
-706.6254399931553,123.79313366898737,126.93748636287644,-2.088947894662851e-07,6.0,180.0
-707.7612258028934,124.43192180655782,127.23092085582805,-9.748418960953133e-08,6.0,180.0
-708.6434749343534,124.9841391209478,127.47076528068972,-9.052107543539024e-07,6.0,180.0
-709.0864049027061,125.3695351486368,127.85990953283148,6.823895546403946e-07,6.0,180.0
-709.2875431036907,125.37896673641342,128.38709348197816,-1.67115786098293e-07,6.0,180.0
-709.4733296397048,125.0709118167712,128.72391717838275,-9.33063347474672e-07,6.0,180.0
-709.5527283034035,124.73662424786704,128.90470690874074,-1.044473947331426e-06,6.0,180.0
-709.5281959473467,124.42023069993196,129.3554399377237,-1.754716322466265e-06,6.0,180.0
-709.6130626336969,124.11670336000472,129.96908164554063,-1.754716322466265e-06,6.0,180.0
-709.8430790215641,123.91394904692636,130.42581914221842,-4.40071653429186e-06,6.0,180.0
-710.1207629413437,123.8081501227242,130.7719388764858,-3.899369858118007e-07,6.0,180.0
-710.4500201278314,123.82560474705085,131.0934673149553,3.481579824438086e-07,6.0,180.0
-710.8295909737084,124.0151932213576,131.34660022912206,-1.643305722609512e-06,6.0,180.0
-711.1459764282446,124.33108162647572,131.50606709966667,1.33692651616002e-06,6.0,180.0
-711.4573707935388,124.6281001607733,131.58804649968494,-1.323000333286473e-06,6.0,180.0
-711.9460561005028,124.8813698914208,131.5499431111695,-1.323000333286473e-06,6.0,180.0
-712.6363120801307,125.18379403868636,131.41341051630422,-5.152737685421016e-07,6.0,180.0
-713.4656159069864,125.64338598631488,131.29199819569644,2.088947894662851e-07,6.0,180.0
-714.4234799685179,126.35341890082609,131.24981976426216,2.645999757078243e-07,6.0,180.0
-715.5274769317801,127.24904927586316,131.12977281817015,-6.823897820140701e-07,6.0,180.0
-716.738435273018,128.21281804823852,130.81779699733565,-2.256063680761144e-06,6.0,180.0
-717.9946845386571,128.95076679168503,130.46054501966674,-1.643305722609512e-06,6.0,180.0
-719.2185683508706,129.24798850944708,130.37831603664006,-1.350852926407242e-06,6.0,180.0
-720.295881905253,129.4154872752436,130.61354485596735,-1.350852926407242e-06,6.0,180.0
-721.2222300946676,129.730783024109,130.70590867350114,-2.256063680761144e-06,6.0,180.0
-722.0949449880177,129.93625261439928,130.7408444996852,-2.520663883842644e-06,6.0,180.0
-722.7664099471954,129.8955763528742,131.02713763581795,-5.988317752780858e-07,6.0,180.0
-722.9743170074149,129.87536974029732,131.16044192362153,-1.295147740165703e-06,6.0,180.0
-722.8041177680478,129.91001446986027,131.0010507843557,-1.295147740165703e-06,6.0,180.0
-722.5321265350835,129.78475441480327,130.88898218000702,6.963159648876172e-07,6.0,180.0
-722.2179551206328,129.52331237750064,130.888893234745,6.963159648876172e-07,6.0,180.0
-721.8021926674197,129.28842789242245,130.8475270406201,5.013473582948791e-07,6.0,180.0
-721.2964846109818,129.0621477940976,130.83660347676093,-9.052107543539024e-07,6.0,180.0
-720.807624255807,128.827353714254,131.03273315142476,-2.102874304910074e-06,6.0,180.0
-720.4668378575929,128.69844660665828,131.3023450037299,-2.130726898030844e-06,6.0,180.0
-720.3895433017605,128.69861743173396,131.41738991721326,1.128031726693735e-06,6.0,180.0
-720.7812034478166,128.59921875755165,131.3124448680641,-9.60916167969117e-07,6.0,180.0
-721.8129014083602,128.32449736933296,131.17997032797928,8.077263373706955e-07,6.0,180.0
-723.2973795523584,128.19859153106185,131.10776323960718,8.077263373706955e-07,6.0,180.0
-724.7745579716394,128.31616228899776,131.0878099600303,7.938001544971485e-07,6.0,180.0
-726.055897337102,128.35841539320063,131.2955775350131,1.671158088356606e-06,6.0,180.0
-727.3301588718892,128.26375060858052,131.6748259931378,8.495053407386877e-07,6.0,180.0
-728.7597422484329,128.28266288620733,132.16110955326582,-6.684633717668476e-07,6.0,180.0
-730.2042295710842,128.51410017359422,132.70074178055484,1.114103724830784e-07,6.0,180.0
-731.3615539217146,128.82377185650063,133.16899133038703,-1.378705746901687e-06,6.0,180.0
-732.2391727897291,129.08524338113594,133.66306753696057,-4.734949925477849e-07,6.0,180.0
-733.0886144564073,129.4116375846764,134.25728656267466,-4.734949925477849e-07,6.0,180.0
-733.8884662498406,129.87166380122494,134.90871057068463,-1.28122132991848e-06,6.0,180.0
-734.5943045783333,130.30302285567163,135.42735441068973,-8.634317509859102e-07,6.0,180.0
-735.2080596841907,130.60160456089102,135.73712780915716,-2.228211997135077e-07,6.0,180.0
-735.5643160852989,130.8434003495878,136.0209441951218,-8.355800673598426e-08,6.0,180.0
-735.6650302352418,130.9662319781888,136.25535661265113,-1.15588454718818e-06,6.0,180.0
-735.6822740670573,130.90607779822628,136.43736555729123,-5.988317752780858e-07,6.0,180.0
-735.7591452846781,130.86562375975146,136.71143432975066,-5.988317752780858e-07,6.0,180.0
-735.8688686656608,130.92728387747644,137.10395648760675,1.392618287354708e-08,6.0,180.0
-735.9699703436145,131.102252085969,137.5259171416023,-1.15588454718818e-06,6.0,180.0
-736.1243209582185,131.34181638149778,137.68752641684026,-1.183737140308949e-06,6.0,180.0
-736.1978114127265,131.42040723417372,137.55280658363515,3.063789790758165e-07,6.0,180.0
-736.1218366772542,131.3711967812106,137.3105006679944,-1.114105998567538e-07,6.0,180.0
-736.031520422129,131.34684767482133,136.80744200603934,1.476189709137543e-06,6.0,180.0
-736.0705387879266,131.2886020755762,136.0933085163278,1.67115786098293e-07,6.0,180.0
-736.344495261616,131.22591975126676,135.50202276577497,1.67115786098293e-07,6.0,180.0
-736.8067975724962,131.25907777715202,135.0742971203065,-3.899369858118007e-07,6.0,180.0
-737.5340588443257,131.46742759043337,134.79091123933154,5.291999514156487e-07,6.0,180.0
-738.6752564616519,131.75442943110988,134.6980919870088,9.191369372274494e-07,6.0,180.0
-740.0236876887155,131.86847409428898,134.70846615612115,-6.40610778646078e-07,6.0,180.0
-741.3144213951816,131.87659814570054,134.71956817365754,-1.378705746901687e-06,6.0,180.0
-742.5820836217986,131.88605143488456,134.70536238480835,1.949684474311653e-06,6.0,180.0
-743.8791567146402,131.87177379027094,134.8918627839887,1.949684474311653e-06,6.0,180.0
-745.1437677098316,132.00998726498997,135.4488964464528,-1.949684701685328e-06,6.0,180.0
-746.2596544006384,132.3496607081038,136.1507377886787,-2.033242708421312e-06,6.0,180.0
-747.1462961344469,132.70540772933447,136.88808266453083,-1.392641024722252e-08,6.0,180.0
-747.9723274015678,132.99528339840185,137.58063590264396,-8.634317509859102e-07,6.0,180.0
-748.7651245189011,133.2121504678179,137.9398424854556,-3.899369858118007e-07,6.0,180.0
-749.3142579469237,133.33129075988688,138.02545341885894,-1.28122132991848e-06,6.0,180.0
-749.6901014006789,133.3690252561032,138.12423270417588,-1.12803195406741e-06,6.0,180.0
-749.8918913886882,133.40473063384218,138.2186742487929,-1.12803195406741e-06,6.0,180.0
-749.9087627069023,133.40550539272363,138.23987236310424,-8.216529749915935e-07,6.0,180.0
-749.8816196735374,133.25340854589987,138.26428228973373,-6.684633717668476e-07,6.0,180.0
-749.8015957543498,133.04931547301035,138.26679374999168,2.506735654606018e-07,6.0,180.0
-749.720507177983,133.01104989753023,138.24551683483128,1.323000333286473e-06,6.0,180.0
-749.6771407134304,133.27126851604035,138.32344572925462,-5.431265890365466e-07,6.0,180.0
-749.8564925078332,133.7176850062536,138.30251638956557,1.225515916303266e-06,6.0,180.0
-750.3436008249689,133.78822453620708,138.05105211765093,1.225515916303266e-06,6.0,180.0
-750.9207730853217,133.34122149954734,137.87243968362634,2.506735654606018e-07,6.0,180.0
-751.6694924847576,132.91614138760949,137.92459531497155,-2.01931629817409e-06,6.0,180.0
-752.7087202442975,132.76943440306275,138.05764304308914,1.030547537084203e-06,6.0,180.0
-753.8631325108356,132.79854015494703,138.2062192766182,-2.242137497887597e-06,6.0,180.0
-755.0197560250724,133.07137387718927,138.43380904653597,-1.239442553924164e-06,6.0,180.0
-756.2337087277255,133.67020771328637,138.55719381802894,-2.91060064228077e-06,6.0,180.0
-757.4842142085995,134.2619930142406,138.4844668116448,-1.15588454718818e-06,6.0,180.0
-758.6903309326736,134.66571790854232,138.56225567309446,-1.15588454718818e-06,6.0,180.0
-759.6926048412565,135.0174927410233,138.94862141800337,7.79873744249926e-07,6.0,180.0
-760.3108350297927,135.2546321916535,139.37436059395938,1.030547537084203e-06,6.0,180.0
-760.7435057270512,135.3334138220861,139.70152252204892,-1.768642505339812e-06,6.0,180.0
-761.4044623554071,135.34689446100765,139.83310836214036,-1.114105543820187e-06,6.0,180.0
-762.2593001051072,135.22873059298422,139.7032902565934,-7.520213785028318e-07,6.0,180.0
-762.9212025293618,134.9909389790905,139.6272636378836,-9.74842350842664e-07,6.0,180.0
-763.3503807257197,134.84733353439955,139.79829461955808,-9.74842350842664e-07,6.0,180.0
-763.6005180817161,134.776740769553,140.10349921133025,2.283916273881914e-06,6.0,180.0
-763.6357528321572,134.68383168845637,140.41802361640634,4.038631686853478e-07,6.0,180.0
-763.5536877129346,134.66451599821582,140.56699108331114,-2.771337449303246e-06,6.0,180.0
-763.406801178344,134.81190450045656,140.5115769017138,-6.266843683988554e-07,6.0,180.0
-763.243388032351,135.0118038101535,140.4214842358813,-2.994158649016754e-06,6.0,180.0
-763.1302537213514,135.00249975600082,140.43742024401695,-1.824347918955027e-06,6.0,180.0
-763.0856062689752,134.83726826546575,140.60889343642182,5.849053650308633e-07,6.0,180.0
-763.2183955853678,134.78789309575723,140.84827866260775,5.849053650308633e-07,6.0,180.0
-763.6552695341207,134.84242857899588,141.02383577237308,-9.191371646011248e-07,6.0,180.0
-764.395470146494,134.87714740259864,141.17559783628053,1.629379312362289e-06,6.0,180.0
-765.4686312341352,134.95981299068345,141.51940779251467,9.33063347474672e-07,6.0,180.0
-766.8868391485878,135.1528037629568,142.06126552991736,-3.760105755645782e-07,6.0,180.0
-768.4752452840289,135.44810496990328,142.5215420740441,7.520211511291564e-07,6.0,180.0
-769.9002694784169,135.85816934797236,142.84151839699217,2.283916273881914e-06,6.0,180.0
-770.9720825786023,136.30513298167102,143.10107371184552,-3.189127028235816e-06,6.0,180.0
-771.7527827260252,136.68426188006995,143.24664062266146,-3.189127028235816e-06,6.0,180.0
-772.272371951519,136.8533911245298,143.36590295103733,-2.924527962022694e-07,6.0,180.0
-772.6438209206915,136.72044401846995,143.69663720258063,3.481579824438086e-07,6.0,180.0
-773.2170560858273,136.5600813245557,144.26873487876352,-3.899369858118007e-07,6.0,180.0
-774.056591798771,136.62379382258823,144.88175289723495,-2.228211997135077e-07,6.0,180.0
-774.8767373960061,136.8189565585493,145.44119200688488,-4.177895789325703e-07,6.0,180.0
-775.5882664258487,137.1578334051725,145.92350432935882,3.063789790758165e-07,6.0,180.0
-776.0908035180557,137.63658847638737,146.2464009272098,3.063789790758165e-07,6.0,180.0
-776.3059910352956,138.00063438232138,146.36240845735082,5.988315479044104e-07,6.0,180.0
-776.4955215722244,138.08563651450277,146.35593645781478,-8.355800673598426e-08,6.0,180.0
-776.8011711467127,137.974094747122,146.37539794389644,-1.866126694949344e-06,6.0,180.0
-777.182704264342,137.81013904637632,146.46992946488334,5.57051862415392e-08,6.0,180.0
-777.6506279670676,137.58998324585014,146.56888215698183,-2.46495847022743e-06,6.0,180.0
-778.1526651241206,137.36525189809203,146.6020157824453,2.78525931207696e-08,6.0,180.0
-778.6601518680163,137.36022555765646,146.67066111693583,-8.07726564744371e-07,6.0,180.0
-779.2084352511068,137.52592618244594,146.70144749847003,-8.07726564744371e-07,6.0,180.0
-779.7323777168353,137.48425134103698,146.51529527754872,-1.712937319098273e-06,6.0,180.0
-780.2889610423799,137.2741266686929,146.2677028202722,-3.620843926910311e-07,6.0,180.0
-781.0630319016038,137.28413289793332,146.15886318939653,-6.823897820140701e-07,6.0,180.0
-781.9174107953232,137.48703912357115,146.27560544741038,-8.355791578651406e-07,6.0,180.0
-782.7202713863679,137.6407655852281,146.60014999886872,1.253367827303009e-07,6.0,180.0
-783.6043079474792,137.79361608303225,146.88099790948758,2.158579263777938e-06,6.0,180.0
-784.5166782126436,138.07525458693888,147.09137908735016,2.158579263777938e-06,6.0,180.0
-785.4810423763448,138.49588571109706,147.45201645131812,-4.038633960590232e-07,6.0,180.0
-786.6814320457145,139.13062133916955,147.8931836287968,-8.773581612331327e-07,6.0,180.0
-788.0326477393153,139.88260404245156,148.27684623770304,-1.309074150412926e-06,6.0,180.0
-789.3295417373574,140.422313258588,148.61191538365398,-8.07726564744371e-07,6.0,180.0
-790.4045769010047,140.66360971070662,148.8769010933247,1.78256868821336e-06,6.0,180.0
-791.3070024288608,140.73467865111004,149.06867245714713,-1.392631929775234e-06,6.0,180.0
-792.203418924549,140.74650492070114,149.35492329813587,-9.887687610898863e-07,6.0,180.0
-793.0915606408854,140.82443482586592,149.78551847274014,-9.887687610898863e-07,6.0,180.0
-793.8917356509568,141.08007357806167,150.06834971015715,-2.325695277249906e-06,6.0,180.0
-794.3904091846441,141.5003137145804,150.2273975520054,2.311768867002684e-06,6.0,180.0
-794.4962248233181,141.94601335682003,150.47783146756498,5.849053650308633e-07,6.0,180.0
-794.5669117110256,142.412972470961,150.56018972350964,-1.295147740165703e-06,6.0,180.0
-794.7654783604157,142.93984038618143,150.47812396663056,9.88768533716211e-07,6.0,180.0
-794.9798878446778,143.36756253872977,150.6006217047704,-1.002694943963434e-06,6.0,180.0
-795.2242705071878,143.56779254384762,150.960769167501,-1.002694943963434e-06,6.0,180.0
-795.4060838534396,143.5216192809417,151.33547820822864,-6.127581855253084e-07,6.0,180.0
-795.5179432932223,143.24636195596136,151.503090663485,3.620841653173557e-07,6.0,180.0
-795.7361854119771,142.8584290517263,151.50112689932513,-4.177895789325703e-07,6.0,180.0
-796.1356321328441,142.5443146046007,151.55367837537102,-1.406558340022457e-06,6.0,180.0
-796.6309299592622,142.38588007287,151.76297721660038,-4.595685823005624e-07,6.0,180.0
-797.1029002828427,142.2769399653933,151.9923868009049,-1.114105998567538e-07,6.0,180.0
-797.7531974625608,142.06533622051091,151.95447839177493,-1.392641024722252e-08,6.0,180.0
-798.7936158554428,141.84315841587986,151.6658564008633,-1.392641024722252e-08,6.0,180.0
-800.0167404646618,141.9560295752542,151.42336911252187,-1.12803195406741e-06,6.0,180.0
-801.3352308142264,142.5592415767661,151.4520875381769,-9.052107543539024e-07,6.0,180.0
-802.6482422483084,143.29729464949722,151.77521883218313,2.659926849446492e-06,6.0,180.0
-803.7726908167671,143.88936196612394,152.1400556338852,1.128031726693735e-06,6.0,180.0
-804.9060533991677,144.31486659900736,152.45083882581878,6.266843683988554e-07,6.0,180.0
-806.1089983969705,144.46510192491075,152.81002881994306,-2.924527962022694e-07,6.0,180.0
-807.2274730876856,144.4683893656211,153.12121979577796,6.406105512724025e-07,6.0,180.0
-808.2336596016283,144.56042149297193,153.33405436243035,6.406105512724025e-07,6.0,180.0
-809.014368354626,144.78209409951356,153.64285433046055,1.810421281334129e-06,6.0,180.0
-809.4360151621738,145.0040007166071,154.0478705737737,-2.896674459407222e-06,6.0,180.0
-809.6112505272938,145.10690715146427,154.32984467484266,-2.158579491151613e-06,6.0,180.0
-809.709156298615,145.09195373018812,154.51170802316187,-8.355800673598426e-08,6.0,180.0
-809.7991425150606,144.86687624204495,154.68264899459373,-1.030547764457879e-06,6.0,180.0
-809.9394297008665,144.5524508863897,154.9052518267498,1.991463477679645e-06,6.0,180.0
-810.0021280781359,144.35207665860068,155.27273433557568,1.991463477679645e-06,6.0,180.0
-809.8436796292111,143.99171548355105,155.61278450066757,1.211589733429719e-06,6.0,180.0
-809.5806672952898,143.48672341067743,155.69935763253733,-5.988317752780858e-07,6.0,180.0
-809.5659215293716,143.22488254968798,155.6882276281599,-2.646002030814998e-07,6.0,180.0
-809.8562599627639,143.23141016977027,155.82713136566386,1.991463477679645e-06,6.0,180.0
-810.1647430500024,143.52799154407856,156.09879539268596,-2.548516476963414e-06,6.0,180.0
-810.557452586453,144.0942248423747,156.4483662981613,-9.469897577218944e-07,6.0,180.0
-811.1622311124105,144.60074270008928,156.80334313192083,-6.684633717668476e-07,6.0,180.0
-811.8581853008117,145.0482389993036,157.14265747996575,-6.684633717668476e-07,6.0,180.0
-812.5817903181427,145.8184658530225,157.52001253659594,-9.33063347474672e-07,6.0,180.0
-813.4707192705018,146.90807814681884,157.78919881891375,1.100179133572965e-06,6.0,180.0
-814.829344350152,147.95885232992327,157.7930597797569,-2.088947894662851e-07,6.0,180.0
-816.6628879776496,148.69009479704013,157.67867147766543,-1.002694943963434e-06,6.0,180.0
-818.4767868274635,148.97219247718093,157.65753710141462,-3.063789790758165e-07,6.0,180.0
-819.9016072883326,148.85428497086588,157.69588724564784,-2.269990091008367e-06,6.0,180.0
-820.8263995028559,148.52847770025787,157.8168376906771,-2.269990091008367e-06,6.0,180.0
-821.359499566538,148.11494781023097,158.23003811245815,1.086252723325742e-06,6.0,180.0
-821.8572777472949,147.74536018802053,158.81807681756538,9.88768533716211e-07,6.0,180.0
-822.5577481077637,147.6474418592302,159.25195942202944,-7.520213785028318e-07,6.0,180.0
-823.3881278993558,147.80126923910709,159.54359708769806,-2.102874304910074e-06,6.0,180.0
-824.0593527066175,148.04929890543,159.79237173129033,-5.570527719100937e-07,6.0,180.0
-824.4214286906514,148.38604471463384,160.01691200760752,-1.392631929775234e-06,6.0,180.0
-824.6902118955019,148.85567025751433,160.1824352196629,2.78525931207696e-08,6.0,180.0
-825.0719420285208,149.31199166096314,160.1972399860154,2.78525931207696e-08,6.0,180.0
-825.5548661932588,149.64818747660752,160.00531388101157,-4.177900336799213e-08,6.0,180.0
-826.0633814972261,149.85732534403363,159.63161262459224,2.78525931207696e-08,6.0,180.0
-826.4707824517272,149.9399940255945,159.26096723305204,-1.211589733429719e-06,6.0,180.0
-826.8182031459794,150.07751501690703,158.97662204678775,-2.646002030814998e-07,6.0,180.0
-827.2983939967515,150.30392129024966,158.81955582349622,-9.33063347474672e-07,6.0,180.0
-828.1096442157415,150.53994522524115,158.9453952970783,-2.102874304910074e-06,6.0,180.0
-829.3026236697578,150.80910512886732,159.15629978417604,-2.102874304910074e-06,6.0,180.0
-830.5537734018247,151.13822232666726,159.16111140361488,8.634317509859102e-07,6.0,180.0
-831.6954245737038,151.34623158063934,159.10619503837688,-1.504042529631988e-06,6.0,180.0
-832.9076927407236,151.2194466428109,159.23370685729375,-1.323000333286473e-06,6.0,180.0
-834.1433380686403,150.9178014068063,159.4476675707369,2.78525931207696e-08,6.0,180.0
-835.1331870774795,150.72615554225294,159.5334565872317,1.33692651616002e-06,6.0,180.0
-836.0159506941278,150.77745521243395,159.54358809160155,-9.887687610898863e-07,6.0,180.0
-837.0084525321013,150.9540988844964,159.67568836930752,2.924525688285939e-07,6.0,180.0
-837.8672932364011,151.19182739805908,160.0123239339126,2.924525688285939e-07,6.0,180.0
-838.4576085713792,151.5343569925514,160.427472706763,-4.317159891797928e-07,6.0,180.0
-838.9075298950127,151.68962844193084,160.80298878834864,5.57051862415392e-08,6.0,180.0
-839.425034484054,151.6114832431004,161.19493424975886,9.748418960953133e-08,6.0,180.0
-840.0490027100861,151.55612180889435,161.71191413075982,-1.685084725977504e-06,6.0,180.0
-840.5996648651401,151.4356988526753,162.37324597418714,1.100179133572965e-06,6.0,180.0
-841.0755303588518,151.29836621932043,163.13637113127967,2.228209723398322e-07,6.0,180.0
-841.5921247014338,151.29238653825192,163.7907089464679,-5.292001787893241e-07,6.0,180.0
-842.0957144688556,151.39589114280835,164.14013147473688,-5.292001787893241e-07,6.0,180.0
-842.4190015951456,151.628568981545,164.2123591230516,4.456421720533399e-07,6.0,180.0
-842.5927340164678,151.9110558970443,164.03258356199714,8.912843441066798e-07,6.0,180.0
-842.9328358148699,152.1995279765598,163.82971646629204,1.225515916303266e-06,6.0,180.0
-843.6342895821634,152.49146797261568,163.88122661086138,7.380947408819338e-07,6.0,180.0
-844.4266680987573,152.62170282189453,164.0318467265748,4.038631686853478e-07,6.0,180.0
-845.0510446643905,152.53094054129264,164.00894372877354,-1.392631929775234e-06,6.0,180.0
-845.5954670394548,152.4329438481716,163.87883590340283,-1.392631929775234e-06,6.0,180.0
-846.0123885285009,152.6018198444987,163.8752350345744,0.0,6.0,180.0
-846.2870258187475,153.06354017167098,164.0663224909117,0.0,6.0,180.0
-846.8407390255059,153.5476326440617,164.46347851308732,-1.197663550556172e-06,6.0,180.0
-847.8681780425021,153.9488089627053,164.99696610659743,-1.712937319098273e-06,6.0,180.0
-849.0589859090236,154.32653338974586,165.4325083674697,-1.239442553924164e-06,6.0,180.0
-850.3405966593498,154.63601207289088,165.7296188832742,4.59568354926887e-07,6.0,180.0
-851.7716099750587,154.90701393539723,166.11390993790008,-3.32839022121334e-06,6.0,180.0
-853.1020871678876,155.1857597395438,166.51417962815134,-3.32839022121334e-06,6.0,180.0
-854.2016001182163,155.4173574880966,166.8098679291719,-8.912845714803552e-07,6.0,180.0
-855.23960251359,155.50137995350664,167.14992650192715,-9.887687610898863e-07,6.0,180.0
-856.3740361575041,155.4548904445008,167.5094936840471,-1.392641024722252e-08,6.0,180.0
-857.3954884313227,155.45490506184777,167.9165596616013,8.773579338594573e-07,6.0,180.0
-858.0956687779998,155.47938105710654,168.32747087302775,-1.406558340022457e-06,6.0,180.0
-858.6309056417463,155.35592132188782,168.3933559891354,6.127579581516329e-07,6.0,180.0
-859.1610486197563,155.14162264419582,168.06153707011808,6.127579581516329e-07,6.0,180.0
-859.5829409275382,154.9862370239253,167.74846283664917,-1.239442553924164e-06,6.0,180.0
-859.7033552869998,154.94356322441482,167.71964801305705,-1.309074150412926e-06,6.0,180.0
-859.7491522738322,155.05835498564994,168.01459200518045,-1.239442553924164e-06,6.0,180.0
-859.880884068096,155.31990658412437,168.5526160795756,2.311768867002684e-06,6.0,180.0
-859.786288236497,155.59986072845126,168.9464831247644,1.462263298890321e-06,6.0,180.0
-859.5400261086799,155.7513054453526,169.04901305778563,4.177877599431668e-08,6.0,180.0
-859.5984794092524,155.7671125948612,169.065559844542,-1.712937319098273e-06,6.0,180.0
-859.9672758100962,155.830146219577,169.09091023215993,-1.712937319098273e-06,6.0,180.0
-860.5074192516846,156.15854914245992,169.14430503702454,-1.253370101039764e-07,6.0,180.0
-861.3490623582957,156.70180541236826,169.29869713025332,-2.896674459407222e-06,6.0,180.0
-862.51503743334,157.2680570789196,169.63718040209417,-2.116800487783621e-06,6.0,180.0
-863.9639002331672,157.8306919997889,170.18497768640054,-2.687779669940937e-06,6.0,180.0
-865.5781116136797,158.41362056917944,170.8865204189219,-1.810421963455155e-07,6.0,180.0
-867.0936190120765,158.91034882821464,171.6253088751127,-1.114105998567538e-07,6.0,180.0
-868.4653696063571,159.22602155165762,172.28855558718837,-1.114105998567538e-07,6.0,180.0
-869.7863763590271,159.4613806524337,172.8067395001306,6.406105512724025e-07,6.0,180.0
-870.9355137939662,159.7905127238791,173.14659572286382,-3.189127028235816e-06,6.0,180.0
-871.9217941265313,160.1830253668162,173.35868831336515,-5.431265890365466e-07,6.0,180.0
-873.0100472165483,160.299128229295,173.65889948354234,1.253368736797711e-06,6.0,180.0
-874.1084884685883,160.188721416187,174.1955620650489,-1.072326540452195e-06,6.0,180.0
-875.0217383570734,160.3473542288691,174.7588535379647,-4.595685823005624e-07,6.0,180.0
-875.7468695692252,160.75783588106287,175.09066511640685,-1.67115786098293e-07,6.0,180.0
-876.228661300082,160.95980004859342,175.21506550691424,-1.67115786098293e-07,6.0,180.0
-876.5933885243884,160.93015828129387,175.33887347426514,1.072326540452195e-06,6.0,180.0
-876.894187158508,160.91780498564478,175.43963141568736,-2.91060064228077e-06,6.0,180.0
-877.0018257920865,160.82703239139818,175.28880441431468,-6.266843683988554e-07,6.0,180.0
-877.1544196652491,160.5541845578343,175.09078904004758,-2.673853259693715e-06,6.0,180.0
-877.584208995537,160.26239737955262,175.09610632721473,-1.504042529631988e-06,6.0,180.0
-878.194672037869,160.14341255746038,175.0919278097747,-2.785263859550469e-07,6.0,180.0
-878.9683949066837,160.30450116051702,175.0172045164071,-2.785263859550469e-07,6.0,180.0
-879.779431427787,160.7487239306848,174.95651116450696,-1.392641024722252e-08,6.0,180.0
-880.5486628773242,161.32431272265902,174.8175477304705,-6.823897820140701e-07,6.0,180.0
-881.4522602953343,161.89270473971388,174.67832251387054,-1.114105998567538e-07,6.0,180.0
-882.4683722065793,162.45716656646908,174.6677001903624,5.709789547836408e-07,6.0,180.0
-883.5353415311582,163.02052739837575,174.8256143393989,-8.634317509859102e-07,6.0,180.0
-884.6422497789341,163.51416617292125,175.1325576792623,-9.60916167969117e-07,6.0,180.0
-885.8481866829478,163.94641989120095,175.40576073932417,-2.632074256325723e-06,6.0,180.0
-887.3645988868317,164.258281779046,175.6372524419566,-2.632074256325723e-06,6.0,180.0
-889.1462762489606,164.4345837287608,175.86573841321032,-1.712937319098273e-06,6.0,180.0
-890.9351735304509,164.47954954451757,175.92586803409117,-1.183737140308949e-06,6.0,180.0
-892.4533769578071,164.29499564995902,175.88990574545167,4.456421720533399e-07,6.0,180.0
-893.532954786325,164.039652650367,175.998627020563,8.216527476179181e-07,6.0,180.0
-894.2670832804527,163.7632172136751,176.22725239504862,3.760105755645782e-07,6.0,180.0
-894.7851768961691,163.48520760678636,176.4611938397342,-2.646002030814998e-07,6.0,180.0
-895.1513513830171,163.2758689453807,176.73913607244492,-5.570541361521465e-08,6.0,180.0
-895.4574648431156,163.00862062487803,177.07869221938765,-5.570541361521465e-08,6.0,180.0
-895.8527509090954,162.7852662105829,177.29993473418807,-2.646002030814998e-07,6.0,180.0
-896.3271479642596,162.65088131129573,177.2618882419049,-5.849053650308633e-07,6.0,180.0
-896.730655348397,162.54743164033042,177.2557315511694,-9.469897577218944e-07,6.0,180.0
-897.0434001003998,162.72552382214607,177.57581405051474,-3.008085059263976e-06,6.0,180.0
-897.3328912704874,163.2705890361273,178.04006465261887,-2.785282049444504e-08,6.0,180.0
-897.7226316834723,163.96890132328096,178.4554406585822,-1.852200512075797e-06,6.0,180.0
-898.3001704899098,164.64251664364656,178.77670739907097,-1.852200512075797e-06,6.0,180.0
-899.0266230565004,165.14406169052305,179.05094979388195,-7.798739716236014e-07,6.0,180.0
-899.9950247313556,165.41062513841354,179.42232002741488,-3.760105755645782e-07,6.0,180.0
-901.27165219665,165.61528807275113,179.917400751881,1.740789684845367e-06,6.0,180.0
-902.673534003502,165.9070234208461,180.47334899904985,-1.810421508707805e-06,6.0,180.0
-904.13450047179,166.2118234109558,181.03341364375825,2.088947894662851e-07,6.0,180.0
-905.729067473706,166.46204823338255,181.4902856784136,1.086252723325742e-06,6.0,180.0
-907.2929034808628,166.6048837197695,181.7771319749687,3.049863835258293e-06,6.0,180.0
-908.719460915268,166.58937674808237,181.93724684168063,3.049863835258293e-06,6.0,180.0
-910.1325698680304,166.4606053380245,182.12841748509945,1.100179133572965e-06,6.0,180.0
-911.3718280497174,166.32348233159476,182.4096621149721,-5.013475856685545e-07,6.0,180.0
-912.3176383182448,166.36351962804784,182.72171736014104,2.785263859550469e-07,6.0,180.0
-913.207629007346,166.6236301671838,183.03384387712296,1.991463477679645e-06,6.0,180.0
-914.1386114364012,167.01609407100597,183.1879452644417,3.620841653173557e-07,6.0,180.0
-915.0788879066332,167.47413394843986,183.3155072444809,8.495053407386877e-07,6.0,180.0
-916.0101976276592,167.82550257655484,183.7999286991392,8.495053407386877e-07,6.0,180.0
-916.8036500213772,168.06794551111506,184.5003469136464,1.28122132991848e-06,6.0,180.0
-917.4384464576387,168.2009140911765,185.11938730887388,-7.102423751348397e-07,6.0,180.0
-918.0150609892454,168.0625431867457,185.75883999802875,-7.659475613763789e-07,6.0,180.0
-918.4419840063466,167.8353329159227,186.2933342007414,-1.267295147044933e-06,6.0,180.0
-918.5410808959156,167.74370986252305,186.33223288057053,-1.225516143676941e-06,6.0,180.0
-918.4956133079432,167.78637221371724,185.96961390865025,-1.225516143676941e-06,6.0,180.0
-918.6293605346152,168.06973132263252,185.74282914832253,-2.339621687497129e-06,6.0,180.0
-918.9198105678732,168.5156250527092,185.82092635993948,-2.339621687497129e-06,6.0,180.0
-919.306545681995,168.86616809767995,185.94530428771952,3.203051619493635e-07,6.0,180.0
-919.9601567921204,169.03206280517634,185.989299040574,4.87421175421332e-07,6.0,180.0
-920.851285821997,169.05813128245543,185.91994847093,-2.924527962022694e-07,6.0,180.0
-921.8775294704494,169.14311308684918,185.76920488802983,6.684631443931721e-07,6.0,180.0
-923.1255734899964,169.47891353943058,185.61169337911963,7.520211511291564e-07,6.0,180.0
-924.546360484328,169.98985496621506,185.41945514978968,2.339621460123453e-06,6.0,180.0
-925.9908846587556,170.49819803279595,185.28830052608384,2.339621460123453e-06,6.0,180.0
-927.22063019425,170.82844461127374,185.42200636101435,-1.169810957435402e-06,6.0,180.0
-928.1890832718016,170.82019777469887,185.84730081072613,3.384095407454879e-06,6.0,180.0
-929.18982302756,170.701580929232,186.41655840530728,3.760105755645782e-07,6.0,180.0
-930.2546274317544,170.76848215800194,186.92023215104783,-5.431265890365466e-07,6.0,180.0
-931.1999654060634,171.02225078227903,187.32035967117795,3.230905804230133e-06,6.0,180.0
-932.1534108574376,171.45247906209192,187.67034446378943,0.001493026735261,6.0,180.0
-933.0546883980252,171.87553216872934,188.0184863923267,0.0178153961896896,6.0,180.0
-933.4229694998918,172.05608110745334,188.4383154342944,0.0178153961896896,6.0,180.0
-933.163964493753,172.05768798820685,188.7813701787792,0.0625342577695846,6.0,180.0
-932.5476830920642,171.92582781943213,188.91686350386323,0.1351808160543442,6.0,180.0
-931.6067103394269,171.4378382010584,189.02405758735128,0.2245595455169678,6.0,180.0
-930.1598633051806,170.65085147051138,189.1774588394884,0.3193707168102264,6.0,180.0
-928.2369881072952,170.12908878915363,189.227012784157,0.4166870713233948,6.0,180.0
-926.0947015671768,169.96438555237214,189.06307274190425,0.5150790214538574,6.0,180.0
-924.043651508324,169.78799800219116,188.6308072858962,0.6144505143165588,6.0,180.0
-922.17173190452,169.55334844107085,188.0010621348295,0.6144505143165588,6.0,180.0
-920.2459990877502,169.21812671703023,187.3265767681659,0.7142125964164734,6.0,180.0
-918.2799384937372,168.72219948364733,186.57728660342715,0.8137924075126648,6.0,180.0
-916.3896825740115,168.19289445998675,185.63914592968428,0.9135814905166626,6.0,180.0
-914.4263141476074,167.6726474919231,184.5063370056592,1.013481378555298,6.0,180.0
-912.243496638049,167.13346708836292,183.2297565262037,1.113547205924988,6.0,180.0
-909.7565632428028,166.71856236228598,181.82029373109373,1.213762283325195,6.0,180.0
-907.025649064557,166.49196234464156,180.2753923067828,1.213762283325195,6.0,180.0
-904.1471693221044,166.26163466225813,178.73157441901688,1.313680291175842,6.0,180.0
-901.0267307390884,165.95735395720382,177.2999621590918,1.413657426834106,6.0,180.0
-897.8610611894007,165.4504685507862,176.00109209275155,1.513629198074341,6.0,180.0
-895.0407148960774,164.6835240765323,174.81791355197885,1.613495111465454,6.0,180.0
-892.4153617289079,163.95984770662207,173.84685111696504,1.713487982749939,6.0,180.0
-889.6223877794848,163.33245197477942,173.25660063881026,1.813477516174316,6.0,180.0
-886.6792824988756,162.6501221383161,173.02504044694786,1.913404941558838,6.0,180.0
-883.850445999582,161.9394005008961,172.9879280302038,1.913404941558838,6.0,180.0
-881.3071748511388,161.2850377998679,172.94965674438026,2.013486623764038,6.0,180.0
-878.9692366490052,160.74687027291918,172.86724062099864,2.113445520401001,6.0,180.0
-876.524790442579,160.21307190858107,172.64227134936314,2.213509082794189,6.0,180.0
-873.6764961289289,159.71481246211445,172.18738612077595,2.313549757003784,6.0,180.0
-870.3890860508687,159.4090297012029,171.6211671351713,2.413472175598145,6.0,180.0
-867.0385909817915,159.20720787315125,171.05092666763755,2.51346492767334,6.0,180.0
-863.7423702876149,158.8784921133874,170.43074649148804,2.51346492767334,6.0,180.0
-860.2028870003285,158.19956279219934,169.63323862721023,2.613603115081787,6.0,180.0
-856.6249517513636,157.41083257688965,168.69133620054856,2.713569641113281,6.0,180.0
-853.1990941385587,156.7619731833671,167.5724422641316,2.813490867614746,6.0,180.0
-849.7617391012559,156.12967378615747,166.22607030457144,2.91357421875,6.0,180.0
-846.5451674225093,155.47373701234784,164.9097802223714,3.013384580612183,6.0,180.0
-843.7425940694719,154.74135698062975,163.85865942604346,3.113405704498291,6.0,180.0
-840.9394430961268,153.97383456498014,162.97800150213357,3.213430404663086,6.0,180.0
-837.7947105101017,153.31074210956584,162.0120018741091,3.213430404663086,6.0,180.0
-834.4139973829492,152.6984343741526,160.87445426971715,3.313446521759033,6.0,180.0
-831.0342250839864,152.0170500221484,159.71644916883903,3.413604021072388,6.0,180.0
-827.7546947592747,151.3026905591992,158.6615098345875,3.513504505157471,6.0,180.0
-824.4427004639957,150.5677230368964,157.69073007704762,3.613406658172607,6.0,180.0
-820.9747844642628,149.64924581441562,156.7172588547987,3.713367700576782,6.0,180.0
-817.4330906491384,148.5389673268481,155.65393370938008,3.813375949859619,6.0,180.0
-813.9659595778171,147.40274110574177,154.45541922604494,3.813375949859619,6.0,180.0
-810.5406123367744,146.38339570942767,153.11363595609436,3.913477182388306,6.0,180.0
-806.9907733394773,145.35031581564584,151.78426390358698,4.013400077819824,6.0,180.0
-803.2952824234429,144.17146404292197,150.59873210697296,4.113444805145264,6.0,180.0
-799.5326740150687,143.18896796758594,149.3719086056815,4.213563919067383,6.0,180.0
-795.8254380691966,142.55082387286103,148.1436317657022,4.313632965087891,6.0,180.0
-792.37528938212,142.0730386056028,147.13180050358864,4.413564205169678,6.0,180.0
-789.1473890625971,141.67942130137465,146.11775687518602,4.513387203216553,6.0,180.0
-785.7649781736513,141.38371545302417,144.9080460818039,4.513387203216553,6.0,180.0
-782.1308950121061,141.20950138726334,143.64593637092375,4.613378047943115,6.0,180.0
-778.5501893513361,141.0601634569199,142.49483919326934,4.713474273681641,6.0,180.0
-775.1319324750446,140.87211481792474,141.47654192928422,4.81354808807373,6.0,180.0
-771.632156589427,140.65931290248596,140.4734050882792,4.913581848144531,6.0,180.0
-767.925795135311,140.23966026107152,139.47113624590608,5.013475894927979,6.0,180.0
-764.1519468776862,139.56294760956797,138.58281271060804,5.113461494445801,6.0,180.0
-760.2950219792506,138.86875800405022,137.65286663833123,5.213412761688232,6.0,180.0
-756.4047040589686,138.24209536805685,136.57242519145848,5.213412761688232,6.0,180.0
-752.695176185183,137.61177051838848,135.49750485685354,5.313385486602783,6.0,180.0
-749.2204141886448,136.95711705295423,134.33000844110472,5.413473606109619,6.0,180.0
-745.8898156278677,136.37720564082366,133.11525098677373,5.513355255126953,6.0,180.0
-742.5303628761992,135.9073107175147,132.19931080006745,5.613349437713623,6.0,180.0
-738.9455686407429,135.45116948739965,131.5000190014321,5.713499069213867,6.0,180.0
-735.0458993118505,135.03609664712872,130.67691935881194,5.813594818115234,6.0,180.0
-731.0561882186985,134.6833281697625,129.68260110769953,5.813594818115234,6.0,180.0
-727.1792710657378,134.18608327417277,128.7069914008542,5.913650989532471,6.0,180.0
-723.1326317776003,133.53687288263689,127.91640735699424,6.013588905334473,6.0,180.0
-718.8659989686862,132.87581744800022,127.1902274124656,6.113460540771484,6.0,180.0
-714.9204070032828,132.07698798662324,126.41429165280076,6.213502407073975,6.0,180.0
-711.3725399115605,131.10238378429085,125.74949010834985,6.313502311706543,6.0,180.0
-708.0334415398675,130.1610677051835,125.11325109072432,6.413551330566406,6.0,180.0
-704.9489201507637,129.4756113373477,124.32399677252256,6.513519287109375,6.0,180.0
-701.8414233340461,129.08045855488663,123.43932416670324,6.513519287109375,6.0,180.0
-698.4843765455853,128.7235445108005,122.45625018355332,6.613620758056641,6.0,180.0
-694.9747149434656,128.23811078949083,121.43822892358816,6.713608741760254,6.0,180.0
-691.3734367836016,127.74997003503697,120.44515953376715,6.813561916351318,6.0,180.0
-687.6990232173198,127.252218800936,119.3102541747088,6.913476467132568,6.0,180.0
-684.0999086714527,126.72676672281284,117.9033197041148,7.013391494750977,6.0,180.0
-680.6912039951013,126.2443668143966,116.29587509096034,7.113635063171387,6.0,180.0
-677.2912978629432,125.67637245784982,114.76836331057945,7.113635063171387,6.0,180.0
-673.6683662178227,124.99751388863083,113.55833061416298,7.213510513305664,6.0,180.0
-669.891311928422,124.2833502902606,112.6042803331324,7.313348770141602,6.0,180.0
-666.1049949409249,123.4938094529159,111.64132652812278,7.413350105285645,6.0,180.0
-662.2698334455548,122.63211418388674,110.60736548454636,7.51345157623291,6.0,180.0
-658.3920785201714,121.75529290547198,109.7386680880307,7.613582611083984,6.0,180.0
-654.5830116423093,120.90863226866358,109.10989631944813,7.713509082794189,6.0,180.0
-650.7671501023744,120.03857494345102,108.59070478960172,7.813479423522949,6.0,180.0
-646.8808916942737,119.06880287180245,108.03630624628806,7.813479423522949,6.0,180.0
-643.1105527249994,118.2261148458144,107.2728722399325,7.913569927215576,6.0,180.0
-639.5190169804616,117.69916667120684,106.33464119035024,8.01354694366455,6.0,180.0
-635.9884185686283,117.17368639866228,105.4419074016017,8.11339282989502,6.0,180.0
-632.4781718250165,116.50612615706832,104.74313513534192,8.213444709777832,6.0,180.0
-629.0463433702181,115.9612771650531,104.20261120587055,8.313248634338379,6.0,180.0
-625.4964717066161,115.57437058171196,103.67323477598735,8.413418769836426,6.0,180.0
-621.5869302635721,115.20810364405888,103.03446617816876,8.413418769836426,6.0,180.0
-617.4725475300864,115.00223201797824,102.10378184280808,8.513467788696289,6.0,180.0
-613.4452134222122,114.94714218995732,100.97475991533751,8.613481521606445,6.0,180.0
-609.5813591368,114.6409782076402,99.95012562466874,8.713512420654297,6.0,180.0
-605.6783670265155,114.02321360206534,98.98661436227904,8.813416481018066,6.0,180.0
-601.628826230449,113.3176211982825,97.74153654822348,8.913264274597168,6.0,180.0
-597.6898023096289,112.55575113250718,96.30213033199556,9.013470649719238,6.0,180.0
-593.9765705274227,111.66159578870212,95.19435847311404,9.113499641418455,6.0,180.0
-590.2807173512435,110.66545893117112,94.41740067329177,9.113499641418455,6.0,180.0
-586.6729837800538,109.74011422374664,93.62181615469252,9.213276863098145,6.0,180.0
-583.2532172874241,109.04762098929938,92.65997055272824,9.313589096069336,6.0,180.0
-579.8319606577606,108.5494105800904,91.69846743132344,9.413619995117188,6.0,180.0
-576.262746448016,108.20610610957928,90.85299422250372,9.513510704040527,6.0,180.0
-572.6717792704702,108.06522091585258,89.9962791037114,9.613497734069824,6.0,180.0
-569.2771392496594,108.03168473332248,89.1017479176149,9.713473320007324,6.0,180.0
-565.9880774958876,107.92955542535624,88.13899052114172,9.713473320007324,6.0,180.0
-562.6403167013802,107.63705949549676,87.12162178460227,9.813470840454102,6.0,180.0
-559.1042587579648,107.18635293561148,86.1595818227919,9.913477897644045,6.0,180.0
-555.3457620832869,106.71583656884413,85.16465906998273,10.01340293884277,6.0,180.0
-551.5118223942669,106.22947593154058,84.07076796314298,10.1131763458252,6.0,180.0
-547.6780282989616,105.60738668244964,83.03099411208565,10.21335506439209,6.0,180.0
-543.9911411022231,104.94005091087908,81.97468648528951,10.31367969512939,6.0,180.0
-540.4547221394778,104.32354694516005,80.85496938333826,10.41362380981445,6.0,180.0
-536.9804199619559,103.7571977552907,79.74587033851391,10.41362380981445,6.0,180.0
-533.7406451479768,103.30646970900052,78.54422200930952,10.51351165771484,6.0,180.0
-530.7556216355966,102.7428984948384,77.18843185148253,10.61348724365234,6.0,180.0
-527.765562581619,101.90809859408878,75.70319895140085,10.71363544464111,6.0,180.0
-524.6373565345264,100.93205766271292,74.22746844886285,10.81356525421143,6.0,180.0
-521.4657321225133,99.89993931536232,72.87566085917534,10.91351890563965,6.0,180.0
-518.2339597563545,99.0236376213669,71.7746734897714,11.01321697235107,6.0,180.0
-514.9700396769624,98.44924946310849,71.02574919024131,11.11322212219238,6.0,180.0
-511.6858672172518,98.0477268373858,70.38365889621345,11.11322212219238,6.0,180.0
-508.111065567203,97.65650031517929,69.63939157960903,11.21368598937988,6.0,180.0
-504.2513856328318,97.2260534979998,69.00649617833932,11.31367778778076,6.0,180.0
-500.542068267935,96.94734076422246,68.55695258277247,11.41356754302979,6.0,180.0
-497.2984310442597,96.94510832244738,68.02472122689737,11.51354312896729,6.0,180.0
-494.49557452705767,96.9543537678788,67.44097028808879,11.61349582672119,6.0,180.0
-491.8575412535862,96.79269088241251,66.9080464747384,11.71366119384766,6.0,180.0
-488.9338912212124,96.5151112114015,66.22784159926724,11.71366119384766,6.0,180.0
-485.46933916582105,96.24637682138687,65.23830671026575,11.81345462799072,6.0,180.0
-481.8287191321267,95.94915031799104,64.07721153715359,11.91328525543213,6.0,180.0
-478.4277399625239,95.50171347189033,63.0177915922058,12.01355361938477,6.0,180.0
-475.19178795158274,94.99125684404832,62.114346278023625,12.11359024047852,6.0,180.0
-471.9278113545583,94.54951936893669,61.23317795103563,12.2136812210083,6.0,180.0
-468.4831000556164,94.22347622845848,60.16642875834715,12.31362915039062,6.0,180.0
-464.9285039061352,93.85785050541236,58.94214818831058,12.41340446472168,6.0,180.0
-461.40261080011487,93.33409181601492,57.750730962163225,12.41340446472168,6.0,180.0
-457.9016424946353,92.76213108679788,56.65855271485704,12.51341724395752,6.0,180.0
-454.52097847323057,92.22664429461314,55.74198107788651,12.61346530914307,6.0,180.0
-451.291622025337,91.57151138009723,54.94229496615758,12.71345710754395,6.0,180.0
-448.0916584248095,90.75074963720492,54.16161802544404,12.81327247619629,6.0,180.0
-444.8325784792826,90.06832756376724,53.30397672492532,12.91322422027588,6.0,180.0
-441.5038281169092,89.71991480339317,52.34201388703672,13.01369094848633,6.0,180.0
-438.0495198547927,89.69038730542462,51.2887668007229,13.01369094848633,6.0,180.0
-434.4875697976297,89.68100439167803,50.09712777457439,13.11372375488281,6.0,180.0
-431.033730215943,89.38484844635025,48.96065722694239,13.21358299255371,6.0,180.0
-427.764309218072,88.96514867210239,48.002074995136944,13.31321811676025,6.0,180.0
-424.5016409221335,88.69487932520528,47.10738993513773,13.41335105895996,6.0,180.0
-421.0915489853796,88.55649685996649,46.21996886699637,13.51367473602295,6.0,180.0
-417.6042415978563,88.37258159243025,45.18204481844592,13.61336803436279,6.0,180.0
-414.2166202072918,88.07313983089674,43.94798114490831,13.7133264541626,6.0,180.0
-410.9907604844739,87.72928790111403,42.73245150916716,13.7133264541626,6.0,180.0
-408.0355003115864,87.42801258058444,41.62466941354149,13.81349945068359,6.0,180.0
-405.2984284235225,87.16890268239538,40.59738425554051,13.9136848449707,6.0,180.0
-402.4689314619342,86.904849386895,39.60598811596694,14.01376438140869,6.0,180.0
-399.5096192707585,86.64933586170568,38.63494517432106,14.11356353759766,6.0,180.0
-396.4946812658595,86.36575716820965,37.69622542276871,14.21349430084229,6.0,180.0
-393.4849574162008,85.88224587338256,36.80504832084986,14.31349945068359,6.0,180.0
-390.4755075237679,85.24101750597644,35.981417671510194,14.31349945068359,6.0,180.0
-387.2066834078241,84.68225657808442,35.32852962814973,14.41348457336426,6.0,180.0
-383.62684892651134,84.13869317538916,34.941324284337924,14.51355171203613,6.0,180.0
-379.9661112082705,83.30011801424523,34.63595971835124,14.61343097686768,6.0,180.0
-376.298633492979,82.24415585955107,34.28776461183113,14.71342849731445,6.0,180.0
-372.6061340919019,81.35242408412194,33.84413080259512,14.81336212158203,6.0,180.0
-368.949196200629,80.68696001434351,33.064572955870545,14.91333770751953,6.0,180.0
-365.3791624573211,80.13907263207224,31.954823911897087,15.01339912414551,6.0,180.0
-361.9382202357893,79.76468759489397,30.869267240531546,15.01339912414551,6.0,180.0
-358.74513990350755,79.6270197112848,30.062863520420905,15.11353015899658,6.0,180.0
-355.8799339117264,79.6399803653879,29.283978548120665,15.21353435516357,6.0,180.0
-353.2162269213735,79.66135119136707,28.309208885630667,15.31351661682129,6.0,180.0
-350.5027288296202,79.519185351641,27.30280900871503,15.41347312927246,6.0,180.0
-347.584893538025,79.16762175422669,26.34944609002364,15.51332855224609,6.0,180.0
-344.4835513725058,78.60077730157872,25.43727400442853,15.61321640014648,6.0,180.0
-341.3817320835764,77.85979283593804,24.58405694475967,15.71352577209473,6.0,180.0
-338.421588155643,77.14138232487085,23.864424459525445,15.71352577209473,6.0,180.0
-335.3189512904908,76.44590032401602,23.34100614039116,15.81359672546387,6.0,180.0
-331.8872388893022,75.81418913952503,22.81611126210196,15.91368293762207,6.0,180.0
-328.3242038613589,75.3215118652107,21.939112849617143,16.01353073120117,6.0,180.0
-324.70477973506195,74.86615488788713,20.909536335983287,16.11347770690918,6.0,180.0
-321.1439651989738,74.42144663197762,20.089761548496043,16.21358299255371,6.0,180.0
-317.8848115080276,73.98214112959802,19.3795102505376,16.3134822845459,6.0,180.0
-314.90023588633966,73.51041565864176,18.68954278891284,16.3134822845459,6.0,180.0
-311.8775597055258,72.94733518476451,17.932659890113335,16.41341400146484,6.0,180.0
-308.63259315800127,72.32913498098148,16.989446617919214,16.51354789733887,6.0,180.0
-305.3049574571229,71.72212286811136,16.052721511367764,16.61357116699219,6.0,180.0
-302.1175284851013,71.12241844258769,15.315953024295606,16.71359252929688,6.0,180.0
-299.034781992604,70.59051889110653,14.559887204710527,16.81353378295898,6.0,180.0
-295.853427578591,70.07151522844326,13.51239324135811,16.91344833374023,6.0,180.0
-292.5282154975733,69.53215175303404,12.33029509918622,17.01356887817383,6.0,180.0
-289.24121911961146,68.94728744677651,11.33508565735692,17.01356887817383,6.0,180.0
-286.0815294250696,68.26680475694229,10.536072936526375,17.11356735229492,6.0,180.0
-282.960024011613,67.6040793501098,9.784100353632462,17.21350479125977,6.0,180.0
-279.66404026755623,66.9927766677878,9.087533330735166,17.31360816955566,6.0,180.0
-276.0905682894437,66.44117385904705,8.333003701237134,17.41349792480469,6.0,180.0
-272.54397405957434,65.95336541146425,7.452223541058597,17.51342964172363,6.0,180.0
-269.1326478004585,65.42782186238388,6.771589643040789,17.61337089538574,6.0,180.0
-265.76720249952325,64.90178803901334,6.357579137616151,17.61337089538574,6.0,180.0
-262.5232296978861,64.46336987094999,5.921598523217018,17.71340370178223,6.0,180.0
-259.4222967363194,64.00578285997389,5.37654593631126,17.81343650817871,6.0,180.0
-256.4519467992584,63.48140585096928,4.700710574785093,17.91350364685059,6.0,180.0
-253.5415264166656,62.90716474954334,3.833729359036559,18.01338195800781,6.0,180.0
-250.67219438744405,62.28475592694843,2.9505997605498973,18.11355209350586,6.0,180.0
-247.8826617579213,61.69248628038468,2.275617118970201,18.213623046875,6.0,180.0
-245.13559264252228,61.06908994000488,1.7739649955762555,18.31337356567383,6.0,180.0
-242.4106017855236,60.4418156130073,1.1482046666260146,18.31337356567383,6.0,180.0
-239.5621500816229,60.01065776940547,0.2157005062509913,18.41340255737305,6.0,180.0
-236.51112493043,59.67962242605388,-0.8551599907758014,18.51340675354004,6.0,180.0
-233.32598623137272,59.26094181966648,-1.9354039691544536,18.6135082244873,6.0,180.0
-229.98012722277383,58.89411458680887,-3.075249540692468,18.71363258361816,6.0,180.0
-226.4943347923271,58.74422375933698,-4.152679177228887,18.81340599060059,6.0,180.0
-222.9388863497281,58.59079480035371,-5.013917353655097,18.91343688964844,6.0,180.0
-219.4610079165376,58.35557750721871,-5.814414507427552,18.91343688964844,6.0,180.0
-216.19277339889183,58.2779935014154,-6.6271043289562055,19.0135669708252,6.0,180.0
-212.97923098237067,58.26703978171893,-7.296976310323137,19.11362457275391,6.0,180.0
-209.7243622992933,58.04489399254855,-7.781935243836504,19.21356964111328,6.0,180.0
-206.7022423557704,57.51613224840275,-8.275874292185572,19.31351661682129,6.0,180.0
-204.0193850945194,56.76829265504425,-8.87173585099433,19.41345596313477,6.0,180.0
-201.34029236275296,56.06033139563745,-9.418101731525564,19.51350212097168,6.0,180.0
-198.48002889507,55.59409875757471,-9.962269233875382,19.61352348327637,6.0,180.0
-195.48742953777435,55.30042779627381,-10.678629461461188,19.61352348327637,6.0,180.0
-192.4081202403992,54.92382894217404,-11.453370980484909,19.71347999572754,6.0,180.0
-189.3731492495207,54.26154921970759,-12.153102888081044,19.81361770629883,6.0,180.0
-186.54599670894223,53.49961798758036,-12.94243073702582,19.91352462768555,6.0,180.0
-183.8615068280824,53.0075257339201,-13.867673440286474,20.01344108581543,6.0,180.0
-181.1160802632136,52.79491197956603,-14.606897858264908,20.11362648010254,6.0,180.0
-178.38002581991472,52.56346453963504,-15.099509681499896,20.21348571777344,6.0,180.0
-175.70927321563912,52.23703819650951,-15.641997573282865,20.31363868713379,6.0,180.0
-172.92693394447548,51.90304959184277,-16.306703406778947,20.31363868713379,6.0,180.0
-169.89065761121654,51.45461642090312,-17.127361652918154,20.41363716125488,6.0,180.0
-166.6183285407558,50.93627017755669,-18.204355082584915,20.51337623596191,6.0,180.0
-163.31278711104872,50.405850544392266,-19.281955805647293,20.61343955993652,6.0,180.0
-160.08435997003988,49.746814571432935,-20.10449254699765,20.71340179443359,6.0,180.0
-156.88304846676272,49.03334620864778,-20.925305069122885,20.81343460083008,6.0,180.0
-153.66918656451463,48.29338643092865,-21.97209059867641,20.91358757019043,6.0,180.0
-150.49601811966227,47.47070910041176,-23.087909627057712,20.91358757019043,6.0,180.0
-147.64747706371136,46.63314566559112,-23.99546012186128,21.01350402832031,6.0,180.0
-145.08370255837934,45.82664364299112,-24.67653296072836,21.11344909667969,6.0,180.0
-142.50831839845364,45.1817541899304,-25.293784884821505,21.21346092224121,6.0,180.0
-139.83254220419863,44.845312860550855,-25.74879532880248,21.31339073181152,6.0,180.0
-136.96252521575528,44.78135176081207,-26.003168581719333,21.4134407043457,6.0,180.0
-134.00633020447472,44.7471019917573,-26.25290709244544,21.51351165771484,6.0,180.0
-131.1269544416354,44.39073947648287,-26.59168507835619,21.6134204864502,6.0,180.0
-128.3270475882979,43.70480976964802,-27.07122114643443,21.6134204864502,6.0,180.0
-125.5332093927611,42.97454934099699,-27.681029624142507,21.71363639831543,6.0,180.0
-122.66497988515844,42.30756123002349,-28.270972407255744,21.81368827819824,6.0,180.0
-119.60380977677931,41.64466526756491,-28.73982837550572,21.91353034973145,6.0,180.0
-116.23712725924368,40.99583482013554,-29.101477439518785,22.01319122314453,6.0,180.0
-112.7474578861733,40.60416947899194,-29.56269070658512,22.11315536499023,6.0,180.0
-109.35073089180044,40.56044438424559,-30.21295348113713,22.21344375610352,6.0,180.0
-106.16527162981536,40.527071519914855,-30.702461852739024,22.21344375610352,6.0,180.0
-103.3001243637334,40.29481429564329,-30.79251261053408,22.31354713439941,6.0,180.0
-100.7285451417778,39.89664634651158,-30.713387333545736,22.41344833374023,6.0,180.0
-98.38461376132707,39.41246058349816,-30.805618967121667,22.51346397399902,6.0,180.0
-96.12093842704502,39.10444307488402,-31.248766238714136,22.61354637145996,6.0,180.0
-93.79310218807152,39.00044424797035,-32.02859209876888,22.7134838104248,6.0,180.0
-91.33422389087268,38.675254149951655,-33.062945895707145,22.81345176696777,6.0,180.0
-88.68455594876022,37.96144864876785,-34.24440675177824,22.91343688964844,6.0,180.0
-85.93569546333802,37.10565978053968,-35.37852448637115,22.91343688964844,6.0,180.0
-83.0851852618878,36.31218327604856,-36.418847872198086,23.01334190368652,6.0,180.0
-80.043905900645,35.6209827084808,-37.23306833115157,23.11350631713867,6.0,180.0
-76.98867286203622,34.93972930885386,-37.7679234886788,23.21363258361816,6.0,180.0
-74.0006590871513,34.329869716535455,-38.3493891890578,23.31352043151855,6.0,180.0
-71.12196152574961,33.910967765677626,-39.05349588384324,23.41356086730957,6.0,180.0
-68.5635552791064,33.58756871251134,-39.76492207870505,23.51357650756836,6.0,180.0
-66.22493538910231,33.212726562082324,-40.47092871235911,23.51357650756836,6.0,180.0
-63.82912554481874,32.80745188125024,-41.260074446507446,23.61344909667969,6.0,180.0
-61.31235266619106,32.6341284760291,-42.12743661964918,23.71350860595703,6.0,180.0
-58.837987880896925,32.55073235499062,-42.92318752952977,23.81344413757324,6.0,180.0
-56.4769013508006,32.27151752587034,-43.668512947432376,23.91352844238281,6.0,180.0
-53.97525143006269,31.96969973859978,-44.27764885760816,24.01354217529297,6.0,180.0
-51.26871716383084,31.68379682730054,-44.75294193018389,24.11347389221191,6.0,180.0
-48.54731119362098,31.433552412261577,-45.41425814744924,24.21339225769043,6.0,180.0
-45.88240113960414,31.32378109111141,-46.21825598009849,24.21339225769043,6.0,180.0
-43.3714098624201,31.167891059522866,-46.90679736105896,24.31337738037109,6.0,180.0
-41.03305359002261,30.886671953196657,-47.541117014201646,24.41340446472168,6.0,180.0
-38.70737549368019,30.571605800310685,-48.3806789518207,24.5134162902832,6.0,180.0
-36.225501290367056,30.15797242084084,-49.400067627083246,24.6135425567627,6.0,180.0
-33.51483672757994,29.56091952587572,-50.28642497171974,24.71346664428711,6.0,180.0
-30.64776811087176,28.77894655490797,-50.94263846486616,24.81351661682129,6.0,180.0
-27.76493219592129,27.91412437838025,-51.37569437998093,24.81351661682129,6.0,180.0
-24.97226543581145,27.039791693343044,-51.57006420664126,24.91352081298828,6.0,180.0
-22.364418487061883,26.15702312526276,-51.68984732401083,25.01336669921875,6.0,180.0
-19.95027112428805,25.35770467581677,-51.993463443130224,25.11342239379883,6.0,180.0
-17.778599792297662,24.69120316389789,-52.47775645395589,25.21349143981934,6.0,180.0
-15.871698534595083,24.199900565944723,-52.82674895935798,25.31353950500488,6.0,180.0
-13.761644154590336,23.933653155120098,-52.96544309161912,25.41370964050293,6.0,180.0
-11.189196858385756,23.76129567469484,-53.07772166788117,25.51357269287109,6.0,180.0
-8.429057933157686,23.540753224240497,-53.268399758211615,25.51357269287109,6.0,180.0
-5.642784923252293,23.30842391824972,-53.67564786343337,25.61334991455078,6.0,180.0
-2.979112602105481,23.1096968102998,-54.12843411796837,25.71341705322266,6.0,180.0
-0.5176531852748667,22.89148898702518,-54.43484124902332,25.81341171264648,6.0,180.0
1.8733104623771688,22.4663367727472,-54.69374113973901,25.91352272033691,6.0,180.0
4.287830955066077,21.68701624242013,-54.7954929310311,26.01347541809082,6.0,180.0
6.72812054044865,20.83911533204294,-54.81830460622426,26.11347389221191,6.0,180.0
9.193896061838096,20.14018866915536,-54.78148325277792,26.21366882324219,6.0,180.0
11.74855507678167,19.40520465195209,-54.44367328184051,26.21366882324219,6.0,180.0
14.29894205574726,18.70012649209559,-54.093353943393296,26.31356048583984,6.0,180.0
16.723457790680193,18.28745115526917,-54.14504716458173,26.41345405578613,6.0,180.0
19.08387686523352,18.11285039058655,-54.5954533304292,26.5135326385498,6.0,180.0
21.476248217493584,18.003401288816935,-55.37960857953493,26.61335372924805,6.0,180.0
23.849602734282,17.955712707914664,-56.26247983699073,26.71347618103027,6.0,180.0
26.07720394743184,17.87076219950763,-56.891656028145576,26.81365203857422,6.0,180.0
28.31044354765284,17.625394632987728,-57.34747504342329,26.81365203857422,6.0,180.0
30.808222153814867,17.39602316606789,-57.82009791407013,26.91359519958496,6.0,180.0
33.499617681773145,17.248629710909942,-58.32312050265352,27.01365661621094,6.0,180.0
36.129514796604354,16.94170962321197,-58.84772574518084,27.113525390625,6.0,180.0
38.60464811601172,16.43156219802749,-59.36179446429741,27.21333122253418,6.0,180.0
40.79576678856236,15.939182238686906,-59.95944797155089,27.31342506408691,6.0,180.0
42.68247514804062,15.473457927816908,-60.71775711969882,27.41354370117188,6.0,180.0
44.57525502467234,14.974663191383945,-61.47534135022369,27.51336479187012,6.0,180.0
46.62986183433743,14.532514845116609,-62.147122315525074,27.51336479187012,6.0,180.0
48.79427788013018,14.038729197367822,-62.6138906113821,27.61317443847656,6.0,180.0
51.065741484426354,13.33907035945334,-62.78667597393997,27.71346473693848,6.0,180.0
53.50574611251466,12.612483543209889,-62.97972953572442,27.81378936767578,6.0,180.0
55.981419264025305,12.086122467051082,-63.20376733836351,27.91374969482422,6.0,180.0
58.19031915806251,11.788340466428773,-63.1415872510702,28.01339530944824,6.0,180.0
60.1646727474877,11.658496611964754,-62.87999136947012,28.11318969726562,6.0,180.0
62.11929693294698,11.61977819872208,-62.63843932397141,28.11318969726562,6.0,180.0
64.08366622499304,11.686041531525827,-62.638395882925,28.21342277526855,6.0,180.0
66.13914914993141,11.769685965555622,-62.87102644463534,28.31365203857422,6.0,180.0
68.40174888565805,11.550595622772072,-63.01991549086982,28.41312217712402,6.0,180.0
70.68240248770606,11.01169850976274,-63.24399544672298,28.51284980773926,6.0,180.0
72.82186002182509,10.449976923838982,-63.81161882727447,28.61318588256836,6.0,180.0
75.02602349735328,9.941122158425598,-64.54195503775807,28.71385383605957,6.0,180.0
77.34178776872896,9.624719841083424,-65.0923192477683,28.81394577026367,6.0,180.0
79.63630499500371,9.545172732252144,-65.40742583814665,28.81394577026367,6.0,180.0
81.9935520087448,9.31751258910382,-65.84113146058172,28.91340637207031,6.0,180.0
84.36630742487958,8.85503587603481,-66.37728137495573,29.01309204101562,6.0,180.0
86.62740938560641,8.439498241398232,-66.83178897745287,29.11336326599121,6.0,180.0
88.67151880805626,8.227521914889973,-67.31788137756479,29.21377563476562,6.0,180.0
90.41213612964933,8.126338994869041,-67.85009924805975,29.31331253051758,6.0,180.0
91.94093828107364,7.853188998112961,-68.49854433259958,29.412841796875,6.0,180.0
93.45044624054589,7.309131490987486,-69.1413122142823,29.412841796875,6.0,180.0
95.18468564351532,6.688748400124547,-69.42673647788058,29.51326751708984,6.0,180.0
97.16332229947696,6.206933519423266,-69.29812724953862,29.61394309997559,6.0,180.0
99.32624074120204,5.952501669291783,-69.11537272711504,29.71398162841797,6.0,180.0
101.72355155637986,5.907329794604896,-69.38566527449896,29.81377220153809,6.0,180.0
104.23035895343814,5.992910399292152,-70.02527289919993,29.91337966918945,6.0,180.0
106.69204057340283,5.983498262970997,-70.65665903468128,30.01346015930176,6.0,180.0
109.08180797145512,5.694695299678509,-71.30885750306703,30.11377716064453,6.0,180.0
111.26883265124472,5.18384370624023,-72.01298278104446,30.11377716064453,6.0,180.0
113.254596523571,4.424781625106284,-72.55073149900858,30.21351432800293,6.0,180.0
115.15012356243663,3.521645641836436,-72.94164133781582,30.31315422058105,6.0,180.0
116.86378690644138,2.788123124953197,-73.39413380723977,30.41351699829102,6.0,180.0
118.43073480290312,2.279996751379741,-73.91911293658931,30.51386260986328,6.0,180.0
120.10301045661186,1.912809199766185,-74.56023681282429,30.61375045776367,6.0,180.0
122.02611518631528,1.4227908291208564,-75.16914750637693,30.71351623535156,6.0,180.0
124.08816624406188,0.5541568583945882,-75.44143854286409,30.81341361999512,6.0,180.0
126.09959154851563,-0.5083399772802562,-75.64986744041371,30.81341361999512,6.0,180.0
128.094854885279,-1.4568990271994071,-76.11166024431563,30.91343116760254,6.0,180.0
130.17805636235772,-2.216681018851057,-76.60937286778486,31.01341819763184,6.0,180.0
132.1285579150109,-2.866963475571634,-76.92916384107016,31.11348342895508,6.0,180.0
133.8930991505955,-3.313015223573645,-77.04294029551146,31.21352767944336,6.0,180.0
135.74593962379583,-3.4496964076907632,-77.05459802231817,31.3136157989502,6.0,180.0
137.5271422917788,-3.639757315959345,-77.08317979857296,31.41353797912598,6.0,180.0
139.03640949019243,-4.108733838832807,-77.17302464210726,31.41353797912598,6.0,180.0
140.55271342995928,-4.56027192086562,-77.40009297318679,31.51343536376953,6.0,180.0
142.32514428547933,-4.87959580292824,-77.75230811364155,31.61335563659668,6.0,180.0
144.39686432171334,-5.162676334717517,-78.30658350140007,31.71342277526855,6.0,180.0
146.70622124202924,-5.4509014223018575,-79.10926021952989,31.81365776062012,6.0,180.0
149.1161800218136,-5.806547265446806,-79.84975315965606,31.91357040405273,6.0,180.0
151.44379261773076,-6.135720112211535,-80.3385047642715,32.01349639892578,6.0,180.0
153.70147843226738,-6.250186498028061,-80.79343388320517,32.11351013183594,6.0,180.0
156.08554423345595,-6.123399432460507,-81.47995566642282,32.11351013183594,6.0,180.0
158.4586965724854,-5.867450674654359,-82.27939998453905,32.2134895324707,6.0,180.0
160.47115427885535,-5.673075412563231,-82.88075386423412,32.31363296508789,6.0,180.0
161.91242436110326,-5.727030612544807,-83.33496280706936,32.41350173950195,6.0,180.0
162.94725874985937,-6.047588780066743,-83.85635908749596,32.5133056640625,6.0,180.0
164.08133936895308,-6.476195005161134,-84.41139285998092,32.61344909667969,6.0,180.0
165.6011420113188,-6.82444603518074,-84.96988479418584,32.71351623535156,6.0,180.0
167.44240201834387,-7.089357599129031,-85.47651926092064,32.71351623535156,6.0,180.0
169.33641527465306,-7.402136257533101,-85.89619364466667,32.81368255615234,6.0,180.0
171.06813526912168,-7.807144535425403,-86.38872369163309,32.91357040405273,6.0,180.0
172.8186177253384,-8.276559519432858,-86.9430046564117,33.01341247558594,6.0,180.0
174.74530326481238,-8.79923612434614,-87.55413645292,33.11338806152344,6.0,180.0
176.7305248011777,-9.349026883749318,-88.27385656481451,33.21349716186523,6.0,180.0
178.62682430487234,-9.821032690636171,-88.91019390769598,33.31361389160156,6.0,180.0
180.27518617303144,-10.245104712092054,-89.23728360648873,33.41359710693359,6.0,180.0
181.7691018845848,-10.615701983301877,-89.35454558819063,33.41359710693359,6.0,180.0
183.24246360907165,-10.697809427946678,-89.46753724281982,33.51356887817383,6.0,180.0
184.5698627518667,-10.512511732723327,-89.57765410205542,33.61351013183594,6.0,180.0
185.73335137767864,-10.390046524096416,-89.68597911144757,33.71355438232422,6.0,180.0
186.9097546184396,-10.463275822117623,-89.92070966508663,33.81347274780273,6.0,180.0
188.2364109764689,-10.650526782166237,-90.26998492089176,33.9134521484375,6.0,180.0
189.687517111199,-10.901992013262344,-90.52976261984308,34.0134162902832,6.0,180.0
191.21921437383787,-11.143780110089317,-90.58880749252356,34.0134162902832,6.0,180.0
192.77535142877105,-11.311206545934386,-90.54479276994108,34.1133918762207,6.0,180.0
194.41932519968788,-11.44412550892968,-90.7141489432648,34.21361923217773,6.0,180.0
196.2309796710213,-11.599279650774506,-91.10377209581574,34.31364059448242,6.0,180.0
198.1033087967116,-11.754167344997333,-91.53903708416608,34.41349411010742,6.0,180.0
199.9481065717725,-11.96774058754707,-92.20638790745974,34.51350402832031,6.0,180.0
201.78128761990976,-12.457647322684709,-93.03554815127532,34.61344528198242,6.0,180.0
203.77032589054053,-13.286058520553476,-93.7178981449068,34.71342468261719,6.0,180.0
205.79534329162485,-14.182599269869277,-94.13369973374584,34.71342468261719,6.0,180.0
207.44975319339545,-14.80227762312258,-94.2381681466468,34.81354522705078,6.0,180.0
208.83446738505097,-15.098114646630576,-94.18427393134682,34.91352081298828,6.0,180.0
210.2319518225289,-15.326592622422526,-94.00714109892604,35.01350784301758,6.0,180.0
211.54395353303732,-15.676285348234046,-93.7549066941726,35.11334228515625,6.0,180.0
212.90035785175564,-16.11372041830826,-93.90099185536978,35.21337127685547,6.0,180.0
214.705387581152,-16.563341706327414,-94.5006137324924,35.31346130371094,6.0,180.0
216.812600534431,-17.113784647172043,-95.04357177381794,35.41357803344727,6.0,180.0
218.7851293260251,-17.784909637657588,-95.21763638815052,35.41357803344727,6.0,180.0
220.42201382097824,-18.323549557212985,-94.97891976548456,35.51353073120117,6.0,180.0
221.79395689676056,-18.671975080551697,-94.57291402591174,35.61344528198242,6.0,180.0
223.0212811190924,-18.888229105119,-94.27914590997,35.71345138549805,6.0,180.0
223.7793358870264,-18.889704553658586,-93.87916405269208,35.81311416625977,6.0,180.0
224.0602248062668,-18.740192170676806,-93.24563750267984,35.91321563720703,6.0,180.0
224.3655324271305,-18.55445850089079,-92.66054299364863,36.01353073120117,6.0,180.0
224.796924207562,-18.415603067642003,-92.33432646463152,36.01353073120117,6.0,180.0
225.2268182721208,-18.454735675082865,-92.17248756743966,36.11354064941406,6.0,180.0
225.822802112106,-18.678312676009835,-92.1480045038789,36.21352005004883,6.0,180.0
226.8328124658088,-18.97133433858976,-92.4768543639678,36.31356811523438,6.0,180.0
228.3554998704227,-19.218159495469145,-93.00320162380788,36.41329193115234,6.0,180.0
230.24577507673297,-19.37742106540724,-93.51471100435936,36.51358032226562,6.0,180.0
232.2198575380037,-19.4269276396908,-94.00123604232822,36.61366271972656,6.0,180.0
234.12713038668053,-19.43272379937293,-94.3736965497213,36.71273422241211,6.0,180.0
235.6573996985536,-19.58885228157821,-94.65880476979942,36.71273422241211,6.0,180.0
236.5082318087847,-19.84478104366451,-94.92536806374105,36.81291580200195,6.0,180.0
236.88155331263383,-20.02762574464173,-95.1639090892248,36.9135856628418,6.0,180.0
237.25446888421743,-20.14810445150584,-95.36210081417993,37.01401901245117,6.0,180.0
237.9130053416058,-20.391432908336583,-95.50352347327711,37.11391067504883,6.0,180.0
239.04715804713453,-20.955209166901923,-95.51508170233464,37.21351623535156,6.0,180.0
240.54851563228587,-21.72812623282784,-95.36148830232652,37.3133544921875,6.0,180.0
242.0604407417818,-22.35513912095844,-95.27087824681432,37.3133544921875,6.0,180.0
243.6245322663538,-22.72876004267553,-95.37585886959135,37.41360473632812,6.0,180.0
245.3945348060354,-22.899282755424625,-95.52317262095758,37.51374816894531,6.0,180.0
247.1985893444832,-22.988184921792858,-95.76751494152764,37.6135368347168,6.0,180.0
248.7892710979125,-23.261489710278084,-96.24973151552597,37.71299743652344,6.0,180.0
250.2591600592363,-23.56583503802473,-96.7526759172556,37.81341934204102,6.0,180.0
251.60965598505675,-23.78153914462696,-97.01034021240164,37.91384506225586,6.0,180.0
252.65945030273105,-24.04479740542441,-97.2412308135965,38.01379776000977,6.0,180.0
253.67047211031525,-24.28270021797156,-97.73752053214876,38.01379776000977,6.0,180.0
254.9185012911048,-24.48088776257103,-98.41070156229928,38.11368179321289,6.0,180.0
256.23716833668664,-24.682101984982623,-99.11368721521433,38.21353149414062,6.0,180.0
257.4824398701263,-24.94975466724847,-99.67690756674595,38.31344223022461,6.0,180.0
258.64032001167914,-25.27246714317285,-99.94213802488514,38.41349411010742,6.0,180.0
259.65228650692745,-25.54255201647633,-99.89932621898114,38.51370620727539,6.0,180.0
260.6283761323409,-25.871088270958783,-99.634651166495,38.61348342895508,6.0,180.0
261.6978593680169,-26.456525722495805,-99.1864316140146,38.61348342895508,6.0,180.0
263.0655630732122,-27.11579480692357,-98.7526985178094,38.7134895324707,6.0,180.0
264.8390005551784,-27.591780544059155,-98.78755411411112,38.81354141235352,6.0,180.0
266.626702327663,-27.83295933505929,-99.1557358827644,38.91353607177734,6.0,180.0
268.0080137179576,-27.743753214425794,-99.42454036423597,39.01362609863281,6.0,180.0
269.04069133037126,-27.53138230982812,-99.71141693513272,39.11327362060547,6.0,180.0
269.9357000714774,-27.52305109848129,-100.11014844208457,39.21324157714844,6.0,180.0
270.8645912932659,-27.60818687751857,-100.39474474500508,39.31340789794922,6.0,180.0
272.0557378374863,-27.63470745499573,-100.48046303117049,39.31340789794922,6.0,180.0
273.58055029978266,-27.78073239428942,-100.46618993900528,39.41343307495117,6.0,180.0
275.4523462003925,-28.14475547478261,-100.54255837169444,39.51345443725586,6.0,180.0
277.2253680015514,-28.49075500948316,-100.88385189866663,39.61346435546875,6.0,180.0
278.3979940373641,-28.64199735793164,-101.4109427016888,39.71343994140625,6.0,180.0
279.3272270015434,-28.78914982701946,-101.98702130413348,39.81362533569336,6.0,180.0
280.50333079813305,-29.142830913366424,-102.5565828393914,39.9135627746582,6.0,180.0
281.7513285559978,-29.59835773259578,-102.93612154742934,39.9135627746582,6.0,180.0
282.58003417766804,-29.97982607396284,-102.99933560912496,40.01356506347656,6.0,180.0
282.9957389276291,-30.22608175764458,-102.89356369940953,40.11358642578125,6.0,180.0
283.3704350152567,-30.394739551459104,-102.77454240438034,40.21349334716797,6.0,180.0
283.842735596961,-30.5457674808503,-102.6184011945908,40.31342697143555,6.0,180.0
284.5813946043013,-30.63549387595629,-102.52481837215518,40.41351699829102,6.0,180.0
285.95765053974327,-30.766839477576163,-102.5997541993089,40.51349258422852,6.0,180.0
287.9155141100102,-31.179324457703665,-102.78789029976076,40.61342239379883,6.0,180.0
289.79551631778844,-31.82506125924339,-103.01983310893463,40.61342239379883,6.0,180.0
290.9811911647702,-32.384296659624724,-103.05233516313278,40.71341705322266,6.0,180.0
291.5855435375958,-32.78318281284986,-102.92757533236836,40.81336212158203,6.0,180.0
291.9913675321438,-33.17614531057979,-102.8755575809238,40.91345977783203,6.0,180.0
292.3321926806309,-33.51329553386887,-102.80256816736704,41.01342391967773,6.0,180.0
292.7934865295656,-33.75947953078441,-102.638216155815,41.11343002319336,6.0,180.0
293.5269553236328,-34.0638855164323,-102.43018993247068,41.2134895324707,6.0,180.0
294.69385095418033,-34.45933873781996,-102.29813870825105,41.31318664550781,6.0,180.0
296.1323794832623,-34.82486957811533,-102.26749225953964,41.31318664550781,6.0,180.0
297.5883831885712,-35.04666791201639,-102.29748871872694,41.41326141357422,6.0,180.0
299.1047687187789,-35.18994481750925,-102.45530941407272,41.51360702514648,6.0,180.0
300.65151864649965,-35.33235571180067,-102.77007158077576,41.61383438110352,6.0,180.0
302.4435053282689,-35.469976323065474,-103.18483717987723,41.71382904052734,6.0,180.0
304.5827496962379,-35.73080096774589,-103.5254079597272,41.81349945068359,6.0,180.0
306.6867543788642,-36.092271237493314,-103.8137867071388,41.9131965637207,6.0,180.0
308.30573240531186,-36.42992842622039,-104.14307792320406,41.9131965637207,6.0,180.0
309.3024945571569,-36.79005579672968,-104.38131296593328,42.0135383605957,6.0,180.0
310.0652414304807,-37.03785539587823,-104.56556021915554,42.11378479003906,6.0,180.0
310.80317063910854,-37.01700805356294,-104.62556347953772,42.21297454833984,6.0,180.0
311.3638622524197,-36.920957354714005,-104.47851199343856,42.31278228759766,6.0,180.0
311.9283431955714,-37.04759416033014,-104.40264390372802,42.41329956054688,6.0,180.0
312.8154467484412,-37.442247825466346,-104.4796399507583,42.51393890380859,6.0,180.0
314.1829351627239,-37.92262776202935,-104.60285968082842,42.61402130126953,6.0,180.0
315.98484100507795,-38.49841571961306,-104.72122418165456,42.61402130126953,6.0,180.0
317.9922953065374,-39.21946047435604,-104.75767484517274,42.71326446533203,6.0,180.0
320.175320160542,-40.01783726310788,-104.77964822696968,42.8130989074707,6.0,180.0
322.27201739725507,-40.884336205866205,-104.87855806428058,42.91350555419922,6.0,180.0
323.83600417213626,-41.605258632979385,-104.82252285391291,43.01385116577148,6.0,180.0
324.77706408076705,-42.00314359257733,-104.4149379012132,43.11317825317383,6.0,180.0
325.32913267250285,-42.19133381527356,-103.80567736124996,43.21274185180664,6.0,180.0
325.55952167548446,-42.21108988193156,-103.0987895728533,43.21274185180664,6.0,180.0
324.9962989242667,-42.025565212793545,-102.3629888150948,43.31343841552734,6.0,180.0
323.7520258890792,-41.63831582778138,-101.81682922777168,43.41397094726562,6.0,180.0
322.86358792466467,-41.28463575847678,-101.62157051177974,43.5140495300293,6.0,180.0
322.8994897085064,-41.23374968082398,-101.77012065048557,43.6135368347168,6.0,180.0
323.37040526721125,-41.3805328860204,-101.98446655147362,43.71339416503906,6.0,180.0
323.88171795689783,-41.53792767563735,-102.22237589192405,43.8135871887207,6.0,180.0
324.5495275573312,-41.67271729338639,-102.8768471975219,43.91360855102539,6.0,180.0
325.3350258963288,-41.82069307585088,-103.7462672980241,43.91360855102539,6.0,180.0
326.0533152866357,-41.93748196105814,-104.31964459087725,44.01358413696289,6.0,180.0
326.74690339213635,-41.96537014554191,-104.74362645416244,44.11343383789062,6.0,180.0
327.3513237390617,-41.91151333656287,-105.1752332331183,44.21350479125977,6.0,180.0
327.6122444137186,-41.82574106734456,-105.44120108746192,44.31356048583984,6.0,180.0
327.73460730970027,-41.88197193687599,-105.47885532360358,44.41352081298828,6.0,180.0
328.00606141735886,-42.01634328808664,-105.25339987313724,44.51362609863281,6.0,180.0
328.4236431145954,-41.892761741249245,-104.83079937830304,44.51362609863281,6.0,180.0
329.105987146844,-41.48268565622018,-104.58813930660703,44.61351013183594,6.0,180.0
330.1881564916855,-41.1004425578528,-104.66598688492024,44.71336364746094,6.0,180.0
331.56789359862745,-40.930745371156085,-104.67700222958617,44.81351089477539,6.0,180.0
332.992070662175,-40.91745362427572,-104.48171566381112,44.91342926025391,6.0,180.0
334.331635564168,-41.17042251026159,-104.301782305665,45.01356506347656,6.0,180.0
335.66281390145934,-41.77796415078423,-104.36037887708171,45.1136360168457,6.0,180.0
336.85464581718554,-42.45162329547278,-104.57368108423456,45.21353530883789,6.0,180.0
337.58888311209205,-42.95798176538863,-104.56787484355212,45.21353530883789,6.0,180.0
337.8982827637639,-43.339572112894096,-104.43083385117124,45.31351089477539,6.0,180.0
338.16736339740146,-43.6772622736374,-104.2626359197121,45.41357421875,6.0,180.0
338.57023740474585,-44.047482554626825,-104.00740924020914,45.51354217529297,6.0,180.0
339.0525183084991,-44.47900516995841,-103.95697011121206,45.61348724365234,6.0,180.0
339.6008432467303,-44.81324935319618,-104.24551295186248,45.71345901489258,6.0,180.0
340.21351549042026,-44.891999511545606,-104.583042361023,45.81349182128906,6.0,180.0
341.0021875084244,-44.857199947786086,-104.8117938499576,45.9134521484375,6.0,180.0
341.98413244027176,-44.941188198342346,-105.04310718285328,45.9134521484375,6.0,180.0
342.93120417637147,-45.15400338305336,-105.23577240267254,46.01359558105469,6.0,180.0
343.7058686215245,-45.35569647204254,-105.37011942191006,46.11349868774414,6.0,180.0
344.20913999314024,-45.36444377284795,-105.52242528065192,46.21346664428711,6.0,180.0
344.3655067855621,-45.08080889240978,-105.69436041443802,46.3134880065918,6.0,180.0
344.40814861067577,-44.691610186744015,-105.8640841981556,46.41345977783203,6.0,180.0
344.4466506158485,-44.45449358847477,-106.00950619955546,46.51355361938477,6.0,180.0
344.38893086756275,-44.2044552657832,-106.0805950983072,46.51355361938477,6.0,180.0
344.5940082572324,-43.775177154995895,-106.14711523292527,46.61347579956055,6.0,180.0
345.2308727562222,-43.48134255249121,-106.3038069024456,46.71343612670898,6.0,180.0
346.0587140561268,-43.47812864680205,-106.52715794726844,46.81346893310547,6.0,180.0
347.03158981281587,-43.63425770858149,-106.72396003216454,46.91342163085938,6.0,180.0
347.88637572175,-43.8854352945398,-106.95108218475636,47.01359939575195,6.0,180.0
348.29702478433256,-44.126012855107405,-107.39574149952963,47.11350250244141,6.0,180.0
348.50628974926684,-44.259447288513165,-107.9105730267332,47.2135009765625,6.0,180.0
348.8078266146751,-44.270049493941,-108.4316510149312,47.2135009765625,6.0,180.0
349.06907995768904,-44.24177320252577,-109.02297004223368,47.31347274780273,6.0,180.0
349.21954916306095,-44.19352806207216,-109.55187125924228,47.41352081298828,6.0,180.0
349.45248080203936,-44.08108637813899,-109.93030145715204,47.51345825195312,6.0,180.0
349.79110280409463,-44.026888346053376,-109.9786163183488,47.61344146728516,6.0,180.0
350.1342546350593,-44.149050478699664,-109.68756538261869,47.71336364746094,6.0,180.0
350.5135543144545,-44.35938175808366,-109.39560428568772,47.81344604492188,6.0,180.0
350.8750534121704,-44.45634525028615,-109.31375118156218,47.81344604492188,6.0,180.0
351.1221779092155,-44.47141174420948,-109.31769244725884,47.91351318359375,6.0,180.0
351.2689570362603,-44.59074961637947,-109.2917376956454,48.01365661621094,6.0,180.0
351.3395835412465,-44.80732146310604,-109.32086284320418,48.11359786987305,6.0,180.0
351.4523365353169,-44.92017446119412,-109.2663978304364,48.21352386474609,6.0,180.0
351.7576636595876,-44.86048204488397,-109.05760684477812,48.31340789794922,6.0,180.0
352.06630497235403,-44.69478925400531,-108.88826434914732,48.41346740722656,6.0,180.0
352.1994308582699,-44.48912673755407,-108.87970415162638,48.51350784301758,6.0,180.0
352.47733496155007,-44.57030465485296,-109.16944473088138,48.51350784301758,6.0,180.0
352.8834227766222,-45.06996567558193,-109.6958836086023,48.61344146728516,6.0,180.0
353.1007336480381,-45.7545212799814,-110.34486709458392,48.71355056762695,6.0,180.0
353.31009276178474,-46.40901515392239,-111.06549745405547,48.81353378295898,6.0,180.0
353.7831027333756,-46.75433555226003,-111.78860980586916,48.91352844238281,6.0,180.0
354.573411147474,-46.73481950657124,-112.47072491950972,49.01357269287109,6.0,180.0
355.5144808621718,-46.62467974339842,-112.91141983935012,49.11344528198242,6.0,180.0
356.2002508583091,-46.58712489011916,-112.98775400926633,49.11344528198242,6.0,180.0
356.2930422264742,-46.56859131813996,-112.76919044759852,49.21345520019531,6.0,180.0
356.05989254001906,-46.51742156416493,-112.4736728101932,49.31354141235352,6.0,180.0
355.9385916055012,-46.38884093959667,-112.26042940199872,49.41349411010742,6.0,180.0
355.9503289737478,-46.28303874494591,-112.06778385521127,49.51360321044922,6.0,180.0
356.1143404786293,-46.26174762757963,-111.83610827044382,49.61345291137695,6.0,180.0
356.55679486518534,-46.17113062781459,-111.47634717781676,49.71337127685547,6.0,180.0
357.14665495676184,-46.094798943805664,-110.88650135666748,49.81366348266602,6.0,180.0
357.7141830648229,-46.12797792782549,-110.2978329675812,49.81366348266602,6.0,180.0
358.19679238995786,-46.071360746015415,-109.99262189627896,49.91355895996094,6.0,180.0
358.5767161449362,-45.85917036541407,-109.95067569541624,50.01347351074219,6.0,180.0
358.8970404385087,-45.76642102543339,-109.94914787042087,50.11352157592773,6.0,180.0
359.1234527114277,-45.91719216632715,-109.66738526959588,50.21344375610352,6.0,180.0
359.4030565871484,-46.17491471866156,-109.26572112226732,50.31345748901367,6.0,180.0
359.6947048970766,-46.40360685882328,-109.17246998130486,50.41349411010742,6.0,180.0
359.8004995814995,-46.54583122611344,-109.46506356239622,50.51333618164062,6.0,180.0
359.97987974609026,-46.728942951666845,-109.8269313651222,50.51333618164062,6.0,180.0
360.519983940369,-47.01311018025814,-109.8466060032325,50.61334609985352,6.0,180.0
361.3622789642692,-47.224228717330014,-109.76560400629252,50.71350479125977,6.0,180.0
362.3614787582036,-47.33359808722811,-109.94258026712627,50.81342697143555,6.0,180.0
363.2556162826176,-47.62817979452553,-110.2274397431366,50.91349792480469,6.0,180.0
363.7516678221359,-48.18951957285351,-110.55732849180534,51.01346206665039,6.0,180.0
363.8906914102694,-48.68807587291856,-110.79751435103152,51.11346054077148,6.0,180.0
364.0188641010604,-48.8796330722261,-110.75326485638932,51.11346054077148,6.0,180.0
364.4098784405134,-48.82512643084061,-110.60855585640908,51.21361541748047,6.0,180.0
364.915679045918,-48.6217797955316,-110.58813250780004,51.31351470947266,6.0,180.0
365.3360334542663,-48.42309450435586,-110.67460837130568,51.41342926025391,6.0,180.0
365.78029536471394,-48.36265871707217,-110.65763942005898,51.51342010498047,6.0,180.0
366.3295801439603,-48.26205480739442,-110.5455949458531,51.613525390625,6.0,180.0
366.8030399503946,-48.05084228526054,-110.5154743259544,51.71361923217773,6.0,180.0
367.21325045565857,-48.00390533240899,-110.39601955962434,51.8135986328125,6.0,180.0
367.5204821206812,-48.17841561198865,-109.95600953622538,51.8135986328125,6.0,180.0
367.65161122210304,-48.34829911897296,-109.41568016755625,51.91342544555664,6.0,180.0
367.846690087281,-48.531453384507934,-109.13790530082906,52.01346588134766,6.0,180.0
368.23499359337023,-48.75728723945305,-109.23190610724188,52.11351776123047,6.0,180.0
368.6341603972204,-48.77430872883628,-109.53880077828626,52.21347427368164,6.0,180.0
368.81190393074456,-48.46273959047629,-109.87021955633122,52.31351852416992,6.0,180.0
368.7783382396053,-48.138185844140345,-110.21848275268282,52.4134635925293,6.0,180.0
368.72333884447823,-48.06400477355531,-110.45026341440813,52.4134635925293,6.0,180.0
368.8472582023954,-48.111184904836605,-110.36953407566764,52.5134391784668,6.0,180.0
369.00935987852495,-48.16293988984951,-109.97789978409672,52.61354446411133,6.0,180.0
369.1261373908809,-48.306641052953744,-109.34744209956528,52.7133903503418,6.0,180.0
369.1934501708793,-48.5676207826178,-108.6534510327932,52.81334686279297,6.0,180.0
369.1333245859674,-48.789501708590535,-108.29395467620802,52.91344451904297,6.0,180.0
369.2036941326606,-48.82213707643552,-108.52243694485276,53.01336288452148,6.0,180.0
369.27832520850137,-48.6388813850189,-109.0405167034324,53.11357116699219,6.0,180.0
369.1116414109214,-48.54779762106519,-109.42620508281898,53.11357116699219,6.0,180.0
369.0040239152279,-48.91715762817087,-109.57516244374878,53.21358489990234,6.0,180.0
368.8950406419792,-49.591265242318,-109.51193229316102,53.31342697143555,6.0,180.0
368.77495527797936,-50.04790904000075,-109.34148891840368,53.41349411010742,6.0,180.0
368.9409276405686,-50.19109616585504,-109.1579680801551,53.51344299316406,6.0,180.0
369.2656166646853,-50.290445734898725,-108.97776841442716,53.61352920532227,6.0,180.0
369.4338830773718,-50.437991513268486,-108.89398645586247,53.71366882324219,6.0,180.0
369.2751416810743,-50.61857459356659,-109.1112675449596,53.71366882324219,6.0,180.0
368.8760247591085,-50.70831482535918,-109.5335603002362,53.81344985961914,6.0,180.0
368.59166394594354,-50.66582803216959,-109.77989489879292,53.91350555419922,6.0,180.0
368.714824192062,-50.71139078554012,-109.75709404050886,54.01356887817383,6.0,180.0
369.1463880943903,-50.90099288121177,-109.54852316114552,54.11346817016602,6.0,180.0
369.6145336257392,-50.93845984335984,-109.29517863680655,54.21360015869141,6.0,180.0
370.1616893193234,-50.8178267702491,-109.10805076215196,54.31350708007812,6.0,180.0
370.85852765309744,-50.7005117099258,-108.97746110917303,54.41339111328125,6.0,180.0
371.45969378650176,-50.57510208338812,-108.772086660859,54.41339111328125,6.0,180.0
371.8679658948218,-50.62287939041846,-108.2766451757929,54.5135383605957,6.0,180.0
372.00731932316114,-50.73701253488958,-107.65399537496292,54.61358642578125,6.0,180.0
371.8076215469727,-50.60345447726004,-107.23238659374336,54.71355819702148,6.0,180.0
371.47256698769104,-50.27021593434762,-106.92743185515336,54.81354141235352,6.0,180.0
371.3372495031685,-49.99942508402045,-106.61555250214604,54.9134521484375,6.0,180.0
371.4614314870323,-50.039123331446014,-106.32522593860386,55.01350402832031,6.0,180.0
371.6355699794278,-50.20011748022158,-106.06161218579032,55.01350402832031,6.0,180.0
371.8333100552343,-50.06098207309732,-106.21449142913298,55.11348342895508,6.0,180.0
372.05349951419385,-49.62835998509578,-107.03736854312815,55.21354675292969,6.0,180.0
372.3633607239443,-49.30707599835982,-108.01098204480114,55.31353759765625,6.0,180.0
372.7754046366685,-49.40112923400817,-108.55485190405784,55.41345596313477,6.0,180.0
373.01442736723465,-49.859154639082895,-108.50348225276026,55.51341247558594,6.0,180.0
373.0856078102628,-50.34054162744167,-108.1406007956038,55.61343765258789,6.0,180.0
373.1018774913325,-50.63943317694719,-107.69303316682714,55.71355819702148,6.0,180.0
372.997384073245,-50.82693520402482,-107.2771840211055,55.71355819702148,6.0,180.0
372.8671557953501,-50.861054637333766,-107.19087398769258,55.81341552734375,6.0,180.0
372.8162630600482,-50.73524648216479,-107.33224444548166,55.91342926025391,6.0,180.0
372.81763168838535,-50.54905185869589,-107.4950496168417,56.01355743408203,6.0,180.0
372.8366308023624,-50.33479742967104,-107.72981355649792,56.11354064941406,6.0,180.0
372.8937861472064,-50.1117822177635,-108.11975249172455,56.21368026733398,6.0,180.0
372.9420782702158,-49.79655479327854,-108.6363843431566,56.31348419189453,6.0,180.0
373.0073437166116,-49.37783632157203,-109.03480237413108,56.41343307495117,6.0,180.0
372.9897179907418,-48.99686678754108,-109.21093374828112,56.41343307495117,6.0,180.0
372.7274101726744,-48.71719658243606,-109.24197250238086,56.51352691650391,6.0,180.0
372.548226587847,-48.500538348010416,-109.2668454139615,56.61343002319336,6.0,180.0
372.5565421815595,-48.35568782107565,-109.3729026599758,56.71353149414062,6.0,180.0
372.5928979533096,-48.35978165550894,-109.52833495222092,56.81357192993164,6.0,180.0
372.7653888980376,-48.52347944140352,-109.73174749317872,56.91349029541016,6.0,180.0
373.1244444753941,-48.77166769388415,-109.98655572066671,57.01344680786133,6.0,180.0
373.45401955287946,-48.83403153248071,-110.17401178321394,57.01344680786133,6.0,180.0
373.5197235109297,-48.59465858953094,-110.09215781006424,57.11335372924805,6.0,180.0
373.2590796475295,-48.436841117918206,-109.66463381684515,57.21337127685547,6.0,180.0
372.6631856696083,-48.650228301769,-108.9584416228146,57.3134880065918,6.0,180.0
371.8929485418712,-49.11372816632657,-108.41987317239,57.41349792480469,6.0,180.0
371.28257773149954,-49.57867479208189,-108.33384990155918,57.513427734375,6.0,180.0
370.97859967278185,-49.83727739254969,-108.3179175868595,57.61355209350586,6.0,180.0
370.9342618983427,-49.78315127037587,-108.27676135559604,57.71347427368164,6.0,180.0
371.1441764679174,-49.62467000803233,-108.34166757168498,57.71347427368164,6.0,180.0
371.5572005442857,-49.6717117350652,-108.50180836983996,57.81346893310547,6.0,180.0
371.9694251152732,-49.83726307642901,-108.83232197995416,57.91341781616211,6.0,180.0
372.1971370987364,-49.85272468323906,-109.22178986573898,58.01332092285156,6.0,180.0
372.2161688803409,-49.6482444335171,-109.46285616508024,58.11351013183594,6.0,180.0
372.1620076977807,-49.47808454458806,-109.61327268177484,58.21357345581055,6.0,180.0
372.188129549912,-49.54902814224238,-109.7725500081272,58.3135871887207,6.0,180.0
372.0842430583084,-49.72548175187215,-109.78642865389426,58.3135871887207,6.0,180.0
371.71852198519366,-49.8926637392717,-109.58781443874952,58.41351699829102,6.0,180.0
371.4495543725657,-50.14873896773201,-109.47011242252012,58.51345825195312,6.0,180.0
371.47498400196014,-50.52952508599539,-109.60754067791538,58.61346054077148,6.0,180.0
371.5382377120617,-50.81858094240913,-109.8180616815904,58.71346282958984,6.0,180.0
371.6436440888828,-50.80038846693097,-110.13068890115476,58.81354522705078,6.0,180.0
371.9371911249253,-50.54418394194979,-110.5847036994373,58.91350555419922,6.0,180.0
372.1432236269382,-50.26834336386405,-110.95351684596872,59.01362609863281,6.0,180.0
372.2063397175802,-49.98554133545272,-111.180164835401,59.01362609863281,6.0,180.0
372.1559401724031,-49.636439745342734,-111.19332092940824,59.11347961425781,6.0,180.0
371.7603420492367,-49.29759855859831,-110.97649366354445,59.21350479125977,6.0,180.0
371.0406985920107,-49.10771231311102,-110.61729109089352,59.31348419189453,6.0,180.0
370.268039581068,-49.00658873114428,-110.13800968952285,59.41342544555664,6.0,180.0
369.89893164813,-48.8614899238112,-109.54880984092536,59.513427734375,6.0,180.0
370.0409464111712,-48.90190681983801,-109.02698547373024,59.61348724365234,6.0,180.0
370.2623452093269,-49.4371367963122,-108.73113287104395,59.61348724365234,6.0,180.0
370.3379159282708,-50.31708730019211,-108.35879837385346,59.71339797973633,6.0,180.0
370.2771910697765,-51.100479017587546,-107.9308152040248,59.81344985961914,6.0,180.0
370.18281292328015,-51.45086954035621,-107.7424771082406,59.9134635925293,6.0,180.0
370.199770830468,-51.31407601638043,-107.68033404868636,60.01345825195312,6.0,180.0
370.2524681072098,-51.06040031464445,-107.56724266079276,60.11353302001953,6.0,180.0
370.0956655471724,-51.0381601619396,-107.39913993917769,60.21339416503906,6.0,180.0
369.86268337041577,-51.21412606749415,-107.3700971505886,60.31343841552734,6.0,180.0
369.872589522286,-51.35096203708216,-107.50993524815593,60.31343841552734,6.0,180.0
369.9850415624353,-51.36015489012239,-107.58537755037588,60.4136848449707,6.0,180.0
369.8382247566115,-51.34401624000034,-107.35662680641104,60.5135612487793,6.0,180.0
369.29872309449127,-51.30043609679397,-106.68050334520171,60.61350250244141,6.0,180.0
368.64922869434673,-51.24489526319201,-105.69971635004823,60.71352767944336,6.0,180.0
368.0823118614188,-51.143274688482805,-104.75539966456526,60.81355285644531,6.0,180.0
367.4015442090161,-50.804014475755935,-103.98862916327953,60.91370010375977,6.0,180.0
366.6892086291271,-50.28149348416756,-103.30372107872456,61.0135383605957,6.0,180.0
366.2178347943511,-49.85604907557129,-102.79146476766608,61.0135383605957,6.0,180.0
366.00660347339954,-49.527509729261965,-102.56003252068602,61.11330032348633,6.0,180.0
365.920042300214,-49.1526811490334,-102.44032425231887,61.21340942382812,6.0,180.0
365.9090013478648,-48.80267567014486,-102.24901583831668,61.31336975097656,6.0,180.0
366.1050051054216,-48.66313588338055,-102.07563673196832,61.41345977783203,6.0,180.0
366.37771665390295,-48.89253328409754,-101.98603474241396,61.51343154907227,6.0,180.0
366.4542058136881,-49.40133638081358,-101.82530718738504,61.61335754394531,6.0,180.0
366.5127396365831,-49.89645632905507,-101.66052578524736,61.61335754394531,6.0,180.0
366.6863935774767,-50.185266311461696,-101.7874998000568,61.71350860595703,6.0,180.0
366.732711763771,-50.29622774656719,-102.09855079306564,61.81354522705078,6.0,180.0
366.5236233498363,-50.39263758639797,-102.0716549514561,61.91352081298828,6.0,180.0
366.1038266242873,-50.51408757169532,-101.86366608698752,62.01361083984375,6.0,180.0
365.49668029733465,-50.621198114639135,-101.84232394056345,62.11339569091797,6.0,180.0
364.951009258402,-50.62220375742154,-101.80850053865557,62.21337509155273,6.0,180.0
364.72174441838,-50.46555436624418,-101.79095568048648,62.31363296508789,6.0,180.0
364.7442312237757,-50.368982000571,-101.74367403395792,62.31363296508789,6.0,180.0
364.8950778593047,-50.40348227435509,-101.46483451482172,62.41354751586914,6.0,180.0
365.045918451588,-50.518297647677926,-101.23851278556675,62.51353454589844,6.0,180.0
365.0988501853961,-50.74205427755304,-101.27766360982514,62.6136589050293,6.0,180.0
365.1344354933291,-50.946290890244185,-101.36364037840944,62.71342468261719,6.0,180.0
365.2644976729659,-51.08204848607209,-101.384346710652,62.81357574462891,6.0,180.0
365.3683898708833,-51.4041057166916,-101.3229333151453,62.91359710693359,6.0,180.0
365.36347541476783,-52.053603010598366,-101.00146327443976,62.91359710693359,6.0,180.0
365.3011958567524,-52.77180407266147,-100.67409573568354,63.01335144042969,6.0,180.0
365.2067448035284,-53.1668374139234,-100.64529668731198,63.1131706237793,6.0,180.0
365.0561447292696,-53.19873183478296,-100.6894137892633,63.21334075927734,6.0,180.0
364.8196636830865,-53.01241900482948,-100.48626728428104,63.31354522705078,6.0,180.0
364.4308074078128,-52.60604289033553,-99.94535502874224,63.41362762451172,6.0,180.0
363.932395961419,-52.02684216245382,-99.3749718693114,63.51360702514648,6.0,180.0
363.54963317708336,-51.42938706402553,-99.00402489812296,63.61341857910156,6.0,180.0
363.2366461599058,-51.10644362383593,-98.90326090490704,63.61341857910156,6.0,180.0
362.8475584939322,-51.05505752596624,-99.094254439234,63.71334838867188,6.0,180.0
362.4197048348423,-51.057739730095065,-99.424265417513,63.81356430053711,6.0,180.0
362.14429296348544,-51.09341695304863,-99.75454627716309,63.91350173950195,6.0,180.0
362.1106775361387,-51.17488625650982,-100.02274215126086,64.01339721679688,6.0,180.0
362.0836516203871,-51.2686219822676,-100.23660329906734,64.1133041381836,6.0,180.0
361.83876624597065,-51.21245813172826,-100.47476652697178,64.2135009765625,6.0,180.0
361.4045195013686,-51.030262957792,-100.89468439162262,64.2135009765625,6.0,180.0
361.1594453900018,-50.84267684582084,-101.46840239497013,64.31365203857422,6.0,180.0
361.36610426242646,-50.619548558255104,-102.03066726205986,64.41349792480469,6.0,180.0
361.6246274754324,-50.57921946808541,-102.56782653590616,64.51351928710938,6.0,180.0
361.558108847321,-50.85914252460874,-103.0127432200644,64.61346435546875,6.0,180.0
361.2660466234644,-51.21654023546593,-103.16163523679762,64.71339416503906,6.0,180.0
360.876031977354,-51.43425877305772,-102.93362647144528,64.8134994506836,6.0,180.0
360.3783695918984,-51.51021906809072,-102.51537311695618,64.91343688964844,6.0,180.0
359.9586729478306,-51.62155811141608,-102.22710356934786,64.91343688964844,6.0,180.0
359.7008322796843,-51.81146390290878,-102.12202767729724,65.01334381103516,6.0,180.0
359.4095895806259,-51.87639780273639,-101.91531145393016,65.11353302001953,6.0,180.0
359.27072743670533,-51.74025626573333,-101.28638262509132,65.21348571777344,6.0,180.0
359.18737853085975,-51.55109765544357,-100.20309614482318,65.31352233886719,6.0,180.0
358.87720517347765,-51.33958156187262,-99.09673805499054,65.41365051269531,6.0,180.0
358.52890022122466,-51.01187494693719,-98.3198518434371,65.5135498046875,6.0,180.0
358.1464291117454,-50.734876026558254,-97.9780784825612,65.6135482788086,6.0,180.0
357.60544966328223,-50.66021226568638,-97.94080881982828,65.6135482788086,6.0,180.0
357.15768479399674,-50.71799655516587,-97.85347740473,65.71351623535156,6.0,180.0
357.18384463673203,-50.88224047058694,-97.7638631719818,65.81342315673828,6.0,180.0
357.36116095116665,-51.00781323305276,-97.92319861699222,65.91336059570312,6.0,180.0
357.1757615924713,-51.15701944032983,-98.4295489809292,66.0134506225586,6.0,180.0
356.93013936035294,-51.40217286781646,-98.98306478297016,66.11359405517578,6.0,180.0
356.9409947438239,-51.50440802045093,-98.93213741231746,66.21343994140625,6.0,180.0
356.9014781654282,-51.475256505244026,-98.2771648032134,66.21343994140625,6.0,180.0
356.73638147308816,-51.43266741639064,-97.69605514613116,66.31340789794922,6.0,180.0
356.602193489271,-51.36081123950032,-97.7468217121758,66.41351318359375,6.0,180.0
356.4368960484314,-51.18996714401008,-98.44004177900052,66.51355743408203,6.0,180.0
356.2516343003957,-50.87097621038311,-99.13806887430526,66.61348724365234,6.0,180.0
356.1776749928511,-50.62237395958459,-99.4838155535566,66.71337127685547,6.0,180.0
356.42616915576355,-50.74107857134534,-99.77216386405397,66.8134765625,6.0,180.0
356.85364534952106,-51.14852248422318,-100.13940146098636,66.91346740722656,6.0,180.0
356.9755527445458,-51.42856452168815,-100.50057323372415,66.91346740722656,6.0,180.0
356.6125573961561,-51.261697457768925,-100.82101415875336,67.01360321044922,6.0,180.0
355.9997771340363,-50.95302938592322,-100.98553593283134,67.11357116699219,6.0,180.0
355.3063107614108,-51.05563183844056,-100.6849577115612,67.2134780883789,6.0,180.0
354.6599281776131,-51.52744410849255,-100.04698304909292,67.31348419189453,6.0,180.0
354.2669011004439,-51.86962808693087,-99.521758959356,67.41341400146484,6.0,180.0
354.0814051087198,-51.74086759590038,-99.08696825697484,67.51349639892578,6.0,180.0
353.95877323860145,-51.33800829376354,-98.70392367521907,67.51349639892578,6.0,180.0
353.7885974170455,-51.09506540733803,-98.41552127960152,67.6135025024414,6.0,180.0
353.5548936185565,-51.02928539057972,-98.01953949459136,67.71342468261719,6.0,180.0
353.3523146775368,-50.9415008831611,-97.379274831663,67.8133773803711,6.0,180.0
353.1919859799418,-50.86203128737679,-96.76624766316468,67.91351318359375,6.0,180.0
352.8702167513977,-50.79146521274959,-96.53109082630236,68.01354217529297,6.0,180.0
352.0956498821008,-50.5886801268294,-96.34953469921604,68.11348724365234,6.0,180.0
350.94878393060765,-50.4429666792189,-96.03000779252235,68.2134017944336,6.0,180.0
349.9130075213177,-50.45768857297526,-96.00359135113922,68.2134017944336,6.0,180.0
349.2918449949949,-50.390791295172825,-96.17069911621796,68.31336212158203,6.0,180.0
349.0944198545818,-50.29754042033835,-96.19659853497052,68.41354370117188,6.0,180.0
349.0210967376331,-50.248355897086405,-95.96146620984048,68.51359558105469,6.0,180.0
348.8381388689976,-50.2264194273489,-95.52284205609637,68.613525390625,6.0,180.0
348.7259076499613,-50.41117064148804,-95.35060349366012,68.71337890625,6.0,180.0
348.51022484617886,-50.72787096201814,-95.38126579362329,68.81319427490234,6.0,180.0
348.0369485662037,-50.9419216649775,-95.1643621458848,68.81319427490234,6.0,180.0
347.59185768335806,-51.134294321371385,-94.75917351806709,68.9134521484375,6.0,180.0
347.0204186038799,-51.26153653900871,-94.28236192898436,69.013671875,6.0,180.0
346.28258718701744,-51.30162551932249,-93.91973404011829,69.11360168457031,6.0,180.0
345.8714663941237,-51.57004204241046,-93.91951331761672,69.21355438232422,6.0,180.0
345.94124663788347,-51.952025428433984,-94.08263443647346,69.31346893310547,6.0,180.0
346.02737606360097,-51.97757784850438,-94.09916076553702,69.41352081298828,6.0,180.0
345.7941814245607,-51.667843916555896,-93.87352222268588,69.51368713378906,6.0,180.0
345.4542724103028,-51.48886198847093,-93.33663355368913,69.51368713378906,6.0,180.0
344.97769199561515,-51.52260980378214,-92.69356398245968,69.61341857910156,6.0,180.0
344.36644878818595,-51.42434352191031,-92.29143384300023,69.71304321289062,6.0,180.0
343.9602825612992,-51.23322646432681,-92.06875406759852,69.81342315673828,6.0,180.0
343.89544495228466,-51.22349669273517,-91.80386183513848,69.91400146484375,6.0,180.0
344.1158919949599,-51.32099380436792,-91.6018409564389,70.01376342773438,6.0,180.0
344.3116131427173,-51.42161478470227,-91.52316435909668,70.11369323730469,6.0,180.0
344.0274212855059,-51.49285658889407,-91.4879375691043,70.11369323730469,6.0,180.0
343.1466967179863,-51.4381281272518,-91.39516052282616,70.2134017944336,6.0,180.0
342.0578730006373,-51.33146088973206,-91.16347048963304,70.31343078613281,6.0,180.0
340.77946219119764,-51.17033811518772,-91.07942799434208,70.41366577148438,6.0,180.0
339.3031336425141,-50.84488475595795,-91.189822572073,70.51348114013672,6.0,180.0
338.19381463791365,-50.564761842557,-91.23000004281842,70.6131820678711,6.0,180.0
337.48042295503603,-50.574744633839,-91.08098425201618,70.71341705322266,6.0,180.0
336.9159651275242,-50.62939116018235,-90.85933452032654,70.81364440917969,6.0,180.0
336.4084292633815,-50.47756480502252,-90.80158094965157,70.81364440917969,6.0,180.0
335.9325701922404,-50.30564094468297,-90.6769489847951,70.9136962890625,6.0,180.0
335.35930444294297,-50.12480333634976,-90.29882455807076,71.01345825195312,6.0,180.0
334.4019526551796,-49.89439701416055,-89.91335426095883,71.1133041381836,6.0,180.0
333.3028591225881,-49.74190837790184,-89.61313961382055,71.21339416503906,6.0,180.0
332.5217093972432,-49.62951561214705,-89.52481954896608,71.31352996826172,6.0,180.0
332.17330307005994,-49.71695045419568,-89.71998569479729,71.41307067871094,6.0,180.0
332.0060270168974,-49.90907485665112,-90.06961982475836,71.51298522949219,6.0,180.0
331.7864478746812,-49.75461896022069,-90.48572012426324,71.51298522949219,6.0,180.0
331.61443960373003,-49.388664368442456,-90.60686465811088,71.61344909667969,6.0,180.0
331.47745626976484,-49.2508875477009,-90.19464841542364,71.7138671875,6.0,180.0
330.92842601210305,-49.32524531493861,-89.51706113511625,71.81378173828125,6.0,180.0
329.89879348030126,-49.29113861356708,-88.8153112604265,71.91355895996094,6.0,180.0
328.9513357133677,-49.22443613734986,-88.22629381170015,72.01348114013672,6.0,180.0
328.427859859898,-49.38104503447112,-87.87278494497542,72.11349487304688,6.0,180.0
328.3639903800322,-49.63196015179015,-87.67211351857962,72.11349487304688,6.0,180.0
328.5564202647646,-49.7660042049871,-87.42967941958563,72.21353149414062,6.0,180.0
328.7028313194221,-49.73335504071206,-87.07396705255489,72.31332397460938,6.0,180.0
328.7279002082119,-49.55903840597143,-86.57294348428728,72.4130859375,6.0,180.0
328.4395841063374,-49.30470968378407,-86.0581463928733,72.51337432861328,6.0,180.0
327.58105426726297,-49.10542717895581,-85.86341122752155,72.61372375488281,6.0,180.0
326.19184535623964,-48.98974748612275,-85.87101680521138,72.7136459350586,6.0,180.0
324.660222892172,-48.923346730495616,-85.85630509374603,72.81356811523438,6.0,180.0
323.68848957267056,-49.12130789152916,-86.07615381174475,72.81356811523438,6.0,180.0
323.5209573304371,-49.55035159053687,-86.5818983757455,72.91361999511719,6.0,180.0
323.5433408406817,-49.82362605826838,-86.86801817373487,73.01351928710938,6.0,180.0
323.18843254039973,-49.90523557726032,-86.73785143984439,73.11347961425781,6.0,180.0
322.6657332664257,-50.07606461898824,-86.51293716199132,73.21326446533203,6.0,180.0
322.2110308743089,-50.34078932428972,-86.22513924254125,73.3132095336914,6.0,180.0
321.70530497403826,-50.428348973612415,-86.00181311249217,73.41371154785156,6.0,180.0
321.23565614540854,-50.222958118925234,-86.10411112481246,73.41371154785156,6.0,180.0
320.9258437482832,-49.89502746970715,-86.39311702060185,73.51373291015625,6.0,180.0
320.7476029564865,-49.69426768250591,-86.62140130818311,73.61360931396484,6.0,180.0
320.6018245741152,-49.64893501410662,-86.73909835320659,73.71359252929688,6.0,180.0
320.36967408727605,-49.66034942439708,-86.78702388135964,73.81339263916016,6.0,180.0
319.8089402884856,-49.55405686783154,-86.64615482814463,73.91357421875,6.0,180.0
318.9395757553908,-49.10298012212003,-86.45850850551281,74.01353454589844,6.0,180.0
318.0406161751105,-48.51379318873156,-86.3613634968916,74.1133804321289,6.0,180.0
316.970429497684,-48.101456564306375,-85.96636700956357,74.1133804321289,6.0,180.0
315.9265274685617,-47.88300263609116,-85.18613724687451,74.21345520019531,6.0,180.0
315.46038906911093,-47.91537239250325,-84.32730675141521,74.31368255615234,6.0,180.0
315.529803792855,-48.1178193360636,-83.53577938532786,74.41346740722656,6.0,180.0
315.7619830294227,-48.28413834774105,-82.96422404457675,74.51348114013672,6.0,180.0
315.89977819706536,-48.36743604111106,-82.83839620903295,74.61344909667969,6.0,180.0
315.8317712448927,-48.32262083821141,-83.1488754485238,74.71339416503906,6.0,180.0
315.5428445396167,-48.09167075865363,-83.42094339891612,74.71339416503906,6.0,180.0
315.0158949352116,-47.72000799766887,-83.3287688678125,74.81343841552734,6.0,180.0
314.13080133431976,-47.32033736592014,-82.99357937816794,74.91345977783203,6.0,180.0
313.080100567248,-46.992341988875545,-82.58846787006938,75.01344299316406,6.0,180.0
312.2763621387183,-46.84292027771309,-82.22852856044712,75.113525390625,6.0,180.0
311.8743326057389,-46.96640871077998,-82.10978031189606,75.21343994140625,6.0,180.0
311.7407050521136,-47.19945845844361,-82.32522349030994,75.31346130371094,6.0,180.0
311.2828031790465,-47.33882912054553,-82.61958185649091,75.41360473632812,6.0,180.0
310.3029617353132,-47.42645801701632,-82.64366131062836,75.41360473632812,6.0,180.0
309.4242077988497,-47.60090741887621,-82.1483113647485,75.51348876953125,6.0,180.0
308.8646264942058,-47.9279985773256,-81.34125591125277,75.61357879638672,6.0,180.0
308.4542588789147,-48.32596526063339,-80.60247608697806,75.71353149414062,6.0,180.0
308.2036266380736,-48.64887772425688,-79.86047256758332,75.81340789794922,6.0,180.0
308.0221474710105,-48.733040516885005,-79.04340051185967,75.91358947753906,6.0,180.0
307.83886560875186,-48.5230823532684,-78.40285180206311,76.01348114013672,6.0,180.0
307.74553219245246,-48.16822708111145,-78.00448921404414,76.11349487304688,6.0,180.0
307.58570799269,-47.87437369266068,-77.68374046890743,76.11349487304688,6.0,180.0
307.11723406343754,-47.782262008436085,-77.43662103410658,76.21342468261719,6.0,180.0
306.42833375974914,-47.92055152438019,-77.31747813684444,76.31344604492188,6.0,180.0
305.7224293210056,-48.10685699256809,-77.34261657875754,76.41351318359375,6.0,180.0
305.063647319162,-48.26547693021239,-77.54286998920497,76.51361083984375,6.0,180.0
304.4494902613138,-48.4910582995305,-77.86485560261141,76.61351776123047,6.0,180.0
303.81058492491456,-48.62016663614791,-78.08920069515999,76.71348571777344,6.0,180.0
303.1080879889993,-48.61203799291975,-78.03759444842032,76.71348571777344,6.0,180.0
302.4392628359314,-48.6463228105692,-77.70758955164239,76.81355285644531,6.0,180.0
301.82575409273613,-48.80508161431456,-77.0941104319551,76.91348266601562,6.0,180.0
301.3812835379153,-49.16254292315526,-76.49450442416395,77.0135269165039,6.0,180.0
301.1754285464726,-49.56850851973491,-76.23296174778265,77.1135482788086,6.0,180.0
301.1846181015809,-49.86747315618848,-76.08207927788155,77.21333312988281,6.0,180.0
301.259199801224,-50.01535482700945,-75.80012926894611,77.3136215209961,6.0,180.0
300.9122803055277,-49.95282458138743,-75.48863863204149,77.41377258300781,6.0,180.0
300.1516695795648,-49.76229098218416,-75.29706348682704,77.41377258300781,6.0,180.0
299.40427777181696,-49.39101768266487,-75.15776018403048,77.51356506347656,6.0,180.0
298.7417817376914,-48.82914358787655,-74.90648244475771,77.613525390625,6.0,180.0
298.0864685568657,-48.3327680583868,-74.64777339469484,77.71326446533203,6.0,180.0
297.3358101826607,-48.00161567052697,-74.56179853705926,77.81330871582031,6.0,180.0
296.5150921707283,-47.76872110390383,-74.54055901720999,77.91374206542969,6.0,180.0
295.82834429996547,-47.52608742929422,-74.38071028060382,78.01360321044922,6.0,180.0
295.1645497286571,-47.1647235600701,-73.99223020667542,78.01360321044922,6.0,180.0
294.3334475635505,-46.85903176206209,-73.5421233041134,78.11325073242188,6.0,180.0
293.49705351874104,-46.7279033874044,-73.26755194471032,78.21308135986328,6.0,180.0
292.4119041870686,-46.51058806963649,-72.9395518832528,78.31304931640625,6.0,180.0
290.90614027079346,-46.12097073978384,-72.4510707168003,78.41338348388672,6.0,180.0
289.61844572837657,-45.77129894114955,-72.13719990348348,78.51360321044922,6.0,180.0
288.8096413722505,-45.49449864922636,-71.94320198981394,78.61334991455078,6.0,180.0
288.3202331334184,-45.22897784920275,-71.82640846628952,78.71281433105469,6.0,180.0
288.1348993189056,-45.04668091350699,-71.95562596753908,78.71281433105469,6.0,180.0
287.917508761116,-45.04830338109069,-72.14249555770748,78.81317138671875,6.0,180.0
287.27005853118555,-45.21047866241266,-72.2044533227866,78.91375732421875,6.0,180.0
286.4513562740807,-45.39360732341388,-72.09910312612419,79.013916015625,6.0,180.0
285.76143492272985,-45.72501242496265,-71.89447805106686,79.11344909667969,6.0,180.0
285.00906143928046,-46.326585942112274,-71.801364043153,79.21309661865234,6.0,180.0
284.1468680394269,-46.8483643532885,-71.7616735942238,79.31339263916016,6.0,180.0
283.3989866836034,-46.92214089549746,-71.51897929391511,79.31339263916016,6.0,180.0
282.8431295870968,-46.71509259423035,-70.94914728078011,79.41394805908203,6.0,180.0
282.2019850666895,-46.50866390397093,-70.20060183805506,79.51373291015625,6.0,180.0
281.3678147917715,-46.187118160752505,-69.50558315658198,79.61312103271484,6.0,180.0
280.78882200763456,-45.87773492175784,-68.92346591059776,79.71344757080078,6.0,180.0
280.67659428567487,-45.79049184720713,-68.39767356126802,79.81375885009766,6.0,180.0
280.73460778507933,-45.77070790629004,-67.87729153525038,79.91397094726562,6.0,180.0
280.82093680565004,-45.82327405217958,-67.46471488012902,80.01370239257812,6.0,180.0
281.02561171121613,-45.827954383488056,-67.29865542552335,80.01370239257812,6.0,180.0
281.0558394838109,-45.639301994887525,-67.28802944234208,80.11360168457031,6.0,180.0
280.50695036542453,-45.47941016228272,-67.25555479348651,80.21356201171875,6.0,180.0
279.49892445415094,-45.359366603541964,-67.25090133272292,80.3135757446289,6.0,180.0
278.28361909645673,-45.222967545906336,-67.27560001602168,80.41362762451172,6.0,180.0
277.15303247069494,-45.29754053168604,-67.35958799401442,80.51339721679688,6.0,180.0
276.3567074952462,-45.66870789529664,-67.66608157794549,80.61345672607422,6.0,180.0
275.8569806323165,-46.17698065873793,-68.17700750982611,80.71355438232422,6.0,180.0
275.4015750469073,-46.60538512255535,-68.64025334120456,80.71355438232422,6.0,180.0
274.694232183622,-46.881663870614304,-68.69702725508841,80.81352996826172,6.0,180.0
273.7416998512277,-47.02006251687961,-68.32948745003495,80.91355895996094,6.0,180.0
272.77038301931964,-46.87831577562961,-67.62977091001267,81.01351928710938,6.0,180.0
272.1829680708166,-46.54053399866598,-66.70742973894691,81.11344909667969,6.0,180.0
272.1254050371639,-46.29512810015078,-66.05696792829777,81.21354675292969,6.0,180.0
272.1655052976387,-46.11387806858498,-65.8183336040512,81.31344604492188,6.0,180.0
271.9801668662795,-45.70001464071821,-65.61278569894452,81.31344604492188,6.0,180.0
271.6461821190647,-45.0796061205998,-65.3704655485388,81.41349029541016,6.0,180.0
271.3551500277794,-44.57363076630902,-65.34881639343315,81.51361083984375,6.0,180.0
271.0763058981792,-44.02569353666063,-65.64927099189924,81.61348724365234,6.0,180.0
270.4897603866676,-43.25478603773301,-65.82006232004832,81.71345520019531,6.0,180.0
269.608657700689,-42.69908777397907,-65.60004081864383,81.8134536743164,6.0,180.0
268.91800442373943,-42.71661336937534,-65.40161307598923,81.91334533691406,6.0,180.0
268.4661445092521,-43.152782983177495,-65.33378353674573,82.01346588134766,6.0,180.0
267.89764409651326,-43.73225258215796,-65.23860947070321,82.01346588134766,6.0,180.0
267.2679351740516,-44.316341829327705,-65.15908289234164,82.11343383789062,6.0,180.0
266.5600045471085,-44.685341670938,-65.01243918938519,82.21348571777344,6.0,180.0
265.654668560068,-44.58765806754453,-64.65820238171293,82.31360626220703,6.0,180.0
264.9398667020785,-44.15241614271375,-64.26597400982038,82.41349792480469,6.0,180.0
264.4305443109932,-43.637659240999135,-64.00150836389844,82.51355743408203,6.0,180.0
263.8261796123899,-43.09987853834653,-63.737863362222726,82.61351013183594,6.0,180.0
263.2494809648581,-42.64415970019907,-63.42455414554374,82.61351013183594,6.0,180.0
262.752035075566,-42.39403750075061,-63.00607183878306,82.71324157714844,6.0,180.0
262.3016843354292,-42.33080013774371,-62.51814074509222,82.81331634521484,6.0,180.0
261.9142413044815,-42.37308594517579,-62.29502925754734,82.91342163085938,6.0,180.0
261.32151046235754,-42.42979196884955,-62.26481195841875,83.01350402832031,6.0,180.0
260.45351656099626,-42.53348369645312,-62.12036216497873,83.11353302001953,6.0,180.0
259.7319190578955,-42.70108274016147,-61.89950890181581,83.21345520019531,6.0,180.0
259.24676843043983,-42.84390422001588,-61.60689779139829,83.3132095336914,6.0,180.0
258.62553685018713,-42.88093942770264,-61.21445954645532,83.3132095336914,6.0,180.0
257.851130917541,-42.67976021872934,-60.91321543794364,83.41329956054688,6.0,180.0
257.20160200706573,-42.277430625703175,-60.69965807722297,83.51345825195312,6.0,180.0
256.6517795783228,-41.874058791881296,-60.34993425578071,83.613525390625,6.0,180.0
256.15847167133285,-41.60852446097045,-59.90654446290705,83.713623046875,6.0,180.0
255.9056528468657,-41.53174115163461,-59.5043834544191,83.81333923339844,6.0,180.0
255.83156822892192,-41.62197546374206,-59.10424302922407,83.91336059570312,6.0,180.0
255.7090827308864,-41.79284106313046,-58.74349434475168,83.91336059570312,6.0,180.0
255.504731748193,-41.884587986027725,-58.48892915281422,84.01362609863281,6.0,180.0
255.21237995500005,-41.82114667704365,-58.29071332733714,84.11347961425781,6.0,180.0
254.8296854914116,-41.694126437230814,-58.20653411566776,84.21304321289062,6.0,180.0
254.40624468746245,-41.56834418112568,-58.12731771720356,84.31340789794922,6.0,180.0
254.01294415041923,-41.44761849574829,-57.81715811190666,84.41378021240234,6.0,180.0
253.504658345966,-41.448307011991375,-57.37333763865677,84.51388549804688,6.0,180.0
252.5743677686618,-41.54621807211418,-56.77779211960607,84.6136703491211,6.0,180.0
251.4402738492866,-41.57417138989657,-56.12446164793136,84.6136703491211,6.0,180.0
250.56987749246105,-41.5514451749788,-55.90886238974822,84.71340942382812,6.0,180.0
249.88682140430777,-41.522753156037616,-56.21229010537208,84.81354522705078,6.0,180.0
249.21898886476075,-41.60349496386942,-56.735481147198506,84.91372680664062,6.0,180.0
248.51541356898224,-41.80805461020465,-57.20131719701684,85.013427734375,6.0,180.0
247.7112764423161,-41.86791313793147,-57.40327292597388,85.11272430419922,6.0,180.0
246.94799565716733,-41.76477135612793,-57.439226847874,85.21300506591797,6.0,180.0
246.264099208706,-41.6574066413359,-57.36484072017977,85.21300506591797,6.0,180.0
245.54054381948555,-41.6226765206175,-57.07185426308858,85.3136215209961,6.0,180.0
244.6949664540252,-41.59197054012573,-56.60819531899836,85.41416931152344,6.0,180.0
243.79051195054663,-41.44614630491298,-56.00456766811746,85.51348876953125,6.0,180.0
243.06766395014083,-41.2683370511997,-55.35393784764487,85.61288452148438,6.0,180.0
242.5839940822501,-41.0569568867026,-54.87183663131534,85.71326446533203,6.0,180.0
242.04172231023657,-40.84776607440848,-54.53613841233289,85.81365966796875,6.0,180.0
241.2847866868716,-40.86007294248464,-54.212148179059504,85.91378784179688,6.0,180.0
240.4893620953968,-41.07068877099679,-53.97004622318422,85.91378784179688,6.0,180.0
239.8302275383381,-41.22177500846139,-53.86279261889538,86.01261138916016,6.0,180.0
239.3303304095284,-41.20226151453284,-53.651368153250495,86.11309051513672,6.0,180.0
238.71795817100585,-41.06720317164514,-53.1116995582322,86.21365356445312,6.0,180.0
237.697264443734,-40.92110613917933,-52.57226398441062,86.31413269042969,6.0,180.0
236.51683177841952,-40.7756842154474,-52.437939316618966,86.41383361816406,6.0,180.0
235.64588651749528,-40.54085459377462,-52.56877683709702,86.51278686523438,6.0,180.0
235.10354026757744,-40.26010479767894,-52.74969756873601,86.61326599121094,6.0,180.0
234.7713728092796,-40.06395061193713,-53.10168572649669,86.61326599121094,6.0,180.0
234.38913053189063,-40.07105685081717,-53.61018009718711,86.71383666992188,6.0,180.0
233.61251391691025,-40.06408368267535,-53.996287820942094,86.81399536132812,6.0,180.0
232.7805631144456,-39.78351970618026,-54.04515242387212,86.91276550292969,6.0,180.0
232.1477423382341,-39.35985871421351,-53.66067961862825,87.01303100585938,6.0,180.0
231.42324445668217,-38.90915536858524,-53.18687417728895,87.11372375488281,6.0,180.0
230.714376418972,-38.61602555839615,-53.06057378355775,87.21427154541016,6.0,180.0
230.275104817397,-38.538368045001576,-53.167980738043234,87.21427154541016,6.0,180.0
229.89252883206848,-38.48079211588989,-53.36792235514143,87.3139877319336,6.0,180.0
229.5096411150306,-38.50455791129177,-53.73225167049223,87.41353607177734,6.0,180.0
229.28069218821497,-38.6485615213051,-54.09474829953681,87.51325225830078,6.0,180.0
229.0469164778609,-38.66843586593658,-54.39084771407752,87.61380004882812,6.0,180.0
228.78650680333683,-38.510996198753205,-54.77844872079572,87.71371459960938,6.0,180.0
228.42907780741567,-38.3699898505793,-55.17002705476781,87.81326293945312,6.0,180.0
227.843476076322,-38.30840083351731,-55.42751845034918,87.91305541992188,6.0,180.0
227.1326647509156,-38.29535708914585,-55.552105564677625,87.91305541992188,6.0,180.0
226.12974167790225,-38.31505727467362,-55.55701929929465,88.01346588134766,6.0,180.0
224.80889821826503,-38.3855483133181,-55.31609145421465,88.1139144897461,6.0,180.0
223.55782370394653,-38.46887626852828,-54.72927770350746,88.21377563476562,6.0,180.0
222.59803318426577,-38.53855728629021,-54.04359624386935,88.31351470947266,6.0,180.0
221.8722470372769,-38.67876139515021,-53.59793645361551,88.41349792480469,6.0,180.0
221.4027445784241,-38.71593880209417,-53.37342272414836,88.51342010498047,6.0,180.0
221.02878959631948,-38.45595588103178,-53.06790199046288,88.51342010498047,6.0,180.0
220.4591744567835,-38.02100993084317,-52.42196653219783,88.6136703491211,6.0,180.0
219.6375419720131,-37.51564628124943,-51.49835982990397,88.71345520019531,6.0,180.0
218.6857756830313,-36.96600211420048,-50.73923054606392,88.81321716308594,6.0,180.0
217.89591920502,-36.61781955339667,-50.27227272536111,88.91343688964844,6.0,180.0
217.4056807066885,-36.66584749860694,-49.79628401342831,89.01371765136719,6.0,180.0
217.1155571877936,-36.9068035578205,-49.314701551237846,89.11376953125,6.0,180.0
216.79593376182376,-37.10592258420642,-48.98316723834628,89.21356201171875,6.0,180.0
216.3389373489791,-37.19736376736711,-48.76873181599088,89.21356201171875,6.0,180.0
215.80357935243205,-37.297942454209,-48.70116827828298,89.31320190429688,6.0,180.0
215.2052657549513,-37.44390248668466,-48.59587475138591,89.41342163085938,6.0,180.0
214.59628777670312,-37.55382906811802,-48.28989611010902,89.51361846923828,6.0,180.0
214.076187470408,-37.67507508304278,-48.10930048754667,89.61353302001953,6.0,180.0
213.638828224089,-37.77464183309365,-48.163614463806965,89.71331787109375,6.0,180.0
213.20742511664244,-37.70529533053873,-48.20408566825451,89.81358337402344,6.0,180.0
212.68282236487772,-37.3842432476867,-48.10787154908182,89.81358337402344,6.0,180.0
211.9156706656512,-36.91719723914807,-47.86565266704351,89.91365814208984,6.0,180.0
210.9129009384536,-36.50717805182976,-47.52976585829969,90.01351165771484,6.0,180.0
209.8180525335174,-36.30183472479013,-47.19401805123277,90.11355590820312,6.0,180.0
208.752594825282,-36.224994999083165,-46.79943668801933,90.21343994140624,6.0,180.0
207.81799029423388,-36.09120977282196,-46.28110481366721,90.3133773803711,6.0,180.0
207.03717400986343,-35.92317272438528,-45.8162510751,90.41357421875,6.0,180.0
206.38487643114047,-35.85215434693613,-45.43470334393959,90.51317596435548,6.0,180.0
205.8436417957254,-35.937715354667546,-45.04736006870291,90.51317596435548,6.0,180.0
205.3333165055176,-36.082043578314014,-44.87008665388573,90.61298370361328,6.0,180.0
204.73606970746,-36.16268716779288,-44.93621065322342,90.7132339477539,6.0,180.0
204.20280673874663,-36.16280326433506,-45.09988236256154,90.8135757446289,6.0,180.0
203.7991638466322,-36.0268636397754,-45.40332180065358,90.91388702392578,6.0,180.0
203.2091101652262,-35.807837005598344,-45.75004942865817,91.01350402832033,6.0,180.0
202.43388573197967,-35.57067579825967,-45.89515766305435,91.11318969726562,6.0,180.0
201.78448760339444,-35.3173822099533,-45.8534965369593,91.21341705322266,6.0,180.0
201.3732013564953,-35.16036243406073,-45.95209819633177,91.21341705322266,6.0,180.0
201.0739963025228,-35.04856906896658,-46.175636372796525,91.31378936767578,6.0,180.0
200.876492874118,-35.027175007474106,-46.139417377908345,91.41345977783205,6.0,180.0
200.6735684329484,-35.19120127903235,-45.86542420979781,91.51258850097656,6.0,180.0
200.14870143235777,-35.2876812300894,-45.55536103727543,91.61317443847656,6.0,180.0
199.53342612352907,-35.18923889395249,-45.20357472340107,91.7138671875,6.0,180.0
199.174881238169,-35.03402658628325,-44.978438471156274,91.81436157226562,6.0,180.0
198.9698731809664,-34.88316534764668,-44.9337667668103,91.81436157226562,6.0,180.0
198.70332165593743,-34.75746434459296,-44.78506960569285,91.91388702392578,6.0,180.0
198.33468156242745,-34.65989003617186,-44.56838273213803,92.01321411132812,6.0,180.0
198.12371896362373,-34.47401103355263,-44.516583437599074,92.11320495605467,6.0,180.0
198.09395944726884,-34.23744990903474,-44.47174679385408,92.21349334716795,6.0,180.0
197.98667956774136,-34.094749728670045,-44.327565790548746,92.31375885009766,6.0,180.0
197.71353392679885,-34.09805494305204,-44.27326772399094,92.41275024414062,6.0,180.0
197.13884568946364,-34.273481928063454,-44.1506418658604,92.51329040527344,6.0,180.0
196.3409324146301,-34.48115639181172,-43.82004006405581,92.51329040527344,6.0,180.0
195.72695027395292,-34.60481784095784,-43.47732195221325,92.61378479003906,6.0,180.0
195.1292508489448,-34.72343425232778,-43.087942149288814,92.7141342163086,6.0,180.0
194.19844016488847,-34.915456108189616,-42.63810273032452,92.81375885009766,6.0,180.0
193.3001148502084,-35.12413082699592,-42.2861434643979,92.9131851196289,6.0,180.0
192.74198529253263,-35.20270727538944,-42.17479936438949,93.01288604736328,6.0,180.0
192.3949399859829,-35.01167794442966,-42.34373901515382,93.11331939697266,6.0,180.0
192.1383711675473,-34.486195274289926,-42.55531952971268,93.11331939697266,6.0,180.0
191.70796390021823,-33.79249973628014,-42.52525977256217,93.21385192871094,6.0,180.0
191.0331733208345,-33.19190120657762,-42.14861085475375,93.31246948242188,6.0,180.0
190.4007173733358,-32.802306882204945,-41.56556445267777,93.41313934326172,6.0,180.0
189.76541511569263,-32.528627044720366,-41.124661833904334,93.51358032226562,6.0,180.0
188.9773496232196,-32.32819347842874,-40.78134946245511,93.61412048339844,6.0,180.0
188.1130560314313,-32.277755140803684,-40.29719518701127,93.71389770507812,6.0,180.0
187.2591596314208,-32.367323098412605,-39.954289896532565,93.8125991821289,6.0,180.0
186.4014320638012,-32.49916331640868,-39.8961755023032,93.8125991821289,6.0,180.0
185.520118411582,-32.467756300785084,-39.88768318856415,93.91319274902344,6.0,180.0
184.73563417554297,-32.30574917990101,-39.90234618568151,94.01376342773438,6.0,180.0
184.05843266301207,-32.13446621239994,-39.96694958620908,94.11415100097656,6.0,180.0
183.2983903721572,-31.93169212812204,-40.06237689505594,94.2131805419922,6.0,180.0
182.38430178681068,-31.62110098159664,-40.17260956794951,94.31317901611328,6.0,180.0
181.38216321109056,-31.166414251242795,-40.05393961765267,94.41374969482422,6.0,180.0
180.49673495284603,-30.781636825835545,-39.643276295305405,94.41374969482422,6.0,180.0
179.9113969941834,-30.647073195727387,-39.05178443304746,94.51422119140624,6.0,180.0
179.3966766133654,-30.66268719985276,-38.34692157704816,94.61397552490234,6.0,180.0
178.8091131458075,-30.611167318027203,-37.86480302237124,94.71361541748048,6.0,180.0
178.21938842237952,-30.65292482642645,-37.73482235462982,94.81349182128906,6.0,180.0
177.5858812383613,-30.94758332696658,-37.7908445427902,94.9136962890625,6.0,180.0
177.05348719256054,-31.1760808940448,-37.910943947731575,95.01370239257812,6.0,180.0
176.65248093413717,-31.165457918462707,-37.801401483971766,95.11355590820312,6.0,180.0
176.11568492641544,-30.970724788777613,-37.37450491044893,95.11355590820312,6.0,180.0
175.52886003208386,-30.70980286803019,-36.89248592723267,95.21329498291016,6.0,180.0
175.0210585909432,-30.42263357844394,-36.40829995516043,95.31361389160156,6.0,180.0
174.26581960491524,-30.062474131313152,-35.92374739880495,95.41380310058594,6.0,180.0
173.10775706547187,-29.75855185774392,-35.56790032218893,95.51359558105467,6.0,180.0
171.74296147710342,-29.45732663266144,-35.406408829945434,95.61358642578124,6.0,180.0
170.2880674834196,-28.96292672267706,-35.34626662303316,95.71348571777344,6.0,180.0
168.8556738743372,-28.32226915854983,-35.33014143400618,95.81340026855467,6.0,180.0
167.54532687430552,-27.768678113597296,-35.48337544300459,95.81340026855467,6.0,180.0
166.4000846385897,-27.48313725539813,-35.693743284247454,95.9135513305664,6.0,180.0
165.4490546679311,-27.47503588472356,-35.67652660261084,96.01344299316406,6.0,180.0
164.59319668685268,-27.65950648699936,-35.506003338389824,96.11335754394533,6.0,180.0
163.89326006992232,-27.85650628211864,-35.36830173757842,96.21358489990234,6.0,180.0
163.5249825105545,-27.84650712008816,-35.172751267826335,96.3134994506836,6.0,180.0
163.39703242310082,-27.69211778262804,-34.87376643715716,96.41349792480467,6.0,180.0
163.15453150106026,-27.716387144277824,-34.56810457175091,96.41349792480467,6.0,180.0
162.6449033669289,-27.91916002935131,-34.47915873928864,96.51339721679688,6.0,180.0
162.022167552646,-28.145121140570804,-34.64845697623078,96.61339569091795,6.0,180.0
161.35759921143222,-28.411892192830656,-34.73614116112385,96.71349334716795,6.0,180.0
160.61381358403344,-28.57823591619029,-34.54689635102064,96.8134994506836,6.0,180.0
159.6282647290996,-28.5335230645978,-34.188501398933035,96.91351318359376,6.0,180.0
158.4253356592288,-28.44121292311489,-33.87898818210746,97.0135269165039,6.0,180.0
157.42759852441694,-28.39884553774491,-33.66306382583745,97.11346435546876,6.0,180.0
156.79308355163477,-28.417320796427923,-33.54393664167944,97.11346435546876,6.0,180.0
156.2937108111098,-28.381255801426622,-33.5345668348797,97.21347045898438,6.0,180.0
155.704802066598,-28.10864835918725,-33.37887405996052,97.31349182128906,6.0,180.0
154.91992900909952,-27.72975673366297,-32.95879657904421,97.41352081298828,6.0,180.0
154.24574469872633,-27.476154724469485,-32.537022403536206,97.51346588134766,6.0,180.0
153.97965319462352,-27.439261097803072,-32.35059652166148,97.6134262084961,6.0,180.0
153.92034125398848,-27.51844518814513,-32.4820417428387,97.71343231201172,6.0,180.0
153.72943279119565,-27.43125078158636,-32.562116967390295,97.71343231201172,6.0,180.0
153.36335249164472,-27.173815530064807,-32.165465866732134,97.81351470947266,6.0,180.0
152.83466711889486,-26.989925230209064,-31.68441514502697,97.91370391845705,6.0,180.0
152.00964417965048,-26.855768018607563,-31.324527986416665,98.0135726928711,6.0,180.0
151.15751224966834,-26.80092075200168,-30.71791475079021,98.11348724365234,6.0,180.0
150.55745960131756,-26.94443403662625,-29.981070949523016,98.21348571777344,6.0,180.0
150.111729827866,-27.224190921145627,-29.49745194152541,98.31341552734376,6.0,180.0
149.5802151348851,-27.61217644960619,-29.24315838324661,98.41358184814452,6.0,180.0
148.73449045431167,-27.86974878915618,-29.01369864389888,98.41358184814452,6.0,180.0
147.78803218372076,-27.765479883626888,-28.912640637244984,98.51351165771484,6.0,180.0
147.0765321847714,-27.47706125916003,-29.00556501660128,98.61331176757812,6.0,180.0
146.5722902605379,-27.10249628113611,-28.99565150587824,98.71339416503906,6.0,180.0
146.15642780502384,-26.5884988572651,-28.70302078403618,98.81352996826172,6.0,180.0
145.5330565736661,-26.099435010141505,-28.199377988573733,98.91341400146484,6.0,180.0
144.53556238095945,-25.7206947301798,-27.6369980889109,99.01351928710938,6.0,180.0
143.5248611371161,-25.380726158998208,-27.213153350262083,99.01351928710938,6.0,180.0
142.8605003466442,-25.08317841737107,-26.935369482164525,99.11354064941406,6.0,180.0
142.64917557421302,-24.79268356819476,-26.724038884832822,99.21354675292967,6.0,180.0
142.5772441343101,-24.54333012546489,-26.735420022285687,99.31364440917967,6.0,180.0
142.06243704910767,-24.352977901008703,-26.96997646146613,99.41348266601562,6.0,180.0
140.8979412180824,-24.067184790037828,-27.221496466635035,99.5133285522461,6.0,180.0
139.38941992570267,-23.702670195915854,-27.48918054316537,99.61337280273438,6.0,180.0
138.01151984103515,-23.456640057574404,-27.850242892547183,99.7135238647461,6.0,180.0
136.9897484989113,-23.30906939271153,-28.31491571705773,99.7135238647461,6.0,180.0
136.17807109224225,-23.10216659636833,-28.700163016201312,99.81232452392578,6.0,180.0
135.37775827560947,-22.76127396122969,-28.78946924236828,99.89630889892578,6.0,180.0
134.4395728628258,-22.325535060376858,-28.692960686651887,99.95147705078124,6.0,180.0
133.325112578625,-21.96457362021413,-28.62933776480846,99.97736358642578,6.0,180.0
132.28372941312594,-21.82753787449645,-28.667828158949376,99.98844146728516,6.0,180.0
131.50845123481122,-21.856977630303764,-28.81155805120838,99.99440002441406,6.0,180.0
130.94409815557256,-21.93074009806042,-28.89601304718959,99.99440002441406,6.0,180.0
130.4752418778575,-22.06863946725456,-28.69976737324028,99.99723815917967,6.0,180.0
129.8916495345462,-22.296951535932774,-28.227719502294427,99.99864959716795,6.0,180.0
129.10389643278972,-22.54411616082634,-27.711586135911173,99.99935150146484,6.0,180.0
128.4679219660856,-22.681902298356235,-27.45502221638552,99.99970245361328,6.0,180.0
128.15886768055083,-22.688176556821684,-27.43135903488185,99.99988555908205,6.0,180.0
127.9315555576818,-22.69814486807613,-27.382769478094005,99.9999771118164,6.0,180.0
127.63304722238658,-22.839740819034155,-27.201687483755887,100.0000305175781,6.0,180.0
127.34000406283384,-23.091197898890087,-26.89449817230392,100.0000305175781,6.0,180.0
127.1703478624129,-23.311957305469065,-26.607645302555994,100.0000610351562,6.0,180.0
126.98449579920232,-23.42965701310182,-26.566007128904044,100.0000686645508,6.0,180.0
126.58008710454769,-23.48121595860184,-26.73908180802032,100.0000686645508,6.0,180.0
125.97714115669709,-23.45613618262829,-26.96522965398277,100.0000686645508,6.0,180.0
125.3436854968427,-23.16303368663596,-27.0881557692182,100.0000610351562,6.0,180.0
124.73769226939916,-22.564284105148523,-26.94115015996229,100.0000534057617,6.0,180.0
124.19695373222436,-22.047235556258727,-26.686767704878577,100.0000534057617,6.0,180.0
123.91095273369535,-21.95908787730597,-26.50219278900454,100.0000534057617,6.0,180.0
123.69504868616916,-22.10462088640938,-26.317006261412423,100.0000457763672,6.0,180.0
123.35126684203236,-22.14920490043384,-26.16257486498571,100.0000457763672,6.0,180.0
123.10158737802932,-22.152896353269576,-26.0478962500794,100.0000381469727,6.0,180.0
122.83114328017166,-22.22254984551144,-26.087824147047627,100.0000305175781,6.0,180.0
122.44331336698777,-22.176288118996048,-26.361868109195505,100.0000305175781,6.0,180.0
122.15554254166344,-21.78234472954258,-26.56572074061972,100.0000305175781,6.0,180.0
121.98398632217632,-21.13801859301575,-26.515308152048885,100.0000305175781,6.0,180.0
121.9055604484089,-20.564899037902308,-26.331937601307065,100.0000228881836,6.0,180.0
121.93964304014908,-20.21095869773925,-26.17443008944821,100.0000228881836,6.0,180.0
121.96669086320648,-20.116401463211744,-26.00049922140301,100.0000228881836,6.0,180.0
121.82313231447364,-20.238087346269147,-25.76619592695796,100.0000152587891,6.0,180.0
121.56242679482658,-20.32295737966313,-25.62518553185125,100.0000152587891,6.0,180.0
121.21600496574162,-20.30266561291802,-25.79146105637707,100.0000152587891,6.0,180.0
120.68949108568415,-20.32742921750461,-26.20443098425297,100.0000152587891,6.0,180.0
120.23954106631084,-20.37121195296349,-26.497345967338138,100.0000152587891,6.0,180.0
120.21707656743123,-20.5142908419858,-26.69876156337885,100.0000076293945,6.0,180.0
120.49154416577002,-20.818940226578576,-26.98078180052259,100.0000076293945,6.0,180.0
120.6847478053336,-21.04033365100133,-27.16714159003086,100.0000076293945,6.0,180.0
120.60633619474396,-21.09585028938448,-27.09738674983229,100.0000076293945,6.0,180.0
120.19641353189246,-20.96507504503676,-26.78893974408949,100.0000076293945,6.0,180.0
119.49912913695177,-20.626627426947163,-26.31153861128036,100.0000076293945,6.0,180.0
118.62893394593412,-20.32082686341657,-25.819732575250374,100.0000076293945,6.0,180.0
117.68535964678055,-20.23271325974535,-25.51753882441269,100.0000076293945,6.0,180.0
116.81907493104964,-20.29681136163153,-25.398915186412733,100.0,6.0,180.0
116.18596567296656,-20.404422664166,-25.221687375915955,100.0,6.0,180.0
115.84062858264303,-20.484333762038528,-25.068791821184256,100.0,6.0,180.0
115.70877392216173,-20.569479957122294,-25.22932064922708,100.0,6.0,180.0
115.60010552616744,-20.802812591071497,-25.514691973043856,100.0,6.0,180.0
115.29607953367484,-21.04174984258217,-25.67251514095882,100.0,6.0,180.0
114.77995715419124,-21.05260088281756,-25.717631147434787,100.0,6.0,180.0
114.26821955192572,-20.98099516861368,-25.65350976571047,100.0,6.0,180.0
113.92683374516388,-21.063550310027896,-25.498062980179924,100.0,6.0,180.0
113.66390839878396,-21.29269479035636,-25.46369614922848,100.0,6.0,180.0
113.46673274014336,-21.50757334225503,-25.62223568759141,100.0,6.0,180.0
113.40049494878843,-21.685936455719126,-25.759390176035964,100.0,6.0,180.0
113.40605408760014,-21.819671667861627,-25.78602321829526,100.0,6.0,180.0
113.54861243705888,-21.81467757152962,-25.856483299013973,100.0,6.0,180.0
113.88933315846764,-21.7054546099914,-26.18045875572035,100.0,6.0,180.0
114.28779899509604,-21.49561702595775,-26.764022154966742,100.0,6.0,180.0
114.66031359436656,-21.18626725785873,-27.231997519818435,100.0,6.0,180.0
115.00456462032008,-20.949259452661288,-27.29940117733148,100.0,6.0,180.0
115.261887202989,-20.884799827081743,-27.226513505905544,100.0,6.0,180.0
115.41829544881402,-20.85075954508043,-27.23399825704644,100.0,6.0,180.0
115.44959861957308,-20.77936977553044,-27.21959008890684,99.99999237060548,6.0,180.0
115.42590885230602,-20.79006709706527,-27.05334562506756,99.99999237060548,6.0,180.0
115.46523732967,-20.89852025592712,-26.66639505020336,100.0,6.0,180.0
115.46020179851376,-21.089508108736425,-26.069461311853527,100.0,6.0,180.0
115.29891730066728,-21.338302003111355,-25.481259320445226,100.0,6.0,180.0
115.09052560419606,-21.47321530536972,-25.070450679561485,100.0,6.0,180.0
114.98013092454526,-21.468947091698432,-24.71801491586954,100.0,6.0,180.0
114.88587845858451,-21.48986535398226,-24.46359259646557,100.0,6.0,180.0
114.61547217966628,-21.64430606791976,-24.35670109411841,100.0,6.0,180.0
114.08359612831016,-21.962394483884275,-24.385336963649124,100.0,6.0,180.0
113.43826867511316,-22.228476795730337,-24.50022918763064,100.0,6.0,180.0
112.8796984161746,-22.252205930944523,-24.58440740631393,100.0,6.0,180.0
112.39528013683724,-22.13199370194284,-24.87428804952956,100.0,6.0,180.0
112.0231450794144,-22.01284467617904,-25.499705223695315,100.0,6.0,180.0
111.91202584935972,-22.009308722774044,-26.16597587115096,100.0,6.0,180.0
111.88554855929384,-22.11517726307302,-26.480675585593943,100.0,6.0,180.0
111.62561061348909,-22.070446656647224,-26.372413065834152,100.0,6.0,180.0
111.33036801119044,-21.671220151779583,-26.160022090174376,100.0,6.0,180.0
111.2962428031781,-21.13619449767148,-26.02451219757006,100.0,6.0,180.0
111.43344838944736,-20.75949028777625,-26.05278421583522,100.0,6.0,180.0
111.56759158360262,-20.644931981137105,-26.297319993114403,100.0,6.0,180.0
111.48320040468153,-20.673228951070293,-26.50137503821832,100.0,6.0,180.0
111.23047725033553,-20.68092377024437,-26.505970646084844,100.0,6.0,180.0
111.10489744978476,-20.70363859496008,-26.361181264992656,100.0,6.0,180.0
111.0735165835764,-20.73012406949036,-26.127475114326185,100.0,6.0,180.0
111.07466511915776,-20.678207787987333,-26.034592906870586,100.0,6.0,180.0
110.99645189435758,-20.577485319457285,-26.12275996977162,100.0,6.0,180.0
110.61964726125191,-20.462811094286547,-26.14488805353504,100.0,6.0,180.0
109.96989184434824,-20.32433943534916,-26.10185903885183,100.0,6.0,180.0
109.28972579330478,-20.259313246868064,-26.191686708478315,100.0,6.0,180.0
108.9993862893213,-20.224687345500616,-26.42206609608989,100.0,6.0,180.0
109.18916870323784,-20.07098342177999,-26.687540102872216,100.0,6.0,180.0
109.5419553572127,-19.87861487239496,-26.962574370380693,100.0,6.0,180.0
109.9862093716818,-19.696081363433635,-27.197128191729306,100.0,6.0,180.0
110.45958907489256,-19.5906937220346,-27.41346293314448,100.0,6.0,180.0
110.65311871967128,-19.64517576805354,-27.78477739422684,100.0,6.0,180.0
110.5071290886122,-19.78012162495078,-28.296182044944725,100.0000076293945,6.0,180.0
110.20014804928368,-19.954790198750327,-28.71773398871554,100.0,6.0,180.0
109.96319367197124,-20.078967268708645,-28.912277237983805,100.0,6.0,180.0
109.95283368445482,-20.10572308147712,-28.999857642361505,100.0,6.0,180.0
110.14220136215576,-20.159090788179785,-29.03880108386156,100.0,6.0,180.0
110.47870696348818,-20.16716594878472,-28.929740389985945,100.0,6.0,180.0
110.8379931352245,-19.99745212080476,-28.711158618298125,100.0,6.0,180.0
110.99357088662646,-19.83054703114252,-28.461415189657743,100.0,6.0,180.0
110.8155148106206,-19.702184180837275,-28.33211080424112,100.0,6.0,180.0
110.36176280553602,-19.47118703420788,-28.461519705768065,100.0,6.0,180.0
109.97817344576411,-19.199919049408138,-28.555651707382264,100.0,6.0,180.0
109.82922162731737,-19.058717797005915,-28.316952289846245,100.0,6.0,180.0
109.6497621544888,-19.248855613653262,-27.82171615709592,100.0,6.0,180.0
109.3599761877867,-19.75037448549483,-27.145826795946466,100.0,6.0,180.0
109.13116720472732,-20.314980840542667,-26.39787180420137,100.0,6.0,180.0
109.043997895241,-20.69309837994988,-25.78101952130887,100.0,6.0,180.0
109.00495489215884,-20.756390901615013,-25.409796894259724,100.0,6.0,180.0
109.00428699043924,-20.59686128309768,-25.219783543147795,100.0,6.0,180.0
109.12011461945228,-20.29422453285938,-25.11389753395748,100.0,6.0,180.0
109.23856865740024,-19.95195573780706,-25.15631485882314,100.0,6.0,180.0
109.0677721050385,-19.710270296004715,-25.34976842278284,100.0,6.0,180.0
108.5081870497527,-19.487802240680413,-25.712214321524428,100.0,6.0,180.0
107.88193549718632,-19.25604551246536,-26.176788083810248,100.0,6.0,180.0
107.65207838986116,-19.07722135495404,-26.355890215805733,100.0,6.0,180.0
107.80980147541877,-18.93740008903904,-26.13869223183137,100.0,6.0,180.0
107.92190737804133,-18.80875550664608,-25.80727920326088,100.0,6.0,180.0
107.77974375451316,-18.712964370382977,-25.60674924315173,100.0,6.0,180.0
107.45455475114764,-18.69283591153702,-25.540755636840696,100.0,6.0,180.0
107.05002913644354,-18.75042318718881,-25.60104742487915,100.0,6.0,180.0
106.67201401178195,-18.943991680495536,-25.792101016196884,100.0,6.0,180.0
106.50284682470551,-19.174907695361373,-26.00425368168131,100.0,6.0,180.0
106.524363817654,-19.29991783549757,-26.129963647846324,100.0,6.0,180.0
106.47532683124156,-19.244022009338863,-26.129356903425368,100.0,6.0,180.0
106.34453852033133,-18.91397376882439,-26.15352437959169,100.0,6.0,180.0
106.3569815077852,-18.512265295775407,-26.22873059198494,100.0,6.0,180.0
106.4617692644724,-18.18577740032599,-26.284525561630225,100.0,6.0,180.0
106.4696110266963,-17.93873589870821,-26.350349632291955,100.0,6.0,180.0
106.4691519381623,-17.951432464176314,-26.456647749587816,100.0,6.0,180.0
106.48451417795008,-18.29793404445897,-26.714330046465005,100.0,6.0,180.0
106.3376796430232,-18.795677166619704,-27.096783162693924,100.0,6.0,180.0
106.00994691886469,-19.31044663558857,-27.41172307704052,100.0,6.0,180.0
105.5509230743372,-19.747934678230763,-27.561905561594344,100.0,6.0,180.0
105.06315496166792,-19.881264523100715,-27.509857012174457,100.0,6.0,180.0
104.74047946430969,-19.76863322807724,-27.274095799817605,100.0,6.0,180.0
104.55144978993827,-19.57584215841193,-27.0837810018957,100.0,6.0,180.0
104.46788316328252,-19.27726711171405,-27.198110885984345,100.0,6.0,180.0
104.57660517288676,-18.986847384357542,-27.448651048540228,100.0,6.0,180.0
104.74190016400482,-18.79896885405152,-27.47698621472432,100.0,6.0,180.0
104.78025690974594,-18.640107198993057,-27.33516908267348,100.0,6.0,180.0
104.68631471357004,-18.4905863569568,-27.312723982923387,100.0,6.0,180.0
104.56866392702096,-18.369862764644104,-27.2528607436148,100.0,6.0,180.0
104.50037505448115,-18.27737468922185,-26.99500924251547,100.0,6.0,180.0
104.56965484249058,-18.23577369133352,-26.8424363943243,100.0,6.0,180.0
104.70794916080568,-18.277930550422944,-26.77799147197712,100.0,6.0,180.0
104.66520590205911,-18.43497162102865,-26.71701250028996,100.0,6.0,180.0
104.51430353086106,-18.655387623530864,-26.77888877646321,100.0,6.0,180.0
104.47506199032698,-18.79220064983098,-26.76436434345937,100.0,6.0,180.0
104.71232860449756,-18.870789409080032,-26.619254102048995,100.0,6.0,180.0
105.20745792404723,-18.95139857619774,-26.5053708375426,100.0,6.0,180.0
105.72587528472688,-18.89585589247836,-26.383960733094213,100.0,6.0,180.0
106.16009904997772,-18.76614957722297,-26.36828572128673,100.0,6.0,180.0
106.46033646675431,-18.61423848650204,-26.531335575592983,100.0,6.0,180.0
106.56325746706206,-18.29631456373141,-26.6076248833645,100.0,6.0,180.0
106.4569067771498,-17.985398109211083,-26.501158102584427,100.0,6.0,180.0
106.25843547055784,-17.865396798837615,-26.47945851969702,100.0,6.0,180.0
106.06294692987638,-17.859365162687467,-26.66580866529522,100.0,6.0,180.0
105.90215939796772,-17.820361771508743,-26.77158207746242,100.0,6.0,180.0
105.72977980124064,-17.694877568952194,-26.729192814884083,100.0,6.0,180.0
105.41174316380292,-17.56327478497578,-26.812598339601536,100.0,6.0,180.0
105.02080358745364,-17.47728426726541,-27.15565227257544,100.0,6.0,180.0
104.6758108318936,-17.401562806289107,-27.638283492795992,100.0,6.0,180.0
104.37290313280776,-17.192304861677755,-27.925315954432715,100.0,6.0,180.0
104.1047966856783,-16.845016906996396,-27.865552190783745,100.0,6.0,180.0
103.89824662760353,-16.529713385168982,-27.731163138167584,100.0,6.0,180.0
103.77345685660212,-16.478195797025734,-27.68493360751564,100.0,6.0,180.0
103.76903453796535,-16.83936665346926,-27.618431538057514,100.0,6.0,180.0
103.85166782765188,-17.360671106130695,-27.472100828291588,100.0,6.0,180.0
103.86438612091553,-17.79551150133241,-27.17832893172345,100.0,6.0,180.0
103.7068015820518,-18.150842070825544,-26.883801412886434,100.0,6.0,180.0
103.615271374358,-18.24480387374788,-26.83697503735617,100.0,6.0,180.0
103.8200550682071,-18.11108246832596,-26.95478640212549,100.0,6.0,180.0
104.12801282647528,-18.06341711008356,-27.14530278792441,100.0,6.0,180.0
104.3894845499579,-18.083007947879807,-27.34937933888212,100.0,6.0,180.0
104.50356984318464,-18.005050813492083,-27.407377341550863,100.0,6.0,180.0
104.36721204889304,-17.77457959744046,-27.374093624842367,100.0,6.0,180.0
104.16018405911964,-17.453655607008344,-27.29511376739303,100.0,6.0,180.0
104.08311625220992,-17.2454500107078,-27.18594510558928,100.0,6.0,180.0
104.11290573366088,-17.27282652155891,-27.21182543008983,100.0,6.0,180.0
104.16335366744424,-17.402299839536944,-27.322430992710164,100.0,6.0,180.0
104.09175164573834,-17.520860530754685,-27.348656451054968,100.0,6.0,180.0
103.78889247728088,-17.572960599117152,-27.18927186990258,100.0,6.0,180.0
103.437972290147,-17.575283192451124,-26.851642449388137,100.0,6.0,180.0
103.20458290063812,-17.631156602964715,-26.42700765446299,100.0,6.0,180.0
102.9376608691092,-17.67105938962105,-26.04875418747764,100.0,6.0,180.0
102.62787769818752,-17.583113538732604,-26.03318386496313,100.0,6.0,180.0
102.45253370296184,-17.461531799742982,-26.47852692466764,100.0,6.0,180.0
102.3834724501123,-17.488799683378538,-26.892893374479147,100.0,6.0,180.0
102.40068204934124,-17.40915575973456,-26.984971592299463,100.0,6.0,180.0
102.5997706574436,-16.984063753497715,-27.143925588083185,100.0,6.0,180.0
102.97243486217988,-16.60729569872756,-27.689265150115293,100.0,6.0,180.0
103.41071508073976,-16.499247000948472,-28.342864623080445,100.0,6.0,180.0
103.79796376923454,-16.553461211721295,-28.735653302566647,100.0,6.0,180.0
104.1091230035651,-16.81988895120905,-28.854208310330662,100.0,6.0,180.0
104.37764140483031,-17.321494171070622,-28.68291099124188,100.0,6.0,180.0
104.51296273305334,-17.891056407621665,-28.43154414992921,100.0,6.0,180.0
104.50528869155966,-18.273987952797743,-28.35273673275761,100.0,6.0,180.0
104.45769353686372,-18.319103003553032,-28.20723885261053,100.0,6.0,180.0
104.30877908706891,-18.136525203917472,-27.978240921865662,100.0,6.0,180.0
103.8494009303061,-17.864341531462248,-27.844215139723595,100.0,6.0,180.0
103.09626499314106,-17.58831097475721,-27.687640141819724,100.0,6.0,180.0
102.41583733160942,-17.485468954292546,-27.516031635352466,100.0,6.0,180.0
102.04438599941894,-17.592435552549503,-27.53909099602693,100.0,6.0,180.0
101.96666268852316,-17.824386230353245,-27.65511529037831,100.0,6.0,180.0
102.21738179537824,-18.04543568524222,-27.74630504044177,100.0,6.0,180.0
102.65554867237684,-18.098224019020662,-27.997912460146463,100.0,6.0,180.0
102.79746108327704,-18.052870625474164,-28.22940466815047,100.0,6.0,180.0
102.5496671905255,-18.061263152315647,-28.2072862348674,100.0,6.0,180.0
102.1511616154708,-18.138108068002342,-27.927117740270653,100.0,6.0,180.0
101.6856664484968,-18.1420427120682,-27.38389597842957,100.0,6.0,180.0
101.29378196066526,-18.00583142522983,-26.851648838705323,100.0,6.0,180.0
101.0089189873353,-17.92310906808658,-26.42725886289719,100.0,6.0,180.0
100.72756532822766,-17.90956170375067,-25.963841707786845,100.0,6.0,180.0
100.46112308069802,-17.84525002286414,-25.53974321570889,100.0,6.0,180.0
100.20974056434405,-17.869932564280663,-25.31365801257702,100.0,6.0,180.0
99.95723462968247,-18.020297252333933,-25.285995686732768,100.0,6.0,180.0
99.80441584843771,-18.04013762302302,-25.37531286571483,100.0,6.0,180.0
99.75772061766315,-17.884160802147612,-25.5883459797749,100.0,6.0,180.0
99.6865721315817,-17.67267872544395,-25.94429978088782,100.0,6.0,180.0
99.6208694128403,-17.275951675915998,-26.42585663310469,100.0,6.0,180.0
99.85840281549562,-16.698337912043545,-26.87557592511097,100.0,6.0,180.0
100.49070266501109,-16.129660374757233,-27.158263605014373,100.0,6.0,180.0
101.11689111270138,-15.658784549278128,-27.35104850399357,100.0,6.0,180.0
101.46785914564116,-15.374248127438992,-27.36920587198233,100.0,6.0,180.0
101.5930251243042,-15.309529797218064,-27.23771350304414,100.0,6.0,180.0
101.52410586233094,-15.39804431360358,-27.093770339641832,100.0,6.0,180.0
101.32160279948654,-15.532633753565552,-26.920531510203176,100.0,6.0,180.0
101.15220062085533,-15.641338488374164,-26.87643628016736,100.0,6.0,180.0
101.08658805062012,-15.73870739590776,-27.10747556415206,100.0,6.0,180.0
100.98945328041438,-15.89925492314923,-27.507277043343827,100.0,6.0,180.0
100.78848562621528,-16.11219320725739,-27.833697033985388,100.0,6.0,180.0
100.41870339460884,-16.19886081873645,-28.11728483006845,100.0,6.0,180.0
99.8388187906456,-16.039157875920168,-28.435190868578744,100.0,6.0,180.0
99.1925880259721,-15.831896112207357,-28.587919589539872,100.0,6.0,180.0
98.60686659785232,-15.791458505904307,-28.41023988499776,100.0,6.0,180.0
98.27060607999896,-15.838389959899065,-28.03462346294295,100.0,6.0,180.0
98.40807256764796,-15.912226562788554,-27.853675387974945,100.0,6.0,180.0
98.7616326448346,-16.04433584006766,-27.9231327592902,100.0,6.0,180.0
98.88406982478466,-16.310152499941964,-27.942021373796507,100.0,6.0,180.0
98.8573970587458,-16.737476842418225,-27.80796947876884,100.0,6.0,180.0
98.91662644001696,-17.15140375247955,-27.632348794965186,100.0,6.0,180.0
99.11952273661151,-17.52845438903926,-27.598723159820047,100.0,6.0,180.0
99.34988166689854,-17.930549683812387,-27.90496731426381,100.0,6.0,180.0
99.34146151710246,-18.228608315616217,-28.350338656063137,100.0,6.0,180.0
99.16550106176769,-18.344166562695573,-28.51894408263203,100.0,6.0,180.0
99.156419417177,-18.149797559673125,-28.425320217177347,100.0,6.0,180.0
99.31149390872643,-17.578487468293268,-28.388581285622724,100.0,6.0,180.0
99.43827425864995,-16.97336828070947,-28.555325218675723,100.0,6.0,180.0
99.43819354946112,-16.551933273122362,-28.761634267143435,100.0,6.0,180.0
99.27880480204166,-16.275186420932908,-28.84757293939841,100.0,6.0,180.0
99.19676416083752,-16.15945868884344,-28.921160329451872,100.0,6.0,180.0
99.41103831042156,-16.176200524305358,-29.216480645812524,100.0,6.0,180.0
99.69427852337516,-16.2898448403986,-29.506161069189616,100.0,6.0,180.0
99.83879674410028,-16.4236643552049,-29.46039837987588,100.0,6.0,180.0
99.82914667098512,-16.47240570878127,-29.35214714973196,100.0,6.0,180.0
99.70560927171265,-16.454643187526273,-29.37166278929804,100.0,6.0,180.0
99.58607897466382,-16.48409534231463,-29.44197719008211,100.0,6.0,180.0
99.4258620849381,-16.526455950272922,-29.61855489146251,100.0,6.0,180.0
99.28308404800198,-16.599643360345837,-29.81478646679995,100.0,6.0,180.0
99.329643221451,-16.775607259900163,-29.716864591668863,100.0,6.0,180.0
99.25232562994196,-17.042441259067555,-29.31234017741517,100.0,6.0,180.0
98.78906003835334,-17.3872120690052,-28.96525782459168,100.0,6.0,180.0
98.14301211436948,-17.504370587815774,-28.8417382177434,100.0,6.0,180.0
97.4479646453812,-17.34041884914586,-28.79941094828313,100.0,6.0,180.0
96.86329097888331,-17.228565234281678,-28.72954880143917,100.0,6.0,180.0
96.49326386082448,-17.191518675938546,-28.622495094750047,100.0,6.0,180.0
96.27534466331946,-17.106745384516827,-28.54122640165962,99.99999237060548,6.0,180.0
96.24888405194172,-16.887636449977432,-28.576775607444283,100.0,6.0,180.0
96.44195748710904,-16.50533103508059,-28.781020413492268,100.0,6.0,180.0
96.79780547053409,-16.087660571640114,-29.044596495276064,100.0,6.0,180.0
97.33716979529645,-15.779257163912064,-29.111333389997466,100.0,6.0,180.0
98.0279743522407,-15.62372693700971,-29.087158790728186,100.0,6.0,180.0
98.6853290558782,-15.639345096084892,-29.170680331011944,100.0,6.0,180.0
99.1820586339804,-15.82089872637321,-29.240331236240653,100.0,6.0,180.0
99.54537224342738,-15.986379712631148,-29.24952941599676,100.0,6.0,180.0
99.83228908508735,-16.033638689738112,-29.3238346835924,100.0,6.0,180.0
99.92149376795535,-16.093051746990497,-29.46804656591675,100.0,6.0,180.0
99.9008816259637,-16.184176726283027,-29.54122466668977,100.0,6.0,180.0
99.96438180519792,-16.227910730083032,-29.52257636021344,100.0,6.0,180.0
99.93497223165264,-16.262593285446087,-29.53482374384379,100.0,6.0,180.0
99.72045222324093,-16.315461678130237,-29.754723900844272,100.0,6.0,180.0
99.27613561079848,-16.33409938168886,-30.04893841187593,100.0,6.0,180.0
98.59779855364698,-16.2117069678309,-30.24068756666974,100.0,6.0,180.0
98.09047555438896,-15.908743676297814,-30.57573278515848,100.0,6.0,180.0
97.9014135183012,-15.611907263258097,-31.00871403920963,100.0,6.0,180.0
97.74394256725498,-15.42702581040698,-31.30043023013258,100.0,6.0,180.0
97.55608651112418,-15.20639113502887,-31.452063808331182,100.0,6.0,180.0
97.41028379469884,-14.839427717844847,-31.42520062742203,100.0,6.0,180.0
97.40355936190964,-14.554744943831995,-31.265274321772388,100.0,6.0,180.0
97.52216573216184,-14.619801398678655,-31.15707471074366,100.0,6.0,180.0
97.60964050209508,-14.884065951668545,-31.31606305610067,100.0,6.0,180.0
97.7890030535889,-15.15597811935706,-31.653607871093733,100.0,6.0,180.0
98.15686439558397,-15.394979859964153,-31.818974965883697,100.0,6.0,180.0
98.56399662830992,-15.526634509766762,-31.80055078363626,100.0,6.0,180.0
98.78107698412848,-15.516604415451344,-31.67003558814036,100.0,6.0,180.0
98.61561386214724,-15.397744788116364,-31.43689184914979,100.0,6.0,180.0
98.3152324022258,-15.344714629919004,-31.278470570380907,100.0,6.0,180.0
98.28962702177988,-15.426767156880253,-31.22686789660714,100.0,6.0,180.0
98.4261607556196,-15.492507735186232,-31.095770814967576,100.0,6.0,180.0
98.50374930477278,-15.450005592767557,-30.8436240916296,100.0,6.0,180.0
98.62127344741084,-15.37720285560895,-30.64583084694216,100.0,6.0,180.0
98.8612449628596,-15.430465833922412,-30.60687632763321,100.0,6.0,180.0
99.13006700612468,-15.580252765634846,-30.592618603019027,100.0,6.0,180.0
99.35739760879542,-15.62341313500383,-30.5987161131623,100.0,6.0,180.0
99.62656004859647,-15.49627597805938,-30.775653468980604,100.0,6.0,180.0
99.86719629923422,-15.44392833245187,-30.960107516952945,100.0,6.0,180.0
99.97294399418408,-15.54584232567202,-31.11682309438584,100.0,6.0,180.0
100.08608887803788,-15.652590670066946,-31.4878395043238,100.0,6.0,180.0
100.2757928454602,-15.737454748989167,-32.08216121450148,100.0,6.0,180.0
100.46358434381165,-15.710392721293177,-32.6766657189447,100.0,6.0,180.0
100.65734967421892,-15.571927095191992,-33.07370437322995,100.0,6.0,180.0
100.88337650347484,-15.5659788596478,-33.38673543200087,100.0,6.0,180.0
100.91399791498932,-15.766489573395509,-33.69527436678703,100.0,6.0,180.0
100.44834438781308,-15.972837462463575,-33.772812340266896,100.0,6.0,180.0
99.7084098314543,-16.066468769776726,-33.59871138695416,100.0,6.0,180.0
99.0412872656811,-16.09061232555151,-33.457977678544395,100.0,6.0,180.0
98.41179365319522,-15.979631867574655,-33.40980125162074,100.0,6.0,180.0
97.95402831670287,-15.786672545041313,-33.268060833771145,100.0,6.0,180.0
97.8804942097434,-15.7603177848124,-33.01543725931289,100.0,6.0,180.0
98.08337658419792,-15.87056895097118,-32.80166714591001,100.0,6.0,180.0
98.5158106494338,-16.019714484628462,-32.65307861282332,100.0,6.0,180.0
99.1438678861848,-16.11396067004751,-32.44978252963696,100.0,6.0,180.0
99.68849906125254,-16.064159437993233,-32.1427558199914,100.0,6.0,180.0
100.02009175185884,-16.011084064117618,-31.876216189219964,100.0,6.0,180.0
100.19887438207424,-16.034061026820048,-32.002164238786136,100.0,6.0,180.0
100.30274419575612,-16.07748538688145,-32.530214955403416,100.0,6.0,180.0
100.31798945981708,-16.11836621402693,-32.97578575789361,100.0,6.0,180.0
100.07424789758085,-16.164008310288267,-33.075141191969344,100.0,6.0,180.0
99.6805799881133,-16.049040187488536,-32.962507921499686,100.0,6.0,180.0
99.43206537439006,-15.642818442667371,-32.77619213600462,100.0,6.0,180.0
99.29972925272372,-15.192744522801387,-32.62159838845083,100.0,6.0,180.0
99.12623666217816,-14.992721263600451,-32.63278514275402,100.0,6.0,180.0
98.8799416911038,-15.09704007351969,-32.75681029643715,100.0,6.0,180.0
98.50146145919275,-15.224001108066169,-32.79931996407626,100.0,6.0,180.0
97.97662544770046,-15.254604304843369,-32.6341231387157,100.0,6.0,180.0
97.5209308094296,-15.487917625047796,-32.31778521220161,100.0,6.0,180.0
97.42557327086404,-15.902233336008084,-31.993477435307543,100.0,6.0,180.0
97.70230970208704,-16.229269795177625,-31.80355922444075,100.0,6.0,180.0
97.98278934029804,-16.331990266013765,-31.90393290191009,100.0000076293945,6.0,180.0
97.97795114176776,-16.285000103772486,-32.27605540240726,100.0,6.0,180.0
97.9250453676061,-16.341327763037174,-32.59775061259731,100.0,6.0,180.0
98.1353876437393,-16.550521492574994,-32.64360373726664,100.0,6.0,180.0
98.44518068485,-16.83494346955882,-32.59325820926384,100.0,6.0,180.0
98.64715680339938,-17.155093516847842,-32.66757623440206,100.0,6.0,180.0
98.71412851840276,-17.363030064334957,-32.87080990319857,100.0,6.0,180.0
98.6460120032196,-17.401346552456076,-32.991029926964295,100.0,6.0,180.0
98.42143782729464,-17.40942257217658,-32.807928082314305,100.0,6.0,180.0
98.06689421439182,-17.472656886586897,-32.47801980688653,100.0,6.0,180.0
97.7637986603026,-17.549595087280277,-32.24486343493402,100.0,6.0,180.0
97.63507254576982,-17.56960385979796,-32.05620205464108,100.0,6.0,180.0
97.69387692555848,-17.425748730148623,-32.01703861197046,100.0,6.0,180.0
97.81438335427512,-17.10660744634877,-32.3238330981774,100.0,6.0,180.0
97.96099003954572,-16.786787127280412,-32.74957735781948,100.0,6.0,180.0
98.21783458805052,-16.559338646341075,-33.02832205670741,100.0,6.0,180.0
98.40513886885662,-16.39421225092094,-33.26124060097161,100.0,6.0,180.0
98.49396195553854,-16.267638165370382,-33.595804328474465,100.0,6.0,180.0
98.58545735048942,-16.220842408454807,-33.986016832765465,100.0,6.0,180.0
98.612963433263,-16.282720372960995,-34.289630172189725,100.0,6.0,180.0
98.58482470022436,-16.36071075210979,-34.50843708327898,100.0,6.0,180.0
98.44009079977256,-16.40461450084899,-34.86484239132277,100.0,6.0,180.0
98.23334747409226,-16.513572770762018,-35.41687173718265,100.0,6.0,180.0
98.11475711723564,-16.671057101486873,-36.01309529364312,100.0,6.0,180.0
98.02181291333198,-16.72283190522078,-36.43013980023782,100.0,6.0,180.0
97.93276450399188,-16.707706840616424,-36.52840982148861,100.0,6.0,180.0
97.9357228423958,-16.698483262472294,-36.56903813506517,100.0,6.0,180.0
98.04911434850352,-16.56484477077722,-36.83279958043212,100.0,6.0,180.0
98.25664156134616,-16.377819496767696,-37.215541935211526,100.0,6.0,180.0
98.55147420476618,-16.304902460545723,-37.52324664735542,100.0,6.0,180.0
98.6783783239747,-16.066746192052374,-37.55431937889586,100.0,6.0,180.0
98.52303621045507,-15.499747942721378,-37.30843453752761,100.0,6.0,180.0
98.31695963757778,-14.885857632264631,-37.13928387594305,100.0,6.0,180.0
98.0369766011964,-14.390253214645377,-37.12818778213132,100.0,6.0,180.0
97.64225243410635,-14.156933450715812,-37.14322232176852,100.0,6.0,180.0
97.34263258860912,-14.285042633998922,-37.13147970958643,100.0,6.0,180.0
97.30150761373294,-14.670808175867045,-37.06280626019954,100.0,6.0,180.0
97.46640445790707,-15.297546937505668,-36.952225449792834,100.0,6.0,180.0
97.7037450674095,-16.058284252051855,-36.75959851756252,100.0,6.0,180.0
98.01200294543662,-16.686400872663942,-36.64021287515441,100.0,6.0,180.0
98.36112865933424,-17.003755104069395,-36.73126823698513,100.0,6.0,180.0
98.65132440078456,-17.065686784919663,-36.809221013588974,100.0,6.0,180.0
98.8634014028774,-17.06474304810018,-36.75105139908208,100.0,6.0,180.0
99.2147191404395,-17.034345281989708,-36.82742165809936,100.0,6.0,180.0
99.81188067558718,-16.92345714467423,-37.24616019068706,100.0,6.0,180.0
100.35337253990822,-16.82570324882035,-37.76580049718108,100.0,6.0,180.0
100.73065840832751,-16.866584576112807,-38.25689523718965,100.0,6.0,180.0
100.9026487401062,-17.11427896598495,-38.63803626898961,100.0,6.0,180.0
100.70058066616572,-17.545774027231534,-38.71486438488496,100.0,6.0,180.0
100.28462338156685,-17.89176520756145,-38.6188155276493,100.0,6.0,180.0
99.83918766480092,-17.894692668039426,-38.38749323139668,100.0,6.0,180.0
99.35725597343058,-17.598518732309568,-37.99392393069228,100.0,6.0,180.0
98.88667160889524,-17.2411210580827,-37.54754575290021,100.0,6.0,180.0
98.52223127995194,-16.901417968600928,-37.05060796346852,100.0,6.0,180.0
98.2471843640654,-16.51751161641377,-36.47478860046834,100.0,6.0,180.0
97.9875638295751,-16.29804926414908,-35.88565665127281,100.0,6.0,180.0
97.85936364973564,-16.407142939732353,-35.398356630727044,100.0,6.0,180.0
97.92559926563924,-16.644798387588366,-35.036437765468555,100.0,6.0,180.0
97.94038691082896,-16.885093150171272,-34.78515582443271,100.0,6.0,180.0
97.80541170015202,-17.09403554027316,-34.6918407840884,100.0,6.0,180.0
97.7026101595524,-17.163170197807084,-34.819742213272136,100.0,6.0,180.0
97.73056203843755,-17.081979783277145,-35.22894342581801,100.0,6.0,180.0
97.95007952049266,-16.977566172456193,-35.85510201915549,100.0,6.0,180.0
98.26302128245077,-17.015426936139168,-36.47749830079958,100.0,6.0,180.0
98.36929381917864,-17.15132197624817,-37.10419626560695,100.0,6.0,180.0
98.14655528509203,-17.289779480898208,-37.89646584301948,100.0,6.0,180.0
97.73464083673878,-17.42725053086849,-38.75216347617611,100.0,6.0,180.0
97.39178866370004,-17.458228058259472,-39.49914096957351,100.0,6.0,180.0
97.21257002875475,-17.36831670435591,-39.877886894560525,100.0,6.0,180.0
97.1094154157192,-17.23278127132214,-39.74453100215479,100.0,6.0,180.0
97.17300640581064,-17.030612835273317,-39.43829072071277,100.0,6.0,180.0
97.43442282504864,-16.744264660513675,-39.10269576881957,100.0,6.0,180.0
97.72313426272058,-16.398624661508055,-38.72552447012211,100.0,6.0,180.0
98.0928709254165,-16.002412446344298,-38.34128006294164,100.0,6.0,180.0
98.58513744762551,-15.599985782716557,-37.80549773581279,100.0,6.0,180.0
98.91764956772523,-15.418409474848188,-37.28944923173059,100.0,6.0,180.0
98.92694627489568,-15.523675848725146,-37.06824082835632,100.0,6.0,180.0
98.8472847570373,-15.674577625108864,-37.16659991836425,100.0,6.0,180.0
98.82244365166328,-15.766915760521504,-37.38683199851023,100.0,6.0,180.0
98.76234667712696,-15.80262175257253,-37.41620419799296,100.0,6.0,180.0
98.65736727142294,-15.87976694779719,-37.30468260130004,100.0,6.0,180.0
98.45004005848662,-16.212636880064885,-37.189871213954014,100.0,6.0,180.0
98.07764720442005,-16.654252470590727,-37.030787839105095,100.0,6.0,180.0
97.64923211065968,-16.905628909185697,-36.90929458707068,100.0,6.0,180.0
97.29617427220636,-16.943972045758045,-36.83464380920583,100.0,6.0,180.0
97.15997332281115,-16.867598465038956,-36.7444110795945,100.0,6.0,180.0
97.22063300442136,-16.783623973075247,-36.67644572541791,100.0,6.0,180.0
97.2971912579748,-16.69653937281426,-36.56897876191224,100.0,6.0,180.0
97.464900192502,-16.67163017785035,-36.40717593874638,100.0,6.0,180.0
97.79799287165685,-16.7498907659783,-36.29803269067907,100.0,6.0,180.0
98.1963771136556,-16.84011828813263,-36.35384508272087,100.0,6.0,180.0
98.66328109456234,-16.903239462532685,-36.49982450627021,100.0,6.0,180.0
99.03821124036504,-16.97892692722145,-36.51748358238932,100.0,6.0,180.0
99.23031192767476,-17.1794141424417,-36.50641307285169,100.0,6.0,180.0
99.38744907089976,-17.507289156369296,-36.63968827257621,100.0,6.0,180.0
99.27962336293346,-17.865940946463247,-36.87575799687175,100.0,6.0,180.0
98.73666917483548,-18.03963223896384,-37.03064549777596,100.0,6.0,180.0
98.19384107904251,-17.885639796097287,-37.01403303747024,100.0,6.0,180.0
97.92086807591082,-17.655982192038657,-36.99839976841624,100.0,6.0,180.0
97.77669133279188,-17.533931271141583,-37.130850610626354,100.0,6.0,180.0
97.7630784161188,-17.428412782295837,-37.26785011836538,100.0,6.0,180.0
97.90003005097805,-17.341683916520388,-37.31723922686408,100.0,6.0,180.0
97.99353200451512,-17.24733578478731,-37.48357818776741,100.0,6.0,180.0
97.99794543054,-17.10800138663814,-37.70311098968292,100.0,6.0,180.0
98.12853733782264,-16.983627494190777,-37.8155815583968,100.0,6.0,180.0
98.3026173409424,-16.864367059140605,-37.77724661000168,100.0,6.0,180.0
98.37055721761844,-16.761255190634742,-37.631001242580325,100.0,6.0,180.0
98.48265685931258,-16.646209323663815,-37.58709494579281,100.0,6.0,180.0
98.68669698403812,-16.571422720508046,-37.58598760422575,100.0,6.0,180.0
98.8665517351982,-16.73573992634009,-37.57244514827141,100.0,6.0,180.0
98.893446071674,-17.005621032388028,-37.693678670633815,100.0,6.0,180.0
98.84723570158329,-17.227610016138406,-37.8813075603378,100.0,6.0,180.0
98.73926722196242,-17.63046369771364,-37.97178225190311,100.0,6.0,180.0
98.43713153336412,-18.09449636968224,-37.94452856393125,100.0,6.0,180.0
98.12238863918174,-18.210809320189405,-37.84348238180117,100.0,6.0,180.0
97.92437517690117,-18.034523332777763,-37.705129173136285,100.0,6.0,180.0
97.72444471953828,-17.754217537985056,-37.689500851137645,100.0,6.0,180.0
97.5183187646461,-17.415567184236785,-37.9180674438082,100.0,6.0,180.0
97.4156553668907,-17.190770482472452,-38.20588609401309,100.0,6.0,180.0
97.493232289272,-17.141276382712697,-38.42490608319901,100.0,6.0,180.0
97.69828818268464,-17.071199331634297,-38.66930191344277,100.0,6.0,180.0
97.88649050668408,-17.006653407700362,-38.9339427870947,100.0,6.0,180.0
98.02891494671486,-17.106716661053856,-39.06294804031643,100.0,6.0,180.0
98.14292352454322,-17.24149813770556,-39.16684975849754,100.0,6.0,180.0
98.22770995302554,-17.254047028469312,-39.45549311595834,100.0,6.0,180.0
98.29222823637268,-17.229718687019098,-39.77538797410841,100.0,6.0,180.0
98.24150943749194,-17.13810589044577,-39.9761853908113,100.0,6.0,180.0
98.09371137109687,-16.86052905355624,-40.22654371497782,100.0,6.0,180.0
97.97431046831176,-16.636413638285347,-40.54732713108798,100.0,6.0,180.0
97.973426299287,-16.639273547220114,-40.68639154816846,100.0,6.0,180.0
98.1065279243084,-16.8108695418268,-40.62789487426576,100.0000076293945,6.0,180.0
98.14538776093464,-17.059045334989893,-40.48884526894109,100.0,6.0,180.0
97.9795684207368,-17.23824963861222,-40.25080024652807,100.0,6.0,180.0
97.88029345303516,-17.37930989448957,-39.85986137529058,100.0,6.0,180.0
97.99815360226007,-17.560130101036247,-39.32309383969133,100.0,6.0,180.0
98.28152991078734,-17.699652129836103,-38.81109324184519,100.0,6.0,180.0
98.6241701851687,-17.81450343009059,-38.547869696020406,100.0,6.0,180.0
98.81373338227904,-17.949375599693912,-38.476945754521545,100.0,6.0,180.0
98.92543458249234,-17.937080484317352,-38.40844307005207,100.0,6.0,180.0
99.01133451049472,-17.666883923805116,-38.35642625764024,100.0,6.0,180.0
99.00628105917808,-17.25667772145664,-38.5403211022872,100.0,6.0,180.0
99.1669522529202,-16.973198342445343,-39.05055011220527,100.0,6.0,180.0
99.53244677965398,-17.024658229671743,-39.679405117099904,100.0,6.0,180.0
99.86711384885211,-17.30673416410043,-40.15473883966426,100.0,6.0,180.0
100.03147688730932,-17.50408765379448,-40.49447665420226,100.0,6.0,180.0
99.88159333644104,-17.486356072488444,-40.77925179477162,100.0,6.0,180.0
99.5550104795244,-17.34593478090796,-40.8549729580498,100.0,6.0,180.0
99.43880048005688,-17.14247255849729,-40.724703768880005,100.0,6.0,180.0
99.52871306910228,-16.9088862592927,-40.498044532362144,100.0,6.0,180.0
99.61463108637484,-16.76671972015891,-40.19847511131147,100.0,6.0,180.0
99.62351261439711,-16.856916127971452,-39.79118612338546,100.0,6.0,180.0
99.47197620238455,-17.08920875052921,-39.33235048863255,100.0,6.0,180.0
99.26414812674466,-17.194131540430156,-38.949324095581815,100.0,6.0,180.0
99.15192680945438,-17.164377501455387,-38.72616984615835,100.0,6.0,180.0
99.12621994172744,-17.192949293679302,-38.78852486378655,100.0,6.0,180.0
99.16626278003686,-17.33613043380302,-39.08709687668048,100.0,6.0,180.0
99.1534945712768,-17.53953143389623,-39.46908458803047,100.0,6.0,180.0
99.05821946651209,-17.663161747393882,-39.841015057504364,100.0,6.0,180.0
99.10467175714182,-17.660837076712195,-40.10839121534761,100.0,6.0,180.0
99.37093100987867,-17.636634973306084,-40.29348112301725,100.0,6.0,180.0
99.72804347662434,-17.62112451416065,-40.53756328123315,100.0,6.0,180.0
100.19624092344463,-17.655932141370766,-40.88600009102601,100.0,6.0,180.0
100.70762300204451,-17.797939023394036,-41.19095756850236,100.0,6.0,180.0
101.05856875587251,-17.992606017808036,-41.40206145229523,100.0,6.0,180.0
101.17948932329894,-18.099030527357087,-41.51039054594601,100.0,6.0,180.0
101.07688378486682,-17.957222122960985,-41.52211353211844,100.0,6.0,180.0
100.80598453006878,-17.697903788973214,-41.63735596851938,100.0,6.0,180.0
100.41266764922617,-17.59272640290193,-41.86296256140042,100.0,6.0,180.0
99.9660887985489,-17.521461818086266,-41.96226016887634,100.0,6.0,180.0
99.6293154683355,-17.357111553841502,-41.91500095000341,100.0,6.0,180.0
99.47715396117373,-17.166995072113835,-41.91532067040833,100.0,6.0,180.0
99.48332163172805,-17.046385608044005,-41.93296987055773,100.0,6.0,180.0
99.5967338194998,-17.168858708749283,-41.81211798608648,100.0,6.0,180.0
99.76436271100668,-17.376006540385614,-41.4593489206784,100.0,6.0,180.0
99.97172474010492,-17.456842421019925,-40.85970513859031,100.0,6.0,180.0
100.25160553989396,-17.554314180241246,-40.22796096520753,100.0,6.0,180.0
100.64662407718396,-17.680632097896876,-39.750179973364695,100.0,6.0,180.0
100.97162607547412,-17.647202085342464,-39.5770130900496,100.0,6.0,180.0
101.10312331649304,-17.503953286116907,-39.81342586814311,100.0,6.0,180.0
101.1578185540942,-17.43233291449467,-40.1727925965645,100.0,6.0,180.0
101.05621419226604,-17.376556016139194,-40.35541181427509,100.0,6.0,180.0
100.7921491626895,-17.241689054642205,-40.37477616796203,100.0,6.0,180.0
100.69190615040928,-17.067415130665918,-40.431615017160055,100.0,6.0,180.0
100.8920061316034,-16.950551985174002,-40.62857188149858,100.0,6.0,180.0
101.10343132881438,-16.902033118007246,-40.92962722869157,100.0,6.0,180.0
101.08411475282094,-16.817453997595774,-41.23285715290734,100.0,6.0,180.0
101.0041242524647,-16.63969685149668,-41.30922876543555,100.0,6.0,180.0
100.943354238254,-16.38372756658208,-41.26331372073585,100.0,6.0,180.0
100.81300562105103,-16.219588236776932,-41.39105112888231,100.0,6.0,180.0
100.70566824651112,-16.234907508909043,-41.67485323475721,100.0,6.0,180.0
100.6220114649767,-16.321511413925858,-42.01100410029744,100.0,6.0,180.0
100.58798408771916,-16.419151487658034,-42.32651931287232,100.0,6.0,180.0
100.7287289329096,-16.662211098013483,-42.571786595563125,100.0,6.0,180.0
100.96036045538492,-17.067322087574187,-42.79195384571942,100.0,6.0,180.0
101.11646313947884,-17.433187473799595,-42.9023093552,100.0,6.0,180.0
101.22923491554104,-17.890667817531025,-43.03622996285053,100.0,6.0,180.0
101.48180661784497,-18.51874457467496,-43.43131207096398,100.0,6.0,180.0
101.87785680575286,-19.11821911830416,-43.7403493439556,100.0,6.0,180.0
102.23434355126636,-19.558302052028843,-43.78569319519571,100.0,6.0,180.0
102.33365344251196,-19.82453762554092,-43.92329330019003,100.0,6.0,180.0
102.13337719423146,-20.017345992945,-44.11097361222388,100.0,6.0,180.0
101.80532140220429,-20.21955289415474,-44.158815281281946,100.0,6.0,180.0
101.53129944149406,-20.38251609957635,-44.117423512275856,100.0,6.0,180.0
101.49600093196912,-20.412889434895995,-44.0029309711197,100.0,6.0,180.0
101.69426713028052,-20.38728972143648,-44.12965096410994,100.0,6.0,180.0
101.99932240959552,-20.274830325305363,-44.50518158477006,100.0,6.0,180.0
102.29767964927964,-19.9849338895226,-44.627463243276814,100.0,6.0,180.0
102.37838887158544,-19.70450368536732,-44.50362400061194,100.0000076293945,6.0,180.0
102.39557413972835,-19.448240132284184,-44.26874469292571,100.0,6.0,180.0
102.58095795216023,-18.99901059478672,-43.84298967121397,100.0,6.0,180.0
102.6713791179051,-18.45633914788153,-43.38190103343411,100.0,6.0,180.0
102.58759810709104,-18.08347522650576,-43.13930121400403,100.0,6.0,180.0
102.46195599780584,-17.977448213700786,-43.26371485483088,100.0,6.0,180.0
102.32069251805648,-18.09922224666018,-43.63510017772717,100.0,6.0,180.0
102.2724760151492,-18.31050182138312,-44.05645325378004,100.0,6.0,180.0
102.34620865057596,-18.624608043181123,-44.41218824171738,100.0,6.0,180.0
102.38190100930298,-18.90225891636973,-44.45277372356923,100.0,6.0,180.0
102.2462582354969,-18.81715405658744,-44.27884284333325,100.0,6.0,180.0
102.07642146793778,-18.50549622986213,-44.19855909305547,100.0,6.0,180.0
102.1104586274469,-18.304718644626767,-44.02024607290642,100.0,6.0,180.0
102.298859899066,-18.257867425543644,-43.593258634758286,100.0,6.0,180.0
102.40649246129534,-18.36239247469365,-42.99650137064964,100.0,6.0,180.0
102.3275565950858,-18.63100292228668,-42.39360354248621,100.0,6.0,180.0
102.13857638864168,-18.88924002758388,-42.12580933234104,100.0,6.0,180.0
101.95588090054376,-18.99215062363372,-42.23711552400852,100.0,6.0,180.0
101.79455268468888,-18.860598001730544,-42.504171512132345,100.0,6.0,180.0
101.67434931896943,-18.55476565435216,-42.77024797889812,100.0,6.0,180.0
101.63697382404035,-18.34133842118194,-42.95489676780892,100.0,6.0,180.0
101.61277647868928,-18.312976276503843,-43.14769320518303,100.0,6.0,180.0
101.58433771400036,-18.3263596473882,-43.41355970057858,100.0,6.0,180.0
101.50832091710002,-18.374784256119355,-43.595603494921605,100.0,6.0,180.0
101.2016092739576,-18.577299669000126,-43.55393221111616,100.0,6.0,180.0
100.74044399969324,-18.661071200161192,-43.35525649509184,100.0,6.0,180.0
100.18292009944238,-18.280173462108262,-43.152298857314925,100.0,6.0,180.0
99.1114074039787,-17.642762229616338,-43.02094832159506,100.0,6.0,180.0
97.22957510649223,-16.91075251799206,-42.91698551833742,100.0,6.0,180.0
94.76284622143264,-15.992065828146467,-42.46791532156331,99.99996185302734,6.0,180.0
91.9285688142938,-15.060988014720667,-41.39375104562029,99.99622344970705,6.0,180.0
88.69565788324925,-14.33129314437706,-39.962590291120925,99.97154998779295,6.0,180.0
84.98007752535315,-13.700938528857955,-38.50837708960221,99.91813659667967,6.0,180.0
80.86808660191244,-13.006596705125286,-37.057157984502105,99.91813659667967,6.0,180.0
76.60456664229056,-12.302564093825737,-35.66073522428031,99.83859252929688,6.0,180.0
72.245947086359,-11.5912295081011,-34.5546719925033,99.7472152709961,6.0,180.0
67.87724402415516,-10.752017201296086,-33.72370120749825,99.6515655517578,6.0,180.0
63.630819237002704,-9.814420939913145,-33.05296780138622,99.55403900146484,6.0,180.0
59.4654629920677,-8.8285676091335,-32.54561980127826,99.4551773071289,6.0,180.0
55.53655430435367,-7.969579875795622,-32.144880916471735,99.35578155517578,6.0,180.0
52.19645132529091,-7.534863885145477,-31.677398545306467,99.25615692138672,6.0,180.0
49.54366774930866,-7.370611426230408,-31.1413269305237,99.25615692138672,6.0,180.0
47.36405553650029,-7.161853833402313,-30.83345902796155,99.15630340576172,6.0,180.0
45.44533136326402,-6.912520320096736,-30.84441840677857,99.05634307861328,6.0,180.0
43.85868833460114,-6.719208430158351,-31.042333684291588,98.95643615722656,6.0,180.0
42.6476804885274,-6.612864828331901,-31.28871357174832,98.8563995361328,6.0,180.0
41.63654541111062,-6.465144245453201,-31.27170076664374,98.75645446777344,6.0,180.0
40.86827968735103,-6.255567251834143,-30.90750683692733,98.65657043457033,6.0,180.0
40.410358802669,-6.1585777790735206,-30.459281374274163,98.65657043457033,6.0,180.0
40.07634913803936,-6.115520511215502,-30.105302177389213,98.55652618408205,6.0,180.0
39.81198006429164,-6.06044497820943,-29.880561096017523,98.45641326904295,6.0,180.0
39.62601277414343,-6.290316402769854,-29.680292486157693,98.35649871826172,6.0,180.0
39.48163041082751,-6.830360626580545,-29.37672720155677,98.25653076171876,6.0,180.0
39.46078530908772,-7.294011663667507,-29.06084491067204,98.1564712524414,6.0,180.0
39.50509509051173,-7.528902713334013,-28.949693718319583,98.05653381347656,6.0,180.0
39.46597560535992,-7.520018867156242,-29.000858889085816,97.9564971923828,6.0,180.0
39.44360226373933,-7.360173106997115,-29.11189461548003,97.9564971923828,6.0,180.0
39.522004536436185,-7.177881570429406,-29.211848284609964,97.85657501220705,6.0,180.0
39.57383039753656,-6.956799222431719,-29.152251727953395,97.75650024414062,6.0,180.0
39.46649162833963,-6.6766677764840825,-29.02317701755309,97.65641784667967,6.0,180.0
39.13537056260097,-6.390210104534717,-29.03500093624018,97.55671691894533,6.0,180.0
38.51364552872631,-6.432155145896912,-29.208591677069865,97.4564437866211,6.0,180.0
37.69615898182335,-6.829132472539036,-29.402876635016145,97.35652160644533,6.0,180.0
37.13995779546971,-7.159761433784778,-29.58071676214034,97.35652160644533,6.0,180.0
36.979574751964606,-7.400840290421453,-29.677843777526963,97.256591796875,6.0,180.0
37.00749150636936,-7.639814590925608,-29.443598261502025,97.1564712524414,6.0,180.0
37.33818385267168,-7.760207210638857,-28.950389692101485,97.05650329589844,6.0,180.0
38.02497937828425,-7.847476043204984,-28.575534263021684,96.9563980102539,6.0,180.0
38.75987173382885,-8.075405874012889,-28.428175527671566,96.85651397705078,6.0,180.0
39.43831057942074,-8.397698024788067,-28.283899147625643,96.7565460205078,6.0,180.0
40.15120553486473,-8.767381260890717,-27.96952152058806,96.6565399169922,6.0,180.0
40.68736767814315,-9.111704557415443,-27.574799192537025,96.6565399169922,6.0,180.0
40.91963152559917,-9.26368865917188,-27.308698003893745,96.5564956665039,6.0,180.0
40.94226738235911,-9.250851696432107,-27.21490115852778,96.45647430419922,6.0,180.0
40.83094391239496,-9.236871332099252,-27.22714118595801,96.35657501220705,6.0,180.0
40.660543529957245,-9.32419501211109,-27.39169011332509,96.25676727294922,6.0,180.0
40.45923961188122,-9.442144996141264,-27.693780241184,96.15653228759766,6.0,180.0
40.35647973892538,-9.563871064204635,-27.979724297733167,96.05655670166016,6.0,180.0
40.38214444066193,-9.713828502992596,-28.170590629081563,96.05655670166016,6.0,180.0
40.40844761728847,-9.797091701021138,-28.22878056562968,95.95655822753906,6.0,180.0
40.213442078783736,-9.783305543852984,-28.17970072538992,95.85653686523438,6.0,180.0
39.776934395552985,-9.703624567794447,-28.13978842109028,95.7566146850586,6.0,180.0
39.57382621201168,-9.6029272514133,-28.12454391930293,95.65648651123048,6.0,180.0
39.80716621577762,-9.483228733476126,-28.050093403207807,95.55654907226562,6.0,180.0
40.21727672841048,-9.415923754027077,-27.699268077763936,95.45660400390624,6.0,180.0
40.58011893172854,-9.477687691861943,-27.08165980271243,95.35669708251952,6.0,180.0
40.949523210678784,-9.574870335030624,-26.587369804409715,95.35669708251952,6.0,180.0
41.25519982202597,-9.52572160999908,-26.33882779742546,95.25662994384766,6.0,180.0
41.30329028216644,-9.154104705853952,-26.17767360500798,95.15645599365234,6.0,180.0
41.17187601860683,-8.658781831270344,-25.87796130179361,95.0564193725586,6.0,180.0
40.933659596597536,-8.368635122261317,-25.14883981443274,94.95633697509766,6.0,180.0
40.65565656521079,-8.286928641263481,-24.21635109579677,94.85635375976562,6.0,180.0
40.61220789955422,-8.24441901696439,-23.71890514117852,94.7564697265625,6.0,180.0
40.93832842413848,-8.198038297683414,-23.6512563953448,94.65647888183594,6.0,180.0
41.33266530732699,-8.236736680981917,-23.618610678857184,94.65647888183594,6.0,180.0
41.51855835016198,-8.396928567742437,-23.6625780425225,94.55657958984376,6.0,180.0
41.49114974235708,-8.625422642325171,-23.83248773928108,94.45640563964844,6.0,180.0
41.402308104582985,-8.743502055468513,-23.859335826036386,94.3564910888672,6.0,180.0
41.36714070515241,-8.652983088235603,-23.71432257744057,94.256591796875,6.0,180.0
41.36101412113285,-8.448540023195983,-23.7078027818692,94.15643310546876,6.0,180.0
41.448788876941215,-8.294840966826037,-23.88399074313496,94.05652618408205,6.0,180.0
41.758256941910005,-8.12740372687464,-24.05088215669403,94.05652618408205,6.0,180.0
42.09070301984804,-7.798875297155423,-24.11738354024622,93.95642852783205,6.0,180.0
42.16568838743595,-7.522518032778127,-24.10959045149679,93.85652923583984,6.0,180.0
42.2548259720313,-7.55759464917565,-24.224345934635107,93.75662231445312,6.0,180.0
42.82721453379232,-7.86883531692734,-24.54352610206654,93.6564712524414,6.0,180.0
43.702968297597145,-8.255291837285181,-24.73673311867969,93.55650329589844,6.0,180.0
44.460319888986064,-8.523598323417156,-24.74095985594593,93.45645904541016,6.0,180.0
45.23848227777674,-8.682367275183541,-24.88155445212062,93.35649871826172,6.0,180.0
46.06416950436948,-8.912501655558117,-25.115655676342016,93.35649871826172,6.0,180.0
46.55382000228893,-9.218760554025788,-25.155188892012703,93.25650787353516,6.0,180.0
46.77378449916738,-9.43023900581466,-24.92162618953557,93.156494140625,6.0,180.0
46.98728785184562,-9.488697772621627,-24.51260452636073,93.05645751953124,6.0,180.0
47.04438165971852,-9.52417423184405,-24.08445303841369,92.9563980102539,6.0,180.0
46.97031100555228,-9.745869389823383,-23.791565704455287,92.85655212402344,6.0,180.0
46.94768914324289,-10.249348417138576,-23.62372459383502,92.75656127929688,6.0,180.0
47.006431035145056,-10.903951652686274,-23.4559967728263,92.75656127929688,6.0,180.0
47.38835253725277,-11.441473842099604,-23.443554037754023,92.65663146972656,6.0,180.0
48.17686824344889,-11.50041778891962,-23.833610954044868,92.55658721923828,6.0,180.0
49.01766403417464,-11.037701923624727,-24.3282995751311,92.45645904541016,6.0,180.0
49.70682753321379,-10.609508222695464,-24.51297846477533,92.35639190673828,6.0,180.0
50.33325347729165,-10.643086286521026,-24.451011975131827,92.25643920898438,6.0,180.0
51.07625949002564,-11.09278839042234,-24.41006017291604,92.1564483642578,6.0,180.0
52.002134136709984,-11.700287796277422,-24.25247874390814,92.0564422607422,6.0,180.0
52.849287786527526,-12.192609983185909,-23.87978410154295,92.0564422607422,6.0,180.0
53.44494143984681,-12.590726565907325,-23.60467653578352,91.95648193359376,6.0,180.0
53.90669125719016,-13.089444669637002,-23.596908924736454,91.8565444946289,6.0,180.0
54.36662771499383,-13.71037454382594,-23.79854936056497,91.7565460205078,6.0,180.0
55.00757190458138,-14.334664769343636,-23.943603223117822,91.6565170288086,6.0,180.0
56.101880841041385,-14.823428426002254,-24.040463308504133,91.55653381347656,6.0,180.0
57.63403931528316,-15.095407284330886,-24.24543820582703,91.45648193359376,6.0,180.0
59.18196272114869,-15.169705241726431,-24.522023458375227,91.45648193359376,6.0,180.0
60.554313620230616,-15.076045711490403,-24.94278350008286,91.3564682006836,6.0,180.0
61.76356897318655,-14.918881307425329,-25.467496384667264,91.25647735595705,6.0,180.0
62.5816653648344,-14.796257371289345,-25.913634369335007,91.15657043457033,6.0,180.0
63.07465441772936,-14.646731441629177,-26.090740231822544,91.05657958984376,6.0,180.0
63.79524691137219,-14.35521752186505,-26.061321911860684,90.95655059814452,6.0,180.0
64.81490901698362,-14.046944422058026,-25.968910375824706,90.85648345947266,6.0,180.0
65.72852197146398,-13.957487135898647,-25.69604239219709,90.7564697265625,6.0,180.0
66.39526379673184,-14.069474559405718,-25.259833444900263,90.7564697265625,6.0,180.0
66.73597899564275,-14.334917359486507,-24.737312904902065,90.65643310546876,6.0,180.0
66.65899153392972,-14.77222328493701,-24.145873449362508,90.5565185546875,6.0,180.0
66.28003285680715,-15.31527178655812,-23.54687925805387,90.45655822753906,6.0,180.0
65.7378420516936,-15.633594415645716,-22.94999946227365,90.35650634765624,6.0,180.0
65.16996019089628,-15.48609856668368,-22.416037565274014,90.25643157958984,6.0,180.0
64.86919528343394,-15.144915968855358,-21.910281211354555,90.15655517578124,6.0,180.0
65.19092224804817,-15.05616738125811,-21.426320003486577,90.15655517578124,6.0,180.0
66.25534402929871,-15.294191890778617,-21.34188926815975,90.05657958984375,6.0,180.0
67.76608889518766,-15.670897128111406,-21.845832959889176,89.95648956298828,6.0,180.0
69.59145159546293,-16.175137430406735,-22.70250982882427,89.85661315917969,6.0,180.0
71.5397649656746,-16.68639786723567,-23.63544982991053,89.75652313232422,6.0,180.0
73.0294173218576,-17.003383836586096,-24.3249399201393,89.65657806396484,6.0,180.0
73.79411297006217,-17.159842774907823,-24.681348778405265,89.55657958984375,6.0,180.0
74.09537777579723,-17.417781533749462,-24.93794304504847,89.45636749267578,6.0,180.0
74.37206876770351,-17.927210066723553,-25.16513696114812,89.45636749267578,6.0,180.0
74.7040562711438,-18.496817154886287,-25.27759244731624,89.35647583007812,6.0,180.0
75.148757567575,-19.083951077259755,-25.22932265695284,89.2564468383789,6.0,180.0
75.84623435450564,-19.739391580054704,-25.0090549137088,89.1565933227539,6.0,180.0
76.54950771565885,-20.34764888933971,-24.79187549356785,89.05657196044922,6.0,180.0
77.1191109808426,-20.686616262479426,-24.72771215927856,88.95643615722656,6.0,180.0
77.7509305198842,-20.73110767464618,-24.77820700849164,88.85655975341797,6.0,180.0
78.43575898262647,-20.792914135950205,-24.91655729636481,88.7564697265625,6.0,180.0
78.930356795054,-20.859633604331822,-24.99749493195121,88.7564697265625,6.0,180.0
79.23455757381637,-20.736016432133127,-24.84449278405801,88.65660858154297,6.0,180.0
79.49448964621949,-20.49280730499497,-24.4866004680974,88.5565185546875,6.0,180.0
79.66082064308821,-20.300726440813545,-24.084982852522074,88.4564208984375,6.0,180.0
79.97777637274581,-20.27453174383378,-23.87278031607289,88.3564682006836,6.0,180.0
80.98230345132362,-20.47440491349742,-23.89851800498265,88.25638580322266,6.0,180.0
82.61860581071868,-20.9629469537266,-23.954608148547347,88.15658569335938,6.0,180.0
84.44131960593164,-21.61796727202656,-24.040226050916424,88.15658569335938,6.0,180.0
86.17918441216625,-22.2118314618812,-24.2339090545661,88.05656433105469,6.0,180.0
87.55236271503921,-22.673699884587105,-24.54869430867433,87.95647430419922,6.0,180.0
88.46830179838975,-22.93978847130884,-24.984360452800185,87.85650634765625,6.0,180.0
89.15499695136059,-22.73304299501696,-25.34916020537656,87.7564926147461,6.0,180.0
89.81475908613855,-22.23799715395475,-25.52058492609732,87.65663146972656,6.0,180.0
90.38488592135955,-21.976783871437625,-25.56032936190844,87.55655670166016,6.0,180.0
90.81653131538884,-21.965466361299207,-25.567731088679658,87.4566650390625,6.0,180.0
91.30913735984284,-22.08233336213545,-25.56246923328045,87.4566650390625,6.0,180.0
91.77289254926784,-22.188037096203324,-25.51201236819246,87.35667419433594,6.0,180.0
91.80185110888478,-22.1624694031281,-25.404728960483304,87.25648498535156,6.0,180.0
91.56751290217404,-22.04543217445601,-25.22325095856281,87.15654754638672,6.0,180.0
91.5076363353366,-21.84712758611336,-24.81540466572089,87.05644226074219,6.0,180.0
91.59374033636604,-21.65104114548075,-24.133502245840813,86.95645904541016,6.0,180.0
92.04375891328353,-21.601989054272856,-23.63695044340913,86.8564682006836,6.0,180.0
93.34146991522836,-21.85960806836416,-23.65105806847683,86.8564682006836,6.0,180.0
95.04520013012215,-22.319074863305914,-23.788712533218284,86.7564926147461,6.0,180.0
96.45117664337646,-22.67183422665051,-23.8280343966105,86.65658569335938,6.0,180.0
97.76263822880456,-22.98561186172041,-24.04649437770307,86.55644226074219,6.0,180.0
98.86515963446922,-23.29364074907468,-24.332203177995066,86.45652770996094,6.0,180.0
99.2896497301491,-23.39430349459272,-24.325410627424468,86.35643768310547,6.0,180.0
99.19632563647332,-23.289146693088032,-24.09521063598032,86.2564926147461,6.0,180.0
99.05474877390192,-23.111738847588427,-23.917336048236848,86.15657806396484,6.0,180.0
99.48746402097716,-23.039284339744363,-23.99639904932817,86.15657806396484,6.0,180.0
100.51539269735623,-23.12715396167066,-24.206423755778697,86.056396484375,6.0,180.0
101.63887910892626,-23.334839046734047,-24.179997845307785,85.9564208984375,6.0,180.0
102.77784103430275,-23.664462808386222,-23.88235063083286,85.85641479492188,6.0,180.0
103.70858854409242,-24.0591400874022,-23.480529137535108,85.75646209716797,6.0,180.0
104.30354298128384,-24.417612173036567,-23.156533600757385,85.656494140625,6.0,180.0
104.93597506607306,-24.59422181934301,-23.100205792102813,85.55644989013672,6.0,180.0
105.91924912926024,-24.710159697492383,-23.40105372663561,85.55644989013672,6.0,180.0
107.29906311930873,-25.09438647695314,-24.00634997518377,85.45648956298828,6.0,180.0
108.85550989872472,-25.726048296278968,-24.5884970096462,85.35650634765625,6.0,180.0
110.3406312397498,-26.262930176586785,-24.97033842044948,85.25662231445312,6.0,180.0
111.5017956179792,-26.4754787266618,-25.26007683159196,85.15657806396484,6.0,180.0
112.1529855859561,-26.3866221056549,-25.32744926551633,85.05644226074219,6.0,180.0
112.46414984333376,-26.070373321328702,-25.096155018899296,84.95650482177734,6.0,180.0
112.66004500266776,-25.700034991078034,-24.84172482250642,84.85652160644531,6.0,180.0
112.95377609515324,-25.565674204394043,-24.684568710561138,84.85652160644531,6.0,180.0
113.5504602353895,-25.63484147534112,-24.423872490071368,84.75664520263672,6.0,180.0
114.13826699117185,-25.71226563497288,-24.026620358428723,84.65656280517578,6.0,180.0
114.59541876415986,-25.89887902873047,-23.700656575779355,84.55644226074219,6.0,180.0
115.29365963325353,-26.1843923036778,-23.457299003364867,84.45640563964844,6.0,180.0
116.0713622999304,-26.436071416149574,-23.163407556561022,84.35639953613281,6.0,180.0
116.7239554995888,-26.752028916520786,-22.909912824984293,84.25652313232422,6.0,180.0
117.58932911897956,-27.1349977948064,-22.76634930490288,84.15650177001953,6.0,180.0
118.74924595530015,-27.512977836954065,-22.71147618040261,84.15650177001953,6.0,180.0
119.8517018769952,-27.956054906196776,-22.73298985708256,84.05635833740234,6.0,180.0
120.68910368221503,-28.510315583044523,-22.724429064354048,83.95652770996094,6.0,180.0
121.26136617363927,-29.090454422195428,-22.72907567273038,83.85649108886719,6.0,180.0
121.56964841388309,-29.562840992217843,-22.74061039269116,83.75655364990234,6.0,180.0
121.89402339871457,-29.864455827690104,-22.75340272076172,83.6565933227539,6.0,180.0
122.66639104147517,-29.978711308489213,-22.86379748283087,83.55632781982422,6.0,180.0
123.71701841714167,-29.99234520636713,-22.99973035438673,83.55632781982422,6.0,180.0
124.52479224660912,-30.099074050855243,-23.19356060713648,83.45648956298828,6.0,180.0
125.04316600384875,-30.30083166033143,-23.432552548734115,83.35649108886719,6.0,180.0
125.30078086078672,-30.45889125540577,-23.4538826998429,83.2565689086914,6.0,180.0
125.27703569237968,-30.539605487338108,-23.20194609879173,83.1566390991211,6.0,180.0
125.2183043814774,-30.60337453196241,-22.77182228393528,83.05655670166016,6.0,180.0
125.3368449348098,-30.88967353195829,-22.2915447351546,82.95657348632812,6.0,180.0
125.78891423059136,-31.326835623450165,-21.909547527656684,82.85650634765625,6.0,180.0
126.40533196438548,-31.39496119027142,-21.52953334054257,82.85650634765625,6.0,180.0
126.77118299851928,-31.18370601948269,-21.08086282039984,82.75657653808594,6.0,180.0
126.60412864040065,-31.187427615346373,-20.638749699852475,82.65650177001953,6.0,180.0
125.69538094502931,-31.326304908793524,-20.20267284995912,82.55647277832031,6.0,180.0
124.21458358487506,-31.20311074436636,-19.721787417954385,82.45651245117188,6.0,180.0
122.60723912389828,-30.6768299830859,-19.08979805214047,82.35655975341797,6.0,180.0
121.37226364668766,-30.03941722199725,-18.36341300395577,82.25662994384766,6.0,180.0
120.97224517934102,-29.701477618689765,-17.84445312264249,82.25662994384766,6.0,180.0
121.72985348610275,-29.882272673210224,-17.855650088921696,82.15645599365234,6.0,180.0
124.17867089040652,-30.764239889885427,-18.54401669011398,82.05653381347656,6.0,180.0
128.62045560627718,-32.29749460691818,-19.66649853592091,81.95655822753906,6.0,180.0
133.92058528999183,-33.879051401404034,-20.87102863278704,81.85649108886719,6.0,180.0
138.47330298942933,-35.020280504148914,-21.96658967999846,81.756591796875,6.0,180.0
142.14309216071996,-35.939318982836404,-22.98034345978098,81.65647888183594,6.0,180.0
145.29103414644035,-36.750407230961805,-23.88027008523732,81.55643463134766,6.0,180.0
147.5405841987409,-37.15965973607119,-24.41915761435825,81.55643463134766,6.0,180.0
148.50350938733118,-37.08729871442125,-24.41523734845009,81.45655059814453,6.0,180.0
148.62178060602955,-36.7105368464572,-23.93756382895856,81.35647583007812,6.0,180.0
148.72323738441997,-36.30829404798818,-23.46575931651554,81.2565689086914,6.0,180.0
148.9362841619362,-35.96338841985197,-23.276323206786792,81.1565170288086,6.0,180.0
148.99566887447693,-35.6523706573211,-23.114022646132742,81.0565185546875,6.0,180.0
148.71482252572255,-35.41631194870719,-22.67542791054749,80.95651245117188,6.0,180.0
148.0689009808656,-35.161236839245774,-22.036660752368103,80.95651245117188,6.0,180.0
147.48001828124984,-34.87272681991983,-21.68653373925237,80.85649108886719,6.0,180.0
147.4625784829107,-34.69594995100975,-21.761004967625503,80.75667572021484,6.0,180.0
148.09712207629656,-34.62436506550863,-21.7767880363716,80.65655517578125,6.0,180.0
148.92895384015625,-34.60091653446466,-21.55023613962329,80.55644226074219,6.0,180.0
149.5436051601663,-34.665062580418926,-21.43345996544621,80.45652770996094,6.0,180.0
150.06486907034682,-34.814158001825255,-21.636852410297543,80.35646057128906,6.0,180.0
150.7827826816622,-34.94207485553914,-22.046594765114733,80.25643920898438,6.0,180.0
151.8442071076075,-34.89979912687224,-22.289570596113908,80.25643920898438,6.0,180.0
153.21670871770448,-34.877636768668275,-22.17955073520277,80.15644073486328,6.0,180.0
154.60889773901144,-35.108654702045044,-21.90212358530244,80.05646514892578,6.0,180.0
155.8917511768172,-35.38291041330831,-21.7278458784333,79.9565200805664,6.0,180.0
157.0499535647959,-35.66541825094021,-21.759424738955246,79.85649108886719,6.0,180.0
157.84677951464965,-36.24794941088137,-21.78929265175531,79.7564468383789,6.0,180.0
158.2203724277707,-37.13167754406552,-21.737021922009387,79.65647888183594,6.0,180.0
158.44811298876138,-38.07313138377367,-21.66667840088165,79.55651092529297,6.0,180.0
158.9479626526027,-38.893217165419216,-21.615036498713547,79.55651092529297,6.0,180.0
159.84953217819287,-39.482076877015935,-21.595287310814804,79.45655059814453,6.0,180.0
160.90529637033526,-39.63522919909826,-21.49651444843533,79.35651397705078,6.0,180.0
161.76610507660217,-39.22647385708552,-21.25075492051634,79.25650787353516,6.0,180.0
162.23880783039502,-38.65351062797691,-20.92800047596484,79.15656280517578,6.0,180.0
162.54178410217298,-38.31784246555832,-20.641400916436705,79.05648040771484,6.0,180.0
162.85588713702924,-38.03376415212448,-20.507746370274727,78.9564208984375,6.0,180.0
163.2942992306743,-37.85248126482207,-20.58285305268272,78.9564208984375,6.0,180.0
164.0489012010889,-38.08000529330369,-20.6125557374566,78.85645294189453,6.0,180.0
164.95891513020675,-38.48808297325013,-20.46542357584401,78.75650024414062,6.0,180.0
166.0116028365104,-38.85647187780332,-20.450533850303287,78.65655517578125,6.0,180.0
167.24167326859384,-39.1722654918769,-20.63565744184156,78.55644226074219,6.0,180.0
168.16949075680395,-39.295018897909245,-20.981410302336887,78.45635986328125,6.0,180.0
168.67449249887906,-39.30926253530828,-21.36274573260103,78.35640716552734,6.0,180.0
169.1052566549093,-39.57376742161747,-21.55634534580519,78.25630187988281,6.0,180.0
169.74426668623832,-40.06511225137751,-21.62551807034264,78.25630187988281,6.0,180.0
170.8032925158628,-40.46699052973838,-21.67194805813258,78.15655517578125,6.0,180.0
172.1519128681838,-40.71888548835506,-21.667702867697862,78.05682373046875,6.0,180.0
173.60228791582065,-40.80625925646527,-21.60519835279211,77.95675659179688,6.0,180.0
174.99971167511984,-40.85075574924241,-21.64921536225429,77.856689453125,6.0,180.0
176.10006502071275,-40.95949961121348,-21.771561659813965,77.75645446777344,6.0,180.0
176.78455742870173,-41.05256027719472,-21.90101061720315,77.65641784667969,6.0,180.0
177.27182802558033,-41.31323654641598,-21.94158269598718,77.65641784667969,6.0,180.0
178.0508691491138,-41.72782412297932,-21.71194027565433,77.55657958984375,6.0,180.0
179.11549890289217,-42.16571712540639,-21.334519828189148,77.45651245117188,6.0,180.0
180.4831945028421,-42.66161592519335,-21.069632714769448,77.35653686523438,6.0,180.0
182.1688443728873,-43.1338339925866,-21.01068704749721,77.25653076171875,6.0,180.0
183.618411378142,-43.569584152498265,-20.86443430574641,77.156494140625,6.0,180.0
184.8524009491934,-43.94220565007589,-20.532525705250723,77.05656433105469,6.0,180.0
186.0936138340757,-44.27977373607303,-20.305303925779647,76.95647430419922,6.0,180.0
187.07408525660696,-44.62718879305306,-20.25449026094177,76.95647430419922,6.0,180.0
187.8763725017664,-44.93866401009242,-20.265880188008865,76.8564682006836,6.0,180.0
188.85784945057816,-45.23607529815428,-20.20607270211442,76.7564697265625,6.0,180.0
189.8999173801129,-45.50931275289497,-19.934482540156782,76.65650177001953,6.0,180.0
190.73980417570243,-45.57266514911925,-19.56926373580757,76.55655670166016,6.0,180.0
191.52718354573528,-45.37202761500939,-19.29551503882102,76.45643615722656,6.0,180.0
192.189945883777,-45.10167116012457,-19.05291779125337,76.35649871826172,6.0,180.0
192.53896669563096,-44.89789809935317,-18.8861438521728,76.35649871826172,6.0,180.0
192.8143275875576,-44.812044301407305,-18.82204223290816,76.25645446777344,6.0,180.0
193.00418357510773,-44.734172203819575,-18.82141928443984,76.15647888183594,6.0,180.0
192.94287657169883,-44.56532312496304,-18.800550237410707,76.05660247802734,6.0,180.0
192.99957235820187,-44.339949471644594,-18.5208826136414,75.9565658569336,6.0,180.0
193.6265844296688,-44.29050132836987,-18.252498520886228,75.85649871826172,6.0,180.0
194.7225587672749,-44.61622963773266,-18.39393099344123,75.75640106201172,6.0,180.0
195.93290934672007,-45.08567486937543,-18.773906091353627,75.65655517578125,6.0,180.0
197.35250717822723,-45.52259942553405,-19.24519839371094,75.65655517578125,6.0,180.0
198.96486218005305,-46.03266709486738,-19.873494169896688,75.55667114257812,6.0,180.0
200.1057250256834,-46.688163701189694,-20.56206106904469,75.45640563964844,6.0,180.0
200.9162831791856,-47.372318969780935,-21.1183847774545,75.3564453125,6.0,180.0
201.90923820631568,-47.86938624848996,-21.362074735958235,75.25653076171875,6.0,180.0
202.67093390850744,-48.09752348344861,-21.23399237654453,75.15652465820312,6.0,180.0
203.23287379618645,-48.21258035900024,-21.1467779088206,75.05669403076172,6.0,180.0
204.1130928773612,-48.51177345315675,-21.16069700041527,75.05669403076172,6.0,180.0
205.2479958035589,-49.09698026980072,-20.83693618463201,74.95651245117188,6.0,180.0
206.21511623510327,-49.6303761408286,-20.3901435058576,74.85662078857422,6.0,180.0
206.9518784486632,-49.96242279005349,-20.22626451848813,74.75651550292969,6.0,180.0
207.7772972666112,-50.32049825125561,-20.295959010869645,74.65640258789062,6.0,180.0
208.5711156896332,-50.61884415841916,-20.34426160990916,74.5565414428711,6.0,180.0
209.2607647333164,-50.63325602822197,-20.292289773370403,74.45643615722656,6.0,180.0
210.21127755023969,-50.385892935379474,-20.12743544971075,74.35647583007812,6.0,180.0
211.4243454269481,-50.23918075812794,-19.80023948003801,74.35647583007812,6.0,180.0
212.6658059467136,-50.4943836073693,-19.49950378204781,74.25653076171875,6.0,180.0
213.798521189253,-50.89233918675444,-19.31483904853493,74.15644836425781,6.0,180.0
214.5088208170326,-51.17808127123448,-19.169309902137712,74.05648040771484,6.0,180.0
214.6109923416895,-51.339951521356085,-19.04084940351001,73.9565658569336,6.0,180.0
214.5021772833247,-51.32323183712416,-18.807252554301787,73.8564453125,6.0,180.0
214.8408337441521,-51.11629573920144,-18.43756250474631,73.75654602050781,6.0,180.0
215.94343937769509,-50.93277375523456,-18.26904841539754,73.65648651123047,6.0,180.0
217.4675520350696,-51.00901523347476,-18.430087970509124,73.65648651123047,6.0,180.0
218.85599487330728,-51.22050325262124,-18.52208579696677,73.55657196044922,6.0,180.0
220.0293026895564,-51.4257890951677,-18.3686522524482,73.45658111572266,6.0,180.0
221.04158961724696,-51.79853395784329,-18.15059878102671,73.35647583007812,6.0,180.0
221.701505416228,-52.35611923715048,-17.863971272842402,73.25645446777344,6.0,180.0
222.1004074404836,-52.76787591432841,-17.497896422020215,73.15643310546875,6.0,180.0
222.51462538413728,-52.90231122485476,-17.31358470431907,73.05657196044922,6.0,180.0
223.0513709914378,-52.86477676907331,-17.386861459259478,73.05657196044922,6.0,180.0
223.8403399002856,-52.77382662131557,-17.488494838120864,72.9565200805664,6.0,180.0
224.84562699885683,-52.71205903624115,-17.570352899437,72.85655975341797,6.0,180.0
225.7475196937052,-52.75481603608967,-17.684159531896643,72.75662994384766,6.0,180.0
226.45263388544203,-52.90648245338666,-17.78300137203968,72.6564712524414,6.0,180.0
227.04375573824905,-52.948146621971375,-17.74206089004532,72.55654907226562,6.0,180.0
227.4928117075832,-52.88405636026064,-17.396957669864914,72.45645904541016,6.0,180.0
227.8693852804592,-52.91149099726006,-16.807272600901875,72.35649871826172,6.0,180.0
228.26115708901983,-53.135090960893535,-16.21162859423091,72.35649871826172,6.0,180.0
228.8693221449477,-53.37624684887636,-15.822579858752768,72.25651550292969,6.0,180.0
230.1740193877293,-53.48866229208228,-15.6952632884275,72.15648651123047,6.0,180.0
232.0711499082909,-53.78666842712128,-15.75842180315425,72.05657196044922,6.0,180.0
233.63525411714704,-54.23662119953004,-15.883609969385692,71.95655059814453,6.0,180.0
234.6074814280001,-54.54772404632877,-15.999560192551012,71.85645294189453,6.0,180.0
235.51208495029005,-54.75128501913718,-16.110460067373122,71.75651550292969,6.0,180.0
236.40045608636484,-54.97979417641178,-15.88895743210671,71.75651550292969,6.0,180.0
236.9326970173873,-55.296945298117485,-15.330668609693074,71.6564712524414,6.0,180.0
237.39499281319823,-55.70405832121459,-15.008372170592756,71.55662536621094,6.0,180.0
238.4942035879912,-56.12238785247739,-15.03483094403611,71.4565200805664,6.0,180.0
240.054106917168,-56.232401420537705,-15.15055313687461,71.35646057128906,6.0,180.0
241.4330554587492,-55.92282118777632,-15.28328893114065,71.25654602050781,6.0,180.0
242.53129316402044,-55.4729264966275,-15.46435450335185,71.15645599365234,6.0,180.0
243.3582008224044,-55.150380395307685,-15.52622684770472,71.0565185546875,6.0,180.0
244.16565226403927,-55.18729212030792,-15.365751031760276,71.0565185546875,6.0,180.0
245.46577250353027,-55.59736672109814,-15.315692259499166,70.9565658569336,6.0,180.0
246.86541831838537,-56.037237333141256,-15.388919169036114,70.8564224243164,6.0,180.0
247.568909851714,-56.20726914520491,-15.254237867552902,70.75656127929688,6.0,180.0
247.6779243945649,-56.3051538221473,-15.04329424318338,70.6566162109375,6.0,180.0
247.8707222782161,-56.584952815989936,-15.00735834816949,70.55648803710938,6.0,180.0
248.5513035091037,-56.79450681691704,-15.26256169370822,70.45650482177734,6.0,180.0
249.48272745613625,-56.83243322694673,-15.801607254537425,70.45650482177734,6.0,180.0
250.42018120866928,-56.9212410275692,-16.416642897514002,70.3564682006836,6.0,180.0
251.4809792761573,-56.9982706125958,-16.93293842945606,70.25641632080078,6.0,180.0
252.5860085969284,-56.99202121216994,-17.26765742976314,70.15645599365234,6.0,180.0
253.71911850527232,-57.16379212036673,-17.345113679405372,70.05641174316406,6.0,180.0
254.85164755434124,-57.61966635429225,-17.31831149479215,69.95655059814453,6.0,180.0
255.5804968032788,-58.04110807395708,-17.304274430107437,69.85660552978516,6.0,180.0
255.8030098847178,-58.18757828217648,-17.06481877883257,69.7564926147461,6.0,180.0
255.9230619463416,-58.19312124742891,-16.619125905469993,69.7564926147461,6.0,180.0
256.46654223956125,-58.27941051432842,-16.14382214650946,69.6565170288086,6.0,180.0
257.32718629960146,-58.44707466566052,-15.68522597343101,69.5564956665039,6.0,180.0
258.24730770385713,-58.61326397711888,-15.265872878359954,69.45645141601562,6.0,180.0
259.3927546441004,-58.733160534581074,-14.835860686481984,69.3565444946289,6.0,180.0
260.4860468332376,-58.74707823728531,-14.420599268572944,69.25650787353516,6.0,180.0
261.5092003345606,-58.80616289816657,-14.174299973004068,69.15650177001953,6.0,180.0
262.65862581931856,-59.05591435082045,-14.191816881890578,69.0565185546875,6.0,180.0
263.5602842582069,-59.4496955263694,-14.21264850656031,69.0565185546875,6.0,180.0
264.1894011528145,-59.937552946377245,-14.05301471085075,68.95648193359375,6.0,180.0
264.7788456914951,-60.33895446749172,-13.918351883280348,68.85639953613281,6.0,180.0
265.4606581077724,-60.561396622836455,-13.94022004694713,68.75653076171875,6.0,180.0
266.320105381808,-60.8762690505264,-13.934932876552416,68.65647888183594,6.0,180.0
267.19038485800434,-61.32490853708016,-13.716062329626965,68.55647277832031,6.0,180.0
268.2061886963782,-61.76096244719895,-13.483057545546492,68.45648193359375,6.0,180.0
269.66705010942536,-62.24814118254741,-13.306621106676896,68.45648193359375,6.0,180.0
271.1228476540359,-62.75598665005121,-13.18676546201313,68.35652160644531,6.0,180.0
272.1432516871198,-63.1746254304253,-13.307449957195251,68.25662231445312,6.0,180.0
272.9771267861124,-63.504851908402834,-13.393077308930394,68.15658569335938,6.0,180.0
273.7831620033184,-63.96260891668095,-13.26636619893725,68.05662536621094,6.0,180.0
274.5796666036083,-64.55260312961954,-13.1615017309502,67.9564437866211,6.0,180.0
275.23113791097074,-64.95673981829543,-12.983842074954502,67.85643005371094,6.0,180.0
275.58737927836864,-65.14373000189711,-12.656865409055357,67.75655364990234,6.0,180.0
275.9037821039599,-65.2844519209834,-12.420016845275626,67.75655364990234,6.0,180.0
276.42401168627123,-65.42287672005959,-12.394508387817623,67.65656280517578,6.0,180.0
277.0429941344817,-65.61291277428346,-12.442759836699194,67.55648803710938,6.0,180.0
277.6859138909384,-65.9034705887007,-12.281843908378375,67.45638275146484,6.0,180.0
278.4891000682795,-66.23135486676436,-11.938765443447082,67.35653686523438,6.0,180.0
279.4012630025093,-66.66952793708195,-11.65133015942054,67.256591796875,6.0,180.0
280.4176798974244,-67.38353960177743,-11.459242879507318,67.15654754638672,6.0,180.0
281.66120180861355,-68.26117375118527,-11.41181978248104,67.15654754638672,6.0,180.0
282.9999555575056,-68.87057670483969,-11.572961195042756,67.05651092529297,6.0,180.0
284.3319699302851,-69.04820809968467,-11.900277059288296,66.95646667480469,6.0,180.0
285.79897262326114,-69.1675423371149,-12.189885390125294,66.85651397705078,6.0,180.0
287.3779855521844,-69.41282023580457,-12.310489702446866,66.756591796875,6.0,180.0
288.73895785810976,-69.61428899975115,-12.368384809362196,66.65652465820312,6.0,180.0
289.8073327929073,-69.83202563891388,-12.387148465288478,66.55647277832031,6.0,180.0
290.7972712414556,-70.22958413889525,-12.488263799614929,66.45650482177734,6.0,180.0
291.6908720271148,-70.58121573520941,-12.699660348082652,66.45650482177734,6.0,180.0
292.2694692595407,-70.60559570153086,-12.67843096873428,66.3564453125,6.0,180.0
292.4811758358809,-70.34487335352185,-12.23645372296087,66.25667572021484,6.0,180.0
292.68264797200595,-69.98558439778728,-11.703376403381554,66.15655517578125,6.0,180.0
293.2727237396511,-69.67375154053846,-11.577902730124356,66.05654907226562,6.0,180.0
294.29466596582574,-69.44812518702466,-11.865098693099837,65.9565200805664,6.0,180.0
295.402329083965,-69.37650145550592,-12.28061199142943,65.8564224243164,6.0,180.0
296.15628210923524,-69.48107494927818,-12.52756247944034,65.8564224243164,6.0,180.0
296.83252850411526,-69.74067674369857,-12.648560067379178,65.75652313232422,6.0,180.0
297.95888953916665,-70.1191961015902,-12.92814689101301,65.65656280517578,6.0,180.0
299.3165808442534,-70.42952864060325,-13.081190870925184,65.55648803710938,6.0,180.0
300.59802863601936,-70.69157064921505,-12.809796835259997,65.45651245117188,6.0,180.0
301.8978587495228,-70.95088750314856,-12.46078501393012,65.35643005371094,6.0,180.0
303.3022888523977,-71.0795995503305,-12.29675516083535,65.25656127929688,6.0,180.0
304.8545337061984,-71.20146089402789,-12.166075582995452,65.15642547607422,6.0,180.0
306.22813587477486,-71.3376625203497,-11.793156440185694,65.15642547607422,6.0,180.0
307.09382544342003,-71.42933989590081,-11.132614569237363,65.05635833740234,6.0,180.0
307.64651669999324,-71.59645855073029,-10.619333146417596,64.95642852783203,6.0,180.0
308.1513394291113,-71.77304976934734,-10.372014921492967,64.85655975341797,6.0,180.0
308.7793960497865,-71.85334010211807,-10.281542330527184,64.75650024414062,6.0,180.0
309.754878637128,-71.84405263609311,-10.407391974906586,64.65653991699219,6.0,180.0
310.91678425739354,-71.83452860225287,-10.49982401624198,64.5565414428711,6.0,180.0
311.80708081278743,-71.88351085399152,-10.305726346572436,64.45653533935547,6.0,180.0
312.7321870000931,-71.93339827890922,-9.746800862916457,64.45653533935547,6.0,180.0
313.93065435839986,-71.88592107402539,-8.962595557907411,64.35648345947266,6.0,180.0
315.21272116877736,-71.82649667525656,-8.248185113749571,64.25652313232422,6.0,180.0
316.605776987331,-72.11432617791871,-7.701971043129741,64.15642547607422,6.0,180.0
317.740905649597,-72.79730282510131,-7.33745837275429,64.05638885498047,6.0,180.0
318.1721756760073,-73.52517233524948,-7.313789703726194,63.95656585693359,6.0,180.0
318.1516020152409,-74.07441382262735,-7.544375108393097,63.85652160644531,6.0,180.0
318.2140377770178,-74.38681370072993,-7.662697361555096,63.85652160644531,6.0,180.0
318.48756924133653,-74.47192677598593,-7.647407411385641,63.75656509399414,6.0,180.0
318.73953392918054,-74.41822504624382,-7.641926629857297,63.65651321411133,6.0,180.0
318.9158052265726,-74.32053522390304,-7.663345679774249,63.55645751953125,6.0,180.0
319.5529371190952,-74.53405079939331,-7.706002126662816,63.45647811889648,6.0,180.0
320.8697439293862,-75.24161787472296,-7.868227332847411,63.35647201538086,6.0,180.0
322.25972174294003,-75.91197359254237,-8.082162280361647,63.25661468505859,6.0,180.0
323.5183487004562,-76.16286526811555,-8.234232903983614,63.15662002563477,6.0,180.0
325.01853141636764,-76.1299233506031,-8.484724367706882,63.15662002563477,6.0,180.0
326.6838289437577,-75.88958261570085,-8.800135320576633,63.05648422241211,6.0,180.0
328.0520425576642,-75.58901454240613,-8.873409041593538,62.95649337768555,6.0,180.0
329.09691786243485,-75.52207982629292,-8.525852367847879,62.85654067993164,6.0,180.0
330.1516527491319,-75.56820468807348,-7.994680219837766,62.75652694702148,6.0,180.0
331.2422465223137,-75.55708384414753,-7.676835696966876,62.65648651123047,6.0,180.0
332.1766973922836,-75.67929597193489,-7.532426216069338,62.5565299987793,6.0,180.0
333.08329415383326,-75.95550733104395,-7.4626546614895455,62.5565299987793,6.0,180.0
334.18164786762213,-76.25892645060742,-7.656347343250021,62.45649719238281,6.0,180.0
335.1784319784171,-76.55715490814208,-7.870550494869705,62.35660171508789,6.0,180.0
335.7368908007141,-76.82743695901999,-7.889840130546651,62.25661849975586,6.0,180.0
336.1049357678767,-77.15621920182551,-7.912017113841795,62.15637588500977,6.0,180.0
336.6181399255286,-77.54415867516306,-7.880535718292143,62.05652618408203,6.0,180.0
337.3516213887154,-77.86544730918969,-7.733437624495181,61.9565315246582,6.0,180.0
338.13016402291305,-78.10976183629477,-7.524422292877056,61.85648345947266,6.0,180.0
338.9434302691441,-78.33029562802163,-7.275480290135655,61.85648345947266,6.0,180.0
339.87871327998425,-78.6185660416104,-7.080965029308832,61.75659942626953,6.0,180.0
340.8139905187243,-78.98123183828915,-6.96432541945758,61.65639114379883,6.0,180.0
341.8232221084313,-79.38150625588965,-6.804079641465114,61.55642700195312,6.0,180.0
342.6490732507587,-79.82711642615666,-6.499810700625645,61.45637130737305,6.0,180.0
342.9901678412463,-80.2692281381479,-6.089358893122709,61.35643005371094,6.0,180.0
343.3822952390296,-80.71974673060203,-5.778101041638679,61.25662231445312,6.0,180.0
344.2466247881236,-81.21177572489681,-5.705023819616737,61.25662231445312,6.0,180.0
345.44072691486485,-81.61961694294419,-5.625711952388327,61.15651702880859,6.0,180.0
346.7509362789418,-81.93128775985988,-5.269656480489387,61.05651092529297,6.0,180.0
348.0083100507235,-82.25749817460624,-4.694931896044573,60.95659637451172,6.0,180.0
349.1123341277833,-82.64929089925593,-4.268588538818688,60.85669708251953,6.0,180.0
350.1964862384871,-83.16430068810486,-4.245319552639675,60.75673294067383,6.0,180.0
351.52710866581657,-83.7707114844251,-4.258407668711008,60.65642166137695,6.0,180.0
352.7969134062755,-84.33386272283764,-4.072118434762694,60.55639266967773,6.0,180.0
353.5905364517045,-84.5950317508667,-3.787102339873809,60.55639266967773,6.0,180.0
354.32045588897245,-84.51966018988236,-3.392199531170712,60.45642471313477,6.0,180.0
355.4944908617367,-84.45174336460553,-3.017950324415806,60.35651016235352,6.0,180.0
356.96490423053586,-84.45081481909494,-2.7460496119898883,60.25654983520508,6.0,180.0
358.3336543143619,-84.3106811210797,-2.6939752930820378,60.15646362304688,6.0,180.0
359.47245702045626,-84.1166536772085,-2.8485890887829592,60.0565185546875,6.0,180.0
360.4461911765007,-83.95877360539623,-2.9884210521586603,59.95643997192383,6.0,180.0
361.4837912258601,-83.86959297853267,-3.0687550141006046,59.95643997192383,6.0,180.0
362.6015532416597,-83.9496823680345,-3.0643382032609363,59.85654449462891,6.0,180.0
363.5360262132557,-84.13332149064262,-2.9413713167501623,59.75657272338867,6.0,180.0
364.3820462196592,-84.34483922150258,-2.628636832072411,59.65647888183594,6.0,180.0
365.2967360099686,-84.45024161463922,-2.31588077234036,59.55652236938477,6.0,180.0
366.1028382087587,-84.42703844005524,-2.2692370369367785,59.45648574829102,6.0,180.0
366.7317321991754,-84.4230879541224,-2.374254918210968,59.35647964477539,6.0,180.0
367.3438324975365,-84.47612858626478,-2.3535307568188424,59.25662994384766,6.0,180.0
367.89405857613184,-84.59906768730434,-1.9679083737352887,59.25662994384766,6.0,180.0
368.3666466477029,-84.78128301477383,-1.1960726045439714,59.15652084350586,6.0,180.0
369.0001858009801,-85.0486641945568,-0.410645116708463,59.05651092529297,6.0,180.0
369.85587779710914,-85.4152960811007,-0.0083403408272486,58.95647048950195,6.0,180.0
370.66328761243545,-85.8135809162433,0.1356942378859198,58.85650253295898,6.0,180.0
371.2234085814885,-86.2809452440026,0.1711958860245124,58.75650787353516,6.0,180.0
371.625406798785,-86.86175938263197,0.0587130239767983,58.65654754638672,6.0,180.0
372.0773669324959,-87.53032790551009,-0.17973711054168,58.55651473999023,6.0,180.0
372.7286582457516,-88.19084488043163,-0.3820576305740566,58.55651473999023,6.0,180.0
373.66462511179714,-88.56587892026009,-0.4334356588883041,58.45651245117188,6.0,180.0
374.7344010880837,-88.61910376309582,-0.4584738281505665,58.35648727416992,6.0,180.0
375.5153253655573,-88.7349729832742,-0.3244829798290425,58.25644683837891,6.0,180.0
376.09789007341794,-89.03432046560552,-0.0100561848192244,58.15659332275391,6.0,180.0
376.9879177504022,-89.34325645610036,0.1424540371633638,58.05658340454102,6.0,180.0
378.1593932047157,-89.72055396260606,0.1053949351827645,57.95646286010742,6.0,180.0
379.25554865832345,-90.17329025699505,0.213952299096932,57.95646286010742,6.0,180.0
380.10544869014,-90.4411200380024,0.5378956680827169,57.85648345947266,6.0,180.0
380.7525883006782,-90.37489448975184,0.8631498661907875,57.75641632080078,6.0,180.0
381.29121888593966,-90.0871351785292,1.0776260489583196,57.65663146972656,6.0,180.0
382.1432193272898,-89.79786683569493,1.185382836313269,57.5565299987793,6.0,180.0
383.4844170894684,-89.58434315575394,1.3579626506803857,57.45642471313477,6.0,180.0
384.7224896292792,-89.34045587390959,1.6461261085224574,57.35652923583984,6.0,180.0
385.7969926493895,-89.19891624893415,1.9340432224641424,57.25648498535156,6.0,180.0
386.99247358039065,-89.31546476451732,2.23317661245407,57.25648498535156,6.0,180.0
388.2796468699362,-89.59938307106108,2.734364399572309,57.15652465820312,6.0,180.0
389.6001790771098,-90.02518748906397,3.4196459179407235,57.05648040771484,6.0,180.0
390.8302502686203,-90.55112224148036,4.111377689159439,56.95644760131836,6.0,180.0
391.9717770183766,-91.06402180098328,4.836274355069357,56.8565673828125,6.0,180.0
393.073668274637,-91.42137333607208,5.497075795284147,56.75651168823242,6.0,180.0
394.08652167054623,-91.60755239255668,5.786349105046559,56.6565055847168,6.0,180.0
395.1963073309916,-91.80863804687992,5.588369503611229,56.6565055847168,6.0,180.0
396.5044541913033,-92.10014949256028,5.222087007530702,56.55646896362305,6.0,180.0
397.7070507437371,-92.30697216206748,4.862161709355724,56.45646286010742,6.0,180.0
398.6269450800806,-92.3676537595302,4.480184813354838,56.35650253295898,6.0,180.0
399.3257458874051,-92.41733023786016,4.147377032588286,56.25651550292969,6.0,180.0
399.88340866031695,-92.56708719960707,3.99084300352901,56.15656280517578,6.0,180.0
400.4368540370919,-92.99664451465084,3.9772156722795335,56.05670928955078,6.0,180.0
401.1326613275703,-93.6643689078616,3.75651036550369,55.9565315246582,6.0,180.0
401.94323266966296,-94.1299235073824,3.41620523031558,55.9565315246582,6.0,180.0
402.7174835554181,-94.34507197664256,3.260889897799024,55.85646057128906,6.0,180.0
403.3387604785137,-94.5902483194146,3.2827799298702134,55.75643920898438,6.0,180.0
403.8658595454232,-94.8280494006272,3.619276237207375,55.65650939941406,6.0,180.0
404.3759880924248,-94.93882096557182,4.057548286175217,55.5565071105957,6.0,180.0
404.8248609467773,-94.89956916950464,3.962146330503805,55.45641326904297,6.0,180.0
405.16700635736464,-94.83511549332654,3.535032207153267,55.35647964477539,6.0,180.0
405.3053463544718,-94.97720948942796,3.275745358271414,55.35647964477539,6.0,180.0
405.4175270742795,-95.50710564552028,3.3442569886928046,55.25647354125977,6.0,180.0
405.8261427565935,-96.25299892927428,3.8826635313013487,55.15654373168945,6.0,180.0
406.338654972548,-96.72872073958791,4.622097602010597,55.05661392211914,6.0,180.0
406.7321568617325,-96.77477925978366,5.288497651824458,54.95647048950195,6.0,180.0
407.6017506260904,-96.7077903763042,5.676827370928836,54.85639190673828,6.0,180.0
409.0684381915907,-96.74127753598148,5.732255196740069,54.75639724731445,6.0,180.0
410.3431632012659,-96.79330815595458,5.646479625942765,54.65647125244141,6.0,180.0
411.2794620266429,-96.8754637704192,5.546032462289963,54.65647125244141,6.0,180.0
412.22373800557006,-97.13474954570098,5.581428255088476,54.55657196044922,6.0,180.0
413.23026336044086,-97.61378163657513,5.73863271269985,54.45646667480469,6.0,180.0
414.1506812303053,-98.21434255758533,6.066819717876438,54.35647964477539,6.0,180.0
415.1385029006948,-98.66710654902435,6.454157526243836,54.25649261474609,6.0,180.0
416.2138814726085,-98.77948884083855,6.718386541856208,54.15655517578125,6.0,180.0
417.1485112921666,-98.78290191161092,6.944931291364084,54.05657958984375,6.0,180.0
418.135215909165,-98.84681822739668,7.011706159893182,53.95641708374023,6.0,180.0
419.37960296784536,-98.88196480071672,6.882367838405701,53.95641708374023,6.0,180.0
420.7846770175795,-98.91836773861684,6.831822825405337,53.85646438598633,6.0,180.0
422.1371282776011,-99.02689645022627,6.913748753646483,53.75647735595703,6.0,180.0
423.14438963696176,-99.09214480626558,7.042397648054393,53.65663146972656,6.0,180.0
423.7234302851346,-99.13691342267214,7.136731038475115,53.55657958984375,6.0,180.0
424.0865983543536,-99.25321071512704,7.010394208456251,53.45649337768555,6.0,180.0
424.37089364300834,-99.4078218729204,6.811269608715692,53.35648727416992,6.0,180.0
424.6415963209222,-99.59174108784984,6.88360701838615,53.35648727416992,6.0,180.0
425.01343539106455,-99.61555484007592,7.217073471227635,53.25635528564453,6.0,180.0
425.54757111742447,-99.51813057012215,7.445711323779309,53.15664291381836,6.0,180.0
426.1864639553839,-99.49923782481753,7.320308687015685,53.0565185546875,6.0,180.0
426.8321022692077,-99.50171837293588,7.268932535614054,52.95649337768555,6.0,180.0
427.5551060002345,-99.43998759305398,7.57433092886607,52.85654830932617,6.0,180.0
428.3599434450306,-99.34418607805496,8.045953596869149,52.75639343261719,6.0,180.0
428.98421940106846,-99.37340427411516,8.66279083028266,52.65652847290039,6.0,180.0
429.1854185735178,-99.50579048394629,9.367546285313963,52.65652847290039,6.0,180.0
428.8514085859188,-99.65857261746656,10.060859412224822,52.55667114257812,6.0,180.0
428.0273285415704,-99.76119535750374,10.565822789765278,52.45668792724609,6.0,180.0
427.0423658114007,-99.55468259707392,10.864779410449271,52.35659790039062,6.0,180.0
426.486929635449,-99.22503037795136,11.021151408123531,52.25649261474609,6.0,180.0
426.9080555568952,-99.37358086432076,10.854808635494736,52.15650177001953,6.0,180.0
428.00135017649774,-100.03365162109831,10.585958293517924,52.05661010742188,6.0,180.0
429.2423507640229,-100.87251098624836,10.551786452876724,52.05661010742188,6.0,180.0
430.6153730389055,-101.7460358017625,10.68025930947923,51.95648574829102,6.0,180.0
431.6570453604492,-102.57468533392807,10.99213120222186,51.85644149780273,6.0,180.0
431.8399191841647,-103.1725137804876,11.348401591769164,51.75645065307617,6.0,180.0
431.36467471666606,-103.39138728339694,11.385371866192658,51.65652084350586,6.0,180.0
431.0937800928917,-103.46253688147658,11.114561418817418,51.55664825439453,6.0,180.0
431.9305702100584,-103.61245721891426,10.5419155894932,51.4565315246582,6.0,180.0
433.5276615811987,-103.6579568436342,9.82118666322379,51.3565788269043,6.0,180.0
434.80448361815473,-103.36454713741853,9.549536764011762,51.3565788269043,6.0,180.0
435.577482093934,-102.93206935777869,9.809209315603912,51.25648498535156,6.0,180.0
436.3175308840927,-102.60742832180546,10.175822037222009,51.15652084350586,6.0,180.0
437.5633688614665,-102.393740591284,10.566799803693364,51.05661773681641,6.0,180.0
439.3444262502453,-102.46825140735407,10.82563101093991,50.95639801025391,6.0,180.0
441.125225656717,-102.97612763478966,10.706085798233286,50.85649108886719,6.0,180.0
442.706271320031,-103.71916175272416,10.509440558385371,50.75643539428711,6.0,180.0
444.0868002848936,-104.22745454729464,10.503731095784705,50.75643539428711,6.0,180.0
445.19733755203634,-104.3333443245613,10.568826182137157,50.65649795532227,6.0,180.0
445.9665346529947,-104.3480239504828,10.591731423219372,50.55652618408203,6.0,180.0
446.45657103126285,-104.51235015618258,10.531586293677387,50.45652008056641,6.0,180.0
447.02220508202834,-104.78686519093203,10.364616858293727,50.35645294189453,6.0,180.0
448.043529188649,-105.03115582633951,10.00534784919652,50.25648498535156,6.0,180.0
449.5594249732867,-105.23414517123932,9.476228912916463,50.15644836425781,6.0,180.0
451.27148362403216,-105.40093596215226,9.113606971392407,50.05648803710938,6.0,180.0
452.82966408511817,-105.54313961148816,9.066906501868328,50.05648803710938,6.0,180.0
454.02362241033074,-105.68004698943554,9.237305965678106,49.95647811889648,6.0,180.0
455.04414722318296,-105.95261328309846,9.54787255995942,49.85651016235352,6.0,180.0
456.1178974263576,-106.42377701259252,9.757559727376837,49.75656127929688,6.0,180.0
457.1101078938236,-106.84035599878652,9.767927857042068,49.65645980834961,6.0,180.0
458.00499361851007,-107.11678935211113,9.89331748242428,49.55649948120117,6.0,180.0
458.9881875872064,-107.31632449775998,10.23049256892992,49.45647048950195,6.0,180.0
459.948548123284,-107.41294429056045,10.541079707009684,49.35648727416992,6.0,180.0
460.7394120172957,-107.46189584996726,10.685876215268836,49.35648727416992,6.0,180.0
461.535573822668,-107.6358176067338,10.687204428631404,49.25659942626953,6.0,180.0
462.43840099238713,-107.96714051178984,10.705698937117726,49.15644454956055,6.0,180.0
463.5038794556134,-108.47358328236984,10.776404697898712,49.05647659301758,6.0,180.0
464.6667752356172,-109.01734295685054,10.914165042975997,48.95654296875,6.0,180.0
465.42085443392654,-109.19953069066644,11.216972664560664,48.85641860961914,6.0,180.0
465.45535385779647,-109.04311556566094,11.493896972428937,48.75656127929688,6.0,180.0
465.0819896719194,-108.8730154560188,11.678712478191404,48.75656127929688,6.0,180.0
464.7571174924596,-108.84977378007176,12.02692953339028,48.65649032592773,6.0,180.0
464.6795897226236,-108.85333718603822,12.377651202984248,48.55652236938477,6.0,180.0
464.9126609943418,-108.6848441210584,12.442912184288732,48.45654678344727,6.0,180.0
465.517684265394,-108.52528801276142,12.415231372647671,48.35637664794922,6.0,180.0
466.6417806530474,-108.66857557122066,12.554143538769196,48.2564811706543,6.0,180.0
468.3467899965328,-109.01133484753586,12.779488503042469,48.1565055847168,6.0,180.0
470.12660552359085,-109.205458665846,13.096208976086984,48.05662155151367,6.0,180.0
471.7244485272393,-109.2545001356166,13.391140310478312,48.05662155151367,6.0,180.0
473.04077062072247,-109.25939514637,13.345208866409738,47.95656967163086,6.0,180.0
473.7183446672864,-109.14344809906328,13.216092826926134,47.85648727416992,6.0,180.0
474.0356642479901,-109.14368441768012,13.151224866916246,47.75648880004883,6.0,180.0
474.4639489886755,-109.43751904248666,12.922559097428046,47.65644073486328,6.0,180.0
475.0118647866332,-109.73285784747966,12.591092792165744,47.55654144287109,6.0,180.0
475.70256633329,-109.81921403446952,12.207454163783488,47.45652770996094,6.0,180.0
476.7440913351941,-109.91315930035547,11.817007489145238,47.45652770996094,6.0,180.0
477.94175820149326,-110.2829298495596,11.617208902519897,47.35656356811523,6.0,180.0
478.963727289232,-110.82731479334169,11.570099602735851,47.25658798217773,6.0,180.0
479.82445043926856,-111.26915914928308,11.653114099139856,47.15655517578125,6.0,180.0
480.4710717128111,-111.67743025658372,12.00958629465426,47.05649566650391,6.0,180.0
480.82902464745104,-112.04638388472904,12.40300377805954,46.9565315246582,6.0,180.0
481.15609600088703,-112.29498491658158,12.498722135992796,46.85646057128906,6.0,180.0
481.536230633673,-112.66615333416522,12.441347097093432,46.75649642944336,6.0,180.0
481.9389230615101,-113.06883497323524,12.28365349123788,46.75649642944336,6.0,180.0
482.526796961746,-113.28271409394728,11.86458889208106,46.65646743774414,6.0,180.0
483.2722249579477,-113.40452772215473,11.42962343454831,46.55647659301758,6.0,180.0
484.0563969860103,-113.59299880945936,11.34993876111636,46.45656967163086,6.0,180.0
484.88651217744814,-113.79964884208972,11.497802934246618,46.35661315917969,6.0,180.0
485.6698787773437,-113.886134664878,11.513790047635906,46.25656509399414,6.0,180.0
486.3777197570454,-113.95660333895252,11.330736471633324,46.15650177001953,6.0,180.0
487.2154232111008,-114.03207451263998,11.039650612172998,46.15650177001953,6.0,180.0
487.9328185776406,-114.05255989710892,10.898889691526191,46.05653381347656,6.0,180.0
488.2241924164396,-114.05435211848342,11.15650240960856,45.95647811889648,6.0,180.0
488.3671539121355,-113.94960479803132,11.744214253439738,45.85659027099609,6.0,180.0
488.636955113298,-113.8128521037606,12.474251628961396,45.75660705566406,6.0,180.0
489.0566926934343,-113.91908063690714,12.994944191377414,45.65653610229492,6.0,180.0
489.57024274969297,-114.22144426679712,12.908045798543624,45.55664825439453,6.0,180.0
489.960210784229,-114.3465404249081,12.390630557190324,45.45669174194336,6.0,180.0
490.32000415063584,-114.0762152726424,11.932848618277834,45.45669174194336,6.0,180.0
490.9843135082597,-113.54964580530697,11.750760744373636,45.35628509521484,6.0,180.0
491.75311928067146,-113.11440681551753,11.731733960428793,45.25635147094727,6.0,180.0
492.15162203210247,-112.98465747522692,11.67772010559572,45.15628051757812,6.0,180.0
492.2022934346031,-113.12013994615636,11.616312314662167,45.05638885498047,6.0,180.0
492.2692679210959,-113.29341806148784,11.57435519874147,44.95639801025391,6.0,180.0
492.4126360183843,-113.4030631748478,11.427870270248402,44.85647583007812,6.0,180.0
492.628768365056,-113.70787696910128,11.042336154667847,44.85647583007812,6.0,180.0
493.2166251634839,-114.2826033815182,10.46283289423329,44.75650405883789,6.0,180.0
494.5558120813298,-114.96435267537775,9.79126977816527,44.65655136108398,6.0,180.0
496.2281686018851,-115.6621102178055,9.120270683856033,44.55658340454102,6.0,180.0
497.520523382316,-116.2966317985618,8.669831740913132,44.45649337768555,6.0,180.0
498.5572089699882,-116.8943072405888,8.453014551594105,44.35641479492188,6.0,180.0
499.502856791278,-117.39629807347424,8.328190503681109,44.25654220581055,6.0,180.0
500.25560994340793,-117.75445876012914,8.29032273335688,44.156494140625,6.0,180.0
500.9333919970741,-118.00032622783904,8.317676832197456,44.156494140625,6.0,180.0
501.4070823289176,-118.0929719740742,8.344165718196649,44.05654907226562,6.0,180.0
501.4835657229912,-118.14404717970258,8.278149382303187,43.95652389526367,6.0,180.0
501.3267794991781,-118.148941608726,8.069585179376912,43.85646438598633,6.0,180.0
501.1330320581793,-118.03979223043947,7.730445421882848,43.7566032409668,6.0,180.0
501.0896848916176,-117.80850454508004,7.234070356042421,43.65666961669922,6.0,180.0
501.08084307696106,-117.40408211941336,6.767115770397883,43.5566520690918,6.0,180.0
500.9379439510733,-117.02286192193355,6.417347907647051,43.45652770996094,6.0,180.0
500.9345780956342,-116.8736761216645,6.055175532454212,43.45652770996094,6.0,180.0
501.1698481873559,-116.77112152475058,5.906245006910678,43.35648345947266,6.0,180.0
501.1913156006488,-116.65669242907433,5.988531010713369,43.25645446777344,6.0,180.0
500.68273009016,-116.6743647246068,6.037758317389227,43.15645599365234,6.0,180.0
499.96687606640216,-116.59435868228375,6.193733910328982,43.05655288696289,6.0,180.0
499.2385641501032,-116.22794281430612,6.734344953470846,42.95650863647461,6.0,180.0
498.1081060573724,-115.65285365953008,7.619771316753001,42.85652923583984,6.0,180.0
496.3895871098128,-114.915571480442,8.335688781128763,42.85652923583984,6.0,180.0
494.7619974146927,-114.26008663853948,8.528923957730774,42.75646209716797,6.0,180.0
494.0788830597938,-113.95897913120872,8.353795843974634,42.65667724609375,6.0,180.0
494.112482627297,-113.78070546175763,8.105722768965258,42.55656051635742,6.0,180.0
494.297214837832,-113.5366353126014,7.919984177062738,42.45639038085938,6.0,180.0
494.4849367432325,-113.42870670736184,7.785361447466974,42.35647583007812,6.0,180.0
494.40290988452153,-113.4892188109724,7.797642453806333,42.25639724731445,6.0,180.0
494.0133452659403,-113.63501595446368,7.991035254092557,42.15646362304688,6.0,180.0
493.4255631723245,-113.78132785794044,8.265226701189295,42.15646362304688,6.0,180.0
492.85354295750994,-113.955447024362,8.426194571899565,42.05663681030273,6.0,180.0
493.02709223731546,-114.3809641460378,8.370352060072495,41.95648956298828,6.0,180.0
494.0329994642409,-114.96048583882988,8.252347683026347,41.85653305053711,6.0,180.0
494.9087288634393,-115.37785369865708,8.246023381936132,41.75672912597656,6.0,180.0
495.3965656791864,-115.52460897720704,8.281844413162364,41.65655136108398,6.0,180.0
496.0143911410171,-115.50942701368412,8.167205754080594,41.55637359619141,6.0,180.0
496.7481475362313,-115.46536677401537,8.101746007517509,41.55637359619141,6.0,180.0
497.36107614934025,-115.45124799059916,8.391914897737664,41.45632553100586,6.0,180.0
498.0624529520001,-115.54925106044054,8.794357343053408,41.35643768310547,6.0,180.0
499.4115581281607,-115.8935744786766,8.796937811369208,41.25644683837891,6.0,180.0
501.4675671105221,-116.39877455642656,8.280079628818987,41.15653228759766,6.0,180.0
503.596901259558,-116.86318943251489,7.682952605355814,41.05658340454102,6.0,180.0
505.4431621876389,-117.36620718645798,7.131067751435896,40.95652008056641,6.0,180.0
506.8046180239998,-117.82811184709936,6.678105353679632,40.85652923583984,6.0,180.0
507.5298317399869,-117.9714889035086,6.59142721160516,40.85652923583984,6.0,180.0
508.029486775306,-117.81270928434206,6.462347262980715,40.75645065307617,6.0,180.0
508.62009577482536,-117.7246926415425,6.005220097117332,40.65640258789062,6.0,180.0
509.311465371587,-117.84301373057026,5.486982555164374,40.55656433105469,6.0,180.0
510.3398735537392,-118.1203146835301,5.041090090261031,40.45656967163086,6.0,180.0
511.7310036535012,-118.6067217172384,4.553655870537284,40.35661315917969,6.0,180.0
513.1039179678202,-119.13915118061465,3.957530112584601,40.25637054443359,6.0,180.0
514.2412253581208,-119.6609842309892,3.429237813277931,40.25637054443359,6.0,180.0
514.8507201307721,-120.0839470195543,3.0502885865019485,40.1564826965332,6.0,180.0
514.8185631632325,-120.22828241474484,2.866322877089771,40.05653381347656,6.0,180.0
514.6510545037261,-120.14074344226026,2.7643962969800846,39.95642471313477,6.0,180.0
514.463854603872,-119.86504266770854,2.436127473571029,39.85661315917969,6.0,180.0
514.3577759517132,-119.3749619237663,1.88133780595328,39.75648498535156,6.0,180.0
514.6835841674983,-118.7856027127405,1.2043249552434308,39.65634918212891,6.0,180.0
515.3847579174974,-118.46684675857568,0.5479890083959402,39.55644989013672,6.0,180.0
516.3253623699158,-118.6019376081606,0.0573146799374404,39.55644989013672,6.0,180.0
517.2967130334129,-118.82909699698608,-0.4879627393143018,39.4564094543457,6.0,180.0
518.1745780540928,-118.88746905068182,-1.1862959517819176,39.35647201538086,6.0,180.0
519.0899889097443,-119.0186051334086,-1.744153583658342,39.25647354125977,6.0,180.0
520.0554062949886,-119.38988008119404,-2.13393855956792,39.1563720703125,6.0,180.0
520.9226882755117,-119.81599178266424,-2.61666881268217,39.05658721923828,6.0,180.0
521.747559548747,-120.18843523131606,-3.1826344681863814,38.95679092407227,6.0,180.0
522.5329553615476,-120.48493229065171,-3.677736500989048,38.85666656494141,6.0,180.0
523.0307014038963,-120.63477462824297,-4.068047486302062,38.85666656494141,6.0,180.0
523.2614096832192,-120.72558785532276,-4.283609000775832,38.75657653808594,6.0,180.0
523.536927645941,-120.75753139263978,-4.236840914386895,38.65644454956055,6.0,180.0
524.0156141042607,-120.6636853808222,-4.042882444888044,38.55652618408203,6.0,180.0
524.4356614457123,-120.61905118568828,-3.903884243330996,38.4566650390625,6.0,180.0
524.4579182323403,-120.6915220445915,-3.823829209855843,38.35647964477539,6.0,180.0
524.2071678749379,-120.8283581605913,-3.710788432384608,38.25650024414062,6.0,180.0
523.7652541387116,-120.94253758639589,-3.571360238371219,38.25650024414062,6.0,180.0
523.0265523965987,-120.95490857158086,-3.511335558715052,38.15649795532227,6.0,180.0
522.2398787302762,-121.10195665750666,-3.4662659744273823,38.05648422241211,6.0,180.0
521.7789434884896,-121.39945183235506,-3.424137302123274,37.95649337768555,6.0,180.0
521.8362759305625,-121.64403864352492,-3.729721044200395,37.85640716552734,6.0,180.0
522.1243431608128,-121.88163159626372,-4.380895444633715,37.75645065307617,6.0,180.0
522.243788783835,-121.97407137560168,-4.875650028463119,37.65642929077148,6.0,180.0
522.4223494943592,-121.68704793276557,-5.0781543804525855,37.55651473999023,6.0,180.0
522.878312089929,-121.17574552099322,-5.20506170633838,37.55651473999023,6.0,180.0
523.3638089666663,-120.7560403041512,-5.439937605438162,37.45656967163086,6.0,180.0
523.7000231473844,-120.51874892111384,-5.977233250318647,37.35664367675781,6.0,180.0
523.9424950672168,-120.50175285712707,-6.659939006154846,37.25655364990234,6.0,180.0
524.0837063294082,-120.55122223390462,-7.091070262429103,37.15643310546875,6.0,180.0
524.0879705365476,-120.27554825676734,-7.230227070214736,37.05657577514648,6.0,180.0
524.117007012351,-119.79013380061228,-7.338593201550765,36.95659637451172,6.0,180.0
524.0904496372563,-119.56606313692733,-7.368682972717452,36.95659637451172,6.0,180.0
523.9221935109662,-119.734066999109,-7.188725206070547,36.85658645629883,6.0,180.0
523.7892656102402,-120.01622129801632,-7.129574823961273,36.75658416748047,6.0,180.0
523.7142480573314,-120.11552550118309,-7.305094249196914,36.65650177001953,6.0,180.0
523.9011280038617,-120.03225942611596,-7.572707468452775,36.55663681030273,6.0,180.0
524.2109460118178,-119.91122999221405,-7.977367803365021,36.45653915405273,6.0,180.0
524.201257684604,-119.73043895683716,-8.323209921307711,36.35652542114258,6.0,180.0
524.044043244896,-119.48220250256117,-8.40843559342517,36.25652313232422,6.0,180.0
523.9828503711561,-119.38627050679789,-8.514236960362688,36.25652313232422,6.0,180.0
524.0848918735236,-119.49438224915868,-8.79656089146313,36.15649795532227,6.0,180.0
524.1052270316695,-119.68529808096793,-9.072661535043206,36.0565299987793,6.0,180.0
523.5944738155672,-119.8562829127929,-9.184626861139996,35.95642852783203,6.0,180.0
523.0095421428138,-119.90256155503693,-9.238091432444802,35.85642623901367,6.0,180.0
523.082374984506,-119.74749549828633,-9.536497203900428,35.75653839111328,6.0,180.0
523.5059884641908,-119.46726571984,-10.000564998940966,35.65646362304688,6.0,180.0
523.619043853018,-119.2578126328186,-10.440399706577557,35.65646362304688,6.0,180.0
523.4722910842739,-119.13884529202136,-11.04561375515036,35.5565185546875,6.0,180.0
523.3677026535685,-119.08823936791188,-11.564148456206809,35.45643615722656,6.0,180.0
523.3083532621458,-119.14166058592936,-11.582420661293888,35.35648727416992,6.0,180.0
523.3068391108509,-119.0905981782854,-11.55308948618811,35.25647354125977,6.0,180.0
523.1370050241445,-118.71597564235712,-11.924011071327923,35.15637969970703,6.0,180.0
522.8866170873863,-118.15310672071855,-12.69958979241585,35.05645751953125,6.0,180.0
523.0196859916275,-117.5997768353296,-13.568540141708894,34.95653915405273,6.0,180.0
523.3206824032021,-117.1935907009736,-14.30537913420762,34.95653915405273,6.0,180.0
523.4508273694328,-116.9749205424668,-15.104179775841136,34.85654830932617,6.0,180.0
523.407925148653,-116.88079165823244,-15.83423282846513,34.75656890869141,6.0,180.0
523.24349611169,-116.73853248980836,-16.306965985239053,34.65639495849609,6.0,180.0
522.8006042372356,-116.2992906416843,-16.511564930440308,34.55653381347656,6.0,180.0
521.8559068319954,-115.67128446887706,-16.35924703967862,34.45645523071289,6.0,180.0
520.6827963028115,-114.98441067660023,-16.056262622879082,34.35646820068359,6.0,180.0
519.9720206178473,-114.38042525790516,-15.971910552145513,34.25656127929688,6.0,180.0
520.0304802330177,-114.18256527570504,-16.141041158552106,34.25656127929688,6.0,180.0
520.3665617208889,-114.30173838042082,-16.343961068021652,34.15649795532227,6.0,180.0
520.5572550748396,-114.45671148634436,-16.542624928285395,34.05650329589844,6.0,180.0
520.7580594007447,-114.5709945760504,-16.825871949393825,33.95650482177734,6.0,180.0
521.2654108536018,-114.63526365051592,-17.189211702099804,33.85654449462891,6.0,180.0
522.0373019460839,-114.5841953743686,-17.661689123356904,33.7566032409668,6.0,180.0
522.6406648514694,-114.38154911440812,-18.18149527395615,33.65650177001953,6.0,180.0
522.7729946017797,-114.27878746932252,-18.615198353986244,33.65650177001953,6.0,180.0
522.4788428310579,-114.4253760407672,-18.973461276463333,33.55646133422852,6.0,180.0
521.9276842580093,-114.49171563778684,-19.23387172959409,33.45648574829102,6.0,180.0
521.1152572556887,-114.3030530737534,-19.31321859159737,33.35656356811523,6.0,180.0
520.1152236475016,-114.14270112049226,-19.36466423698121,33.25655364990234,6.0,180.0
519.2953978223594,-114.34772535251356,-19.462162030026622,33.15655899047852,6.0,180.0
518.786997477248,-114.79801136866386,-19.42966830835277,33.05654907226562,6.0,180.0
518.5538948806201,-115.1027690035761,-19.35812621856364,32.95646667480469,6.0,180.0
518.5621263970291,-115.2206338498273,-19.589172305434943,32.95646667480469,6.0,180.0
518.600769206144,-115.35618831056937,-20.163922903080664,32.85662841796875,6.0,180.0
518.4872989256064,-115.51206067209635,-20.623411413475782,32.75640487670898,6.0,180.0
518.1535856016036,-115.4891900898464,-20.75167952236564,32.65643310546875,6.0,180.0
517.6593947857804,-115.253800773163,-20.93595475426177,32.55652236938477,6.0,180.0
517.2798974483587,-114.93399624573988,-21.36539820012553,32.45642471313477,6.0,180.0
517.0776187144563,-114.5576699974338,-21.89739688686345,32.35660934448242,6.0,180.0
516.8883717554568,-114.08587446294752,-22.399673465189835,32.35660934448242,6.0,180.0
516.7019339775982,-113.64315875323648,-22.73694803098671,32.25654602050781,6.0,180.0
516.5795328522271,-113.39771697073148,-22.986469351790674,32.1565055847168,6.0,180.0
516.476682043481,-113.3440831207612,-23.29302263922988,32.05648422241211,6.0,180.0
516.246334779641,-113.37387802056976,-23.42518443216852,31.95650863647461,6.0,180.0
515.9117949517232,-113.32599359031754,-23.184867925134355,31.8565559387207,6.0,180.0
515.4475339095637,-113.14349998271302,-23.04940196362469,31.75648880004883,6.0,180.0
514.8351826107644,-113.0181402161922,-23.35390056170841,31.65654945373535,6.0,180.0
514.2042755247619,-113.12701876110307,-23.73939161708016,31.65654945373535,6.0,180.0
513.577944740089,-113.45184384009004,-23.905991032511,31.55650901794434,6.0,180.0
512.8676135517728,-113.68032139146904,-24.0155448699637,31.45654678344727,6.0,180.0
511.88952865696,-113.45731081271204,-24.35145885917572,31.35660171508789,6.0,180.0
510.76892708116696,-112.95250136346915,-24.812540247525035,31.2565860748291,6.0,180.0
509.8940983488202,-112.47010548742082,-25.10650263684348,31.15653038024902,6.0,180.0
509.32404091210935,-111.94989155520626,-25.178837797116728,31.05646705627441,6.0,180.0
508.746030629536,-111.24630261313972,-25.20731931338511,31.05646705627441,6.0,180.0
507.9559055268653,-110.48809396011455,-25.3652924448152,30.95645523071289,6.0,180.0
506.9698900713161,-109.92834936048256,-25.63544461543821,30.85657501220703,6.0,180.0
505.8709035534699,-109.6491596447201,-25.960841117129192,30.75661087036133,6.0,180.0
504.96206378070167,-109.54952953331188,-26.417429102218613,30.6566162109375,6.0,180.0
504.3363612415424,-109.45487275079724,-26.91613267401057,30.55673408508301,6.0,180.0
503.7026982062473,-109.30311641655364,-27.32118876405656,30.45646858215332,6.0,180.0
502.9116422518277,-109.18936916295878,-27.74202035918109,30.35652923583984,6.0,180.0
502.085500932036,-109.22272991213212,-28.08592563341443,30.35652923583984,6.0,180.0
501.3454627106559,-109.34376562198584,-28.226975363672288,30.25642967224121,6.0,180.0
500.7805290049217,-109.35926012796176,-28.42619564622165,30.15639686584473,6.0,180.0
500.4030152318216,-109.17736709905584,-28.77222596640036,30.05635833740234,6.0,180.0
499.94353782199954,-108.92057395870324,-28.91015771184281,29.95648002624512,6.0,180.0
499.3738644910941,-108.71397337559898,-28.820581594001048,29.85640144348145,6.0,180.0
498.80475964979314,-108.50435375821648,-28.817630498493457,29.75645637512207,6.0,180.0
498.046448116102,-108.24835692866849,-28.765820422135555,29.75645637512207,6.0,180.0
497.1140290880509,-107.9997750636728,-28.49926983151873,29.65652275085449,6.0,180.0
496.2340915620945,-107.7723788267814,-28.263317504867032,29.55664443969727,6.0,180.0
495.4143108271258,-107.4190808310815,-28.35730747541048,29.45650100708008,6.0,180.0
494.7727027089269,-106.9634088919004,-28.731892382543823,29.35648918151855,6.0,180.0
494.3585469790784,-106.59169308912408,-29.136838998147127,29.25646781921387,6.0,180.0
493.7601248516194,-106.16258281525371,-29.42682258323248,29.15642738342285,6.0,180.0
492.9493362094334,-105.72243625226044,-29.546773122109247,29.0565013885498,6.0,180.0
492.2686808819948,-105.5201803868966,-29.67910376121418,29.0565013885498,6.0,180.0
491.72480447728543,-105.39072936671307,-29.931077762273183,28.95645904541016,6.0,180.0
491.1343110233353,-105.09482831975352,-30.116452086866783,28.85643768310547,6.0,180.0
490.1842076478625,-104.67178926121308,-30.11865131183353,28.75655364990234,6.0,180.0
488.7822980249594,-104.3314154319484,-30.03179426333968,28.65653419494629,6.0,180.0
487.46803505375794,-104.22052095902832,-30.11925724048228,28.55647468566895,6.0,180.0
486.6495356713951,-104.34606592323344,-30.50920485297121,28.45656204223633,6.0,180.0
486.074349181951,-104.64715620381672,-31.131122619896644,28.35638427734375,6.0,180.0
485.3132733309285,-104.97871782456323,-31.734170192245315,28.35638427734375,6.0,180.0
484.32056298560633,-105.2700207960758,-31.989205844428685,28.25648498535156,6.0,180.0
483.2485262989196,-105.49717619115442,-32.04125984980005,28.15651321411133,6.0,180.0
482.1013000529556,-105.70109811508743,-32.21859551090364,28.05647850036621,6.0,180.0
481.0331908630606,-105.91014574401326,-32.4546834698416,27.95654678344727,6.0,180.0
480.0841355069375,-105.84760539330333,-32.612519696270944,27.8565731048584,6.0,180.0
479.17099639109546,-105.484357803356,-32.87822794201658,27.75664901733398,6.0,180.0
478.3363607895766,-105.07668366318174,-33.32148297452698,27.75664901733398,6.0,180.0
477.4829214437544,-104.64209231230475,-33.77521822435567,27.65650367736816,6.0,180.0
476.68450592163055,-104.12405424674432,-34.022488279577495,27.55640029907227,6.0,180.0
476.04073971954745,-103.54926800503443,-33.92737475236214,27.45650291442871,6.0,180.0
475.2312941375246,-102.90812726762778,-33.803234627344565,27.35650825500488,6.0,180.0
473.9190135424962,-102.255606651918,-33.985952984854904,27.25648307800293,6.0,180.0
472.33977638814736,-101.59458003075376,-34.43493090070166,27.15647506713867,6.0,180.0
470.91377021452337,-100.7131436147618,-34.93270023509542,27.05655479431152,6.0,180.0
469.50612951456856,-99.65214963197388,-35.21577679173046,27.05655479431152,6.0,180.0
467.89714496529353,-98.77043841702394,-35.35550921508876,26.95664024353027,6.0,180.0
466.40688438693473,-98.22082335202242,-35.688882563084974,26.85656929016113,6.0,180.0
465.30615566313406,-97.89420185825912,-36.11405417898203,26.75658226013184,6.0,180.0
464.184307199004,-97.7548588877916,-36.258329423475615,26.65644836425781,6.0,180.0
462.5851516322832,-97.82668028887986,-36.17902492233155,26.55652046203613,6.0,180.0
460.67140064483925,-98.02240904869082,-36.26739369781885,26.45650672912598,6.0,180.0
458.955880207681,-98.13484680845104,-36.72787815874377,26.45650672912598,6.0,180.0
457.5816950577048,-97.98911348748074,-37.44594336946375,26.35638809204102,6.0,180.0
456.3239271581783,-97.61853656541852,-38.0783822184913,26.25657081604004,6.0,180.0
455.096598998608,-97.29856794720922,-38.426125485861,26.15653800964355,6.0,180.0
453.87016010292666,-97.0958437800998,-38.592413763841456,26.05647087097168,6.0,180.0
452.6124877901029,-96.75267856839343,-38.5603267813346,25.9565601348877,6.0,180.0
451.2856484296095,-96.34350554261576,-38.39478580837164,25.85640144348145,6.0,180.0
449.8777217661952,-96.00737555265655,-38.40188136835173,25.75651550292969,6.0,180.0
448.37104300301786,-95.62585905031382,-38.52314826241507,25.75651550292969,6.0,180.0
446.7251438045114,-95.28981963137596,-38.68616031441045,25.65642738342285,6.0,180.0
445.0101753920997,-95.0539405350236,-39.07732662783638,25.55655670166016,6.0,180.0
443.16443956924,-94.79964264569728,-39.4986350071496,25.4566822052002,6.0,180.0
441.3141016200725,-94.5083197735086,-39.70417553459986,25.35658073425293,6.0,180.0
439.7757270888391,-94.15760829175166,-39.757297997338725,25.25662803649902,6.0,180.0
438.4006863233221,-93.869367279382,-39.68050962066175,25.15642166137695,6.0,180.0
436.86573083086085,-93.85066813422117,-39.61052598424087,25.15642166137695,6.0,180.0
435.086011742264,-93.98434008318574,-39.73566589040065,25.05644607543945,6.0,180.0
433.3745841391341,-94.1609136341534,-40.11113172089738,24.95652198791504,6.0,180.0
432.0207224772283,-94.42545645663456,-40.63911210468402,24.85657691955566,6.0,180.0
430.8734771706678,-94.55942237499936,-41.03345554568629,24.75670623779297,6.0,180.0
429.6090997574214,-94.42274352765294,-41.22369725275206,24.65651702880859,6.0,180.0
428.1745671791198,-94.25036233207553,-41.24609950648892,24.55658149719238,6.0,180.0
426.8153382240765,-94.13100122225914,-41.145453786883365,24.45654487609863,6.0,180.0
425.60865750433504,-93.86842019986764,-41.15784227907267,24.45654487609863,6.0,180.0
424.4000466732919,-93.42506624482655,-41.32702582304806,24.35634422302246,6.0,180.0
422.9481485846701,-92.85462783127844,-41.330611476566695,24.25644683837891,6.0,180.0
421.21359256005,-92.17503807982932,-40.90588864209778,24.15643882751465,6.0,180.0
419.3321076418807,-91.4619520319654,-40.20529252156511,24.05652809143066,6.0,180.0
417.427046898452,-90.92258070670968,-39.68445699807501,23.95644569396973,6.0,180.0
415.5734452861467,-90.61356866221529,-39.58795955819716,23.85645866394043,6.0,180.0
413.93545042403,-90.31938796051983,-39.59202953585998,23.75656127929688,6.0,180.0
412.5231462676188,-90.08571161050298,-39.45941754239559,23.75656127929688,6.0,180.0
411.12736503962185,-90.1170720244847,-39.27010840967221,23.65650367736816,6.0,180.0
409.90717577616107,-90.28312070785977,-38.99650566694489,23.55658912658691,6.0,180.0
409.05198057082697,-90.18187542049589,-38.67889393956026,23.45648956298828,6.0,180.0
408.3346296540649,-89.63646807989515,-38.48042822106881,23.35646629333496,6.0,180.0
407.3227820801978,-88.88356542614014,-38.47441335439122,23.25645637512207,6.0,180.0
405.7962019485586,-88.22801138694847,-38.52437783185714,23.15648460388184,6.0,180.0
403.8671474199925,-87.76036392904258,-38.55041214264383,23.15648460388184,6.0,180.0
401.8312700248416,-87.51116890535573,-38.67389260887372,23.05661582946777,6.0,180.0
399.82565868950536,-87.3598250117302,-39.0260116453531,22.95648574829102,6.0,180.0
397.7153456020106,-87.17520458593127,-39.48090707069228,22.85647583007812,6.0,180.0
395.44891919601366,-86.87372953429632,-39.744825132828446,22.75637626647949,6.0,180.0
393.1144532318944,-86.28871872144224,-39.86123508423572,22.65656852722168,6.0,180.0
390.8261630441337,-85.6424815360869,-39.9351129870996,22.55654335021973,6.0,180.0
388.600965976845,-85.22242977383796,-40.01620896660987,22.45634460449219,6.0,180.0
386.4925983862932,-84.89060177001937,-40.282308703297815,22.45634460449219,6.0,180.0
384.5104585049549,-84.31420159163989,-40.624279498554365,22.35643005371094,6.0,180.0
382.5925447070007,-83.41075717557231,-40.78784736729847,22.25639724731445,6.0,180.0
380.8640253036091,-82.60462565262354,-40.755374676526245,22.15639305114746,6.0,180.0
379.2602675743871,-82.14661769660823,-40.69315448613453,22.05649757385254,6.0,180.0
377.51522832098215,-81.72168535517005,-40.50983422428528,21.95646858215332,6.0,180.0
375.5038499041115,-81.20143269438155,-40.05091284927402,21.8566780090332,6.0,180.0
373.28037778054414,-80.77376525009407,-39.69428770232408,21.8566780090332,6.0,180.0
371.0481817934746,-80.4729368101839,-39.67537945033847,21.75678634643555,6.0,180.0
368.9103494415727,-80.23393061278924,-39.85623483507159,21.65662574768066,6.0,180.0
366.9361010227177,-80.03868496569967,-39.99171561312172,21.55652046203613,6.0,180.0
365.1066573554003,-79.8939012174067,-39.78117097908104,21.45645904541016,6.0,180.0
363.0485255422128,-79.74005066711467,-39.29646604591429,21.35650634765625,6.0,180.0
360.6731697230859,-79.57778266883332,-38.86191047444915,21.25648498535156,6.0,180.0
358.3132265459716,-79.5291027225281,-38.57768855077546,21.15653800964355,6.0,180.0
356.206033650098,-79.48299935695533,-38.406351989782266,21.15653800964355,6.0,180.0
354.4029758709432,-79.26758814581466,-38.44914325287607,21.05658340454102,6.0,180.0
352.7848525386655,-78.9383428149683,-38.59971424375468,20.95656204223633,6.0,180.0
351.2510206916679,-78.47812605439216,-38.50793922915711,20.85649681091309,6.0,180.0
349.7525353371128,-77.77509072120885,-38.15573600248369,20.75640487670898,6.0,180.0
348.24647280798365,-76.97807742181756,-37.75338831534426,20.65653419494629,6.0,180.0
346.7527155570383,-76.35884143411396,-37.40425967993186,20.5566520690918,6.0,180.0
345.21590771326026,-75.80981274134227,-37.16614316521856,20.5566520690918,6.0,180.0
343.4591319947734,-75.19992493398043,-36.802453257293465,20.45645904541016,6.0,180.0
341.3468622042089,-74.52436627646469,-36.26764153501354,20.35644912719727,6.0,180.0
339.03611919607994,-73.5883463706994,-36.08455753140783,20.25640678405762,6.0,180.0
336.7911422144935,-72.43306737560215,-36.378626917406805,20.15651512145996,6.0,180.0
334.5516894444657,-71.36024967826764,-36.83957156434447,20.05653381347656,6.0,180.0
332.33183497404906,-70.57041681234247,-37.27578508831863,19.95642471313477,6.0,180.0
330.2035640071317,-70.09144644142398,-37.72233017545413,19.85649490356445,6.0,180.0
327.99337638661785,-69.73809349953855,-38.0625203843287,19.85649490356445,6.0,180.0
325.6238288129766,-69.36831791497379,-37.99069050837826,19.75646209716797,6.0,180.0
323.1184582803046,-69.01155825156867,-37.82167297751776,19.65642547607422,6.0,180.0
320.49720899857084,-68.56868368970966,-37.7841000474465,19.55649757385254,6.0,180.0
317.9057619473873,-67.88093544407499,-37.53418626913977,19.45639991760254,6.0,180.0
315.5283708335587,-67.00420333759548,-37.06321546487204,19.35650634765625,6.0,180.0
313.32888882667464,-66.0364165549699,-36.56934404031195,19.25654220581055,6.0,180.0
311.1897203447356,-65.1095939476435,-36.17201911520704,19.15650939941406,6.0,180.0
308.9839937798614,-64.47190790479902,-35.924022970012444,19.15650939941406,6.0,180.0
306.62388165494787,-64.01362275264671,-35.68947752599137,19.05663299560547,6.0,180.0
304.2121657046399,-63.43936756374082,-35.25746115387008,18.95649147033691,6.0,180.0
301.85398549019857,-62.91059119202063,-34.77908499267135,18.85633850097656,6.0,180.0
299.54012278075265,-62.52201419183601,-34.55355803086106,18.75645065307617,6.0,180.0
297.0747746371307,-62.0565442669772,-34.447231890982266,18.65656089782715,6.0,180.0
294.2595190053124,-61.4930284204586,-34.33846891106214,18.55664443969727,6.0,180.0
291.20178776039205,-60.7902261199114,-34.38547627231673,18.55664443969727,6.0,180.0
288.22893862084067,-59.97431985887543,-34.35474220608391,18.45663261413574,6.0,180.0
285.41963229850603,-59.20266799382559,-33.80119865894213,18.35643768310547,6.0,180.0
282.66269206708654,-58.55559256878147,-32.91456839901797,18.25648498535156,6.0,180.0
280.0456721861472,-58.10559127289124,-32.13107847891901,18.15655326843262,6.0,180.0
277.5683095933319,-57.62927038409372,-31.43900332748308,18.05653762817383,6.0,180.0
275.22143511930983,-57.05334896183801,-30.81036335426585,17.95664024353027,6.0,180.0
272.95549326571785,-56.58986577228974,-30.42727599038885,17.85644149780273,6.0,180.0
270.6322578516304,-56.28903039130842,-30.089193710632784,17.85644149780273,6.0,180.0
268.32918936353883,-56.13595501320976,-29.60009930556064,17.75644874572754,6.0,180.0
265.98057073838874,-55.97785532693742,-29.15615795171417,17.65642547607422,6.0,180.0
263.4116231558985,-55.74290958553428,-28.85622597949973,17.55649757385254,6.0,180.0
260.7333928837078,-55.43301657801246,-28.6354283381603,17.45661163330078,6.0,180.0
258.10695250181703,-54.98139114255418,-28.436862077219025,17.35658645629883,6.0,180.0
255.48209021633144,-54.42916776109868,-28.18039508199362,17.2564811706543,6.0,180.0
252.81887327378683,-53.76658155785383,-27.8309768077734,17.2564811706543,6.0,180.0
250.11927105354988,-53.04402352994178,-27.54788549908053,17.15652465820312,6.0,180.0
247.27966560068413,-52.458605270917886,-27.31883533313948,17.05661773681641,6.0,180.0
244.40124512638,-52.048100954418594,-26.95873766406634,16.95658683776855,6.0,180.0
241.76965164508053,-51.68457097154569,-26.67670004625427,16.85648918151855,6.0,180.0
239.2853901436397,-51.28554082517992,-26.740621438176333,16.75643920898438,6.0,180.0
236.56838285561096,-50.84642671223501,-26.91854339712989,16.65650749206543,6.0,180.0
233.5969762025397,-50.36877541772476,-26.939068670952192,16.55651473999023,6.0,180.0
230.586079275346,-49.76875153183484,-26.769557980092674,16.55651473999023,6.0,180.0
227.47919239624693,-49.01891919885976,-26.4855210009372,16.45655632019043,6.0,180.0
224.2839226771684,-48.27024731231204,-26.1763760534928,16.35651779174805,6.0,180.0
221.22553330123776,-47.625428547069305,-25.827148708200514,16.25654220581055,6.0,180.0
218.29094333122103,-47.2256251733162,-25.44427979895341,16.15649032592773,6.0,180.0
215.44130349680904,-47.015160149869,-24.903493528296167,16.05651664733887,6.0,180.0
212.66664583318283,-46.71553223296433,-24.2173656517827,15.95648288726807,6.0,180.0
209.87283957418663,-46.37026405004406,-23.740300261927047,15.95648288726807,6.0,180.0
207.0707161518648,-46.04118149968637,-23.49128587227372,15.85652351379395,6.0,180.0
204.216741571483,-45.46070432229894,-23.18127379773361,15.75651359558105,6.0,180.0
201.32575985523272,-44.58543448155043,-22.693303765815465,15.65639972686768,6.0,180.0
198.51577862167755,-43.795488901565975,-22.12163757859076,15.55653381347656,6.0,180.0
195.7168524716448,-43.12563310452112,-21.57755543956582,15.45647430419922,6.0,180.0
192.8397294863824,-42.52342268496933,-21.04779547991004,15.35652637481689,6.0,180.0
189.84833575078403,-42.10619010675556,-20.67331595328845,15.25663375854492,6.0,180.0
186.73322139372755,-41.59230648381328,-20.5088730135976,15.25663375854492,6.0,180.0
183.71177070648693,-40.82279711830395,-20.19751563870267,15.15641212463379,6.0,180.0
180.8656226913565,-39.92864931471616,-19.520255080391955,15.05648231506348,6.0,180.0
177.84843364782805,-39.04864309177648,-18.70500989851012,14.95655632019043,6.0,180.0
174.5817592471219,-38.312788855066685,-18.01670731369093,14.85654640197754,6.0,180.0
171.29297988027943,-37.69247021200947,-17.427507042425997,14.75659942626953,6.0,180.0
167.9092788904256,-37.03830037241076,-16.817702810825168,14.65655517578125,6.0,180.0
164.53410890552874,-36.38080735545803,-16.269214927313694,14.65655517578125,6.0,180.0
161.4117897998546,-35.91314155720263,-15.870142199250576,14.55659008026123,6.0,180.0
158.40722481914196,-35.470724281462005,-15.418082544267268,14.45658111572266,6.0,180.0
155.40733527769044,-34.97299705741617,-14.934459129156956,14.35649681091309,6.0,180.0
152.47262602106397,-34.60882188029704,-14.61575352050786,14.25641345977783,6.0,180.0
149.5937441129248,-34.397180719058746,-14.3695099270433,14.15643310546875,6.0,180.0
146.63197026882125,-34.20946049354218,-14.059648330642892,14.05650806427002,6.0,180.0
143.5063942044082,-33.87870971758603,-13.696451651199036,13.95647048950195,6.0,180.0
140.35890918248282,-33.46799619148537,-13.284821254415563,13.95647048950195,6.0,180.0
137.32661651674064,-32.940647295915255,-12.697453402936285,13.85642337799072,6.0,180.0
134.26536610139203,-32.16673768142969,-12.120347139919808,13.75646114349365,6.0,180.0
130.92619875812144,-31.26647854200569,-11.765996574754393,13.65654468536377,6.0,180.0
127.40386594104923,-30.40844516419334,-11.436473329575914,13.55662250518799,6.0,180.0
124.0343450236316,-29.694164682943363,-11.089130913955538,13.45654678344727,6.0,180.0
120.81759235630732,-29.17853910756165,-10.679523157783684,13.35648632049561,6.0,180.0
117.50666222589756,-28.93649406299459,-9.927750460934671,13.25641632080078,6.0,180.0
114.05642962562048,-28.693673084824763,-8.95228942132913,13.25641632080078,6.0,180.0
110.56556746089782,-28.094150689772285,-8.231012339514589,13.15646839141846,6.0,180.0
107.13116920565857,-27.306225115234493,-7.860002440554564,13.05654048919678,6.0,180.0
103.7312222389826,-26.60141518688635,-7.588706078295624,12.95647716522217,6.0,180.0
100.37771689326432,-26.086461379376523,-7.176622118250831,12.8565616607666,6.0,180.0
96.88613783516658,-25.632605622083133,-6.4709056263804605,12.75642395019531,6.0,180.0
92.9179720877292,-24.9746479700576,-5.620128176853155,12.65648746490479,6.0,180.0
88.83270866654613,-24.05088102042404,-4.961941220366852,12.65648746490479,6.0,180.0
85.08749894861455,-22.99432152278613,-4.62424227841935,12.55648326873779,6.0,180.0
81.60846939011347,-21.993341775969853,-4.487144372784665,12.45640182495117,6.0,180.0
78.1754125421829,-21.1120483440824,-4.272741729285426,12.35653305053711,6.0,180.0
74.5090769176766,-20.327302714313102,-3.848113933034454,12.25655937194824,6.0,180.0
70.62750979278142,-19.696994312755216,-3.4156316803869498,12.15661430358887,6.0,180.0
66.94463949260808,-19.223281912560672,-2.998627684354182,12.0566234588623,6.0,180.0
63.469170125759625,-18.79169889629859,-2.672921670242551,11.95649719238281,6.0,180.0
59.937870768103714,-18.2818364088724,-2.574465681587069,11.95649719238281,6.0,180.0
56.27284162600208,-17.53483131185613,-2.4801719993367835,11.85651206970215,6.0,180.0
52.42851762504591,-16.632724966723373,-2.3201533906124654,11.75649642944336,6.0,180.0
48.61370063494385,-15.733583680138429,-2.094285410034276,11.65657520294189,6.0,180.0
44.9077439456384,-14.812430789848207,-1.592094589077063,11.55656433105469,6.0,180.0
41.03683622461118,-13.94392041569894,-0.8553435155015867,11.4564094543457,6.0,180.0
36.96515781144132,-13.126527635404626,-0.2840963382214498,11.35652351379395,6.0,180.0
32.949836081475,-12.323136657898866,0.0613846263152675,11.35652351379395,6.0,180.0
29.16964190169745,-11.742490517662992,0.5054894095450715,11.25652885437012,6.0,180.0
25.676811527371257,-11.320411909511025,1.0769897775883734,11.15656661987305,6.0,180.0
22.427778320910853,-10.682775799146103,1.5883310074617008,11.05653667449951,6.0,180.0
19.18711178084188,-9.953175660098957,2.1005277510610103,10.95643138885498,6.0,180.0
15.781331931877553,-9.27648544844694,2.7765348139041013,10.85646057128906,6.0,180.0
12.196003560081309,-8.47697797491567,3.4393340829707526,10.75650882720947,6.0,180.0
8.673589452823151,-7.63136070884868,3.8596478008762336,10.65661144256592,6.0,180.0
5.399234261208164,-6.862616682783308,4.140236590599017,10.65661144256592,6.0,180.0
2.0890998714083366,-6.077398979961275,4.522552521230558,10.55646514892578,6.0,180.0
-1.4143967353927709,-5.180697836311195,5.283767730304207,10.45644569396973,6.0,180.0
-5.0184227047778975,-4.28015464600295,6.408232657857315,10.35652923583984,6.0,180.0
-8.632642521085018,-3.472836650385368,7.3821892627824575,10.25642395019531,6.0,180.0
-12.1753863522827,-2.8142831201879925,8.058655128213337,10.15653610229492,6.0,180.0
-15.7869471283638,-2.26299322761171,8.744456693081933,10.05648231506348,6.0,180.0
-19.718954420451663,-1.5642018011740184,9.441796830044176,10.05648231506348,6.0,180.0
-23.837743073639267,-0.7334619547208892,9.97579466066606,9.956530570983888,6.0,180.0
-27.90370531689951,0.0741970333444683,10.384268621903235,9.856683731079102,6.0,180.0
-31.98510258241894,0.9458690381244406,10.845158992804429,9.756526947021484,6.0,180.0
-36.09827209018472,1.873248307289133,11.337980184692752,9.656651496887209,6.0,180.0
-40.13797515355861,2.7110500214683544,11.870927138932682,9.556480407714844,6.0,180.0
-44.07813216183597,3.5595921597840405,12.532628675888184,9.456429481506348,6.0,180.0
-47.869883910810856,4.5712021582751365,13.17005770205922,9.356368064880373,6.0,180.0
-51.4697665824839,5.632003660720178,13.780517888400224,9.356368064880373,6.0,180.0
-55.00593409455118,6.643264751958839,14.511371627096857,9.256468772888184,6.0,180.0
-58.59755629373088,7.661677243306535,15.242018263307298,9.156597137451172,6.0,180.0
-62.191135767268975,8.716642433250612,15.851832575862396,9.056468963623049,6.0,180.0
-65.90396352750481,9.678278560244188,16.513564353893347,8.956432342529297,6.0,180.0
-69.91881257645682,10.36400284090141,17.379730831459895,8.85642147064209,6.0,180.0
-74.0771250125836,10.899527925833056,18.11418754319783,8.756549835205078,6.0,180.0
-78.3468308839166,11.548200099333307,18.520286238335327,8.656660079956055,6.0,180.0
-82.74526903192525,12.309765355192267,18.852072329293858,8.656660079956055,6.0,180.0
-86.97935161456891,13.02219791158449,19.35609329639732,8.556411743164062,6.0,180.0
-91.05005276152993,13.681481486639168,20.11801394150227,8.456494331359863,6.0,180.0
-95.29834015619608,14.318978989785313,20.842082020852537,8.356512069702148,6.0,180.0
-99.88444921909256,14.760144498743951,21.43243194559305,8.256503105163574,6.0,180.0
-104.71746304688268,15.095823549724058,22.0852723868815,8.15660572052002,6.0,180.0
-109.5938324639411,15.57937361575907,22.7484720095248,8.05649471282959,6.0,180.0
-114.3703732891557,16.102197871878587,23.47279272134016,8.05649471282959,6.0,180.0
-119.0109398511553,16.702251717950773,24.391544453955447,7.956432819366455,6.0,180.0
-123.64134528406407,17.527128120922562,25.173828535994897,7.856468200683594,6.0,180.0
-128.34051349599753,18.421151813557707,25.67868812071184,7.756443500518799,6.0,180.0
-132.99565476277922,19.347655193194207,26.297384778001657,7.656601905822754,6.0,180.0
-137.609186167624,20.27324103553984,27.10162574911457,7.556393623352051,6.0,180.0
-142.1156364179493,21.08293125288713,27.8762578848088,7.456466674804688,6.0,180.0
-146.29355951370087,21.894506702258507,28.454062727788383,7.356483936309814,6.0,180.0
-150.17608507624374,22.76482040941369,28.80074931558028,7.356483936309814,6.0,180.0
-154.06698966396883,23.58349035510117,29.13881420669397,7.256507873535156,6.0,180.0
-158.2861347503291,24.357146449235906,29.79173158175284,7.156591892242432,6.0,180.0
-162.81976502739997,25.22028427210068,30.91100745126935,7.056521415710449,6.0,180.0
-167.22490511325282,26.204376293749743,32.313211423836975,6.956484794616699,6.0,180.0
-171.53193637256368,27.220674289040858,33.5887982816621,6.856507301330566,6.0,180.0
-175.9319109654164,28.336452273991068,34.51915588898888,6.756558895111084,6.0,180.0
-180.12612332244402,29.598452024972424,35.360124225738915,6.756558895111084,6.0,180.0
-184.1948535013546,30.782960222068787,36.33305746643482,6.656614780426025,6.0,180.0
-188.4501332799448,31.739925688958227,37.18879946186856,6.556562900543213,6.0,180.0
-192.7796920396802,32.5306102819727,37.69183156092679,6.456587314605713,6.0,180.0
-196.9513833042065,33.148573902747174,38.05486843855805,6.356433868408203,6.0,180.0
-201.1983547958394,33.65143549673647,38.52742608160736,6.256484031677246,6.0,180.0
-205.74347054466423,34.2685371324535,39.06449134969664,6.156517505645752,6.0,180.0
-210.2437589572476,35.00646673641054,39.57661873384926,6.056497573852539,6.0,180.0
-214.4739012513459,35.80250366090535,40.09915608987236,6.056497573852539,6.0,180.0
-218.6218052000753,36.67107556593753,40.64302733324643,5.956496715545654,6.0,180.0
-222.75244564418543,37.57280243508716,41.09397951572589,5.85641622543335,6.0,180.0
-226.8577031811701,38.553121522410194,41.6084792826117,5.756466865539551,6.0,180.0
-231.1738390680601,39.4540376505357,42.425781319462494,5.656540393829346,6.0,180.0
-235.81827101847463,40.06115855598949,43.48463604130992,5.556446075439453,6.0,180.0
-240.48311713292853,40.55569910596523,44.64628550643421,5.456535816192627,6.0,180.0
-244.93633845684545,41.18644915683843,45.78232593243822,5.456535816192627,6.0,180.0
-249.51270457370427,42.01221422477202,46.83815066370241,5.356403350830078,6.0,180.0
-254.4880420633893,42.89755948710719,47.85290725289981,5.256490230560303,6.0,180.0
-259.6054136277673,43.76397430789024,48.88705387519388,5.156567573547363,6.0,180.0
-264.5355630771553,44.71436605756851,49.82474672147983,5.056445598602295,6.0,180.0
-269.2409455779556,45.707317283055446,50.48947661553127,4.956605911254883,6.0,180.0
-273.8318909570461,46.57328004075674,51.03368783182346,4.856550216674805,6.0,180.0
-278.40966791455594,47.28267147836256,51.7504408965644,4.756519794464111,6.0,180.0
-282.9875716730479,48.034559522873366,52.619155004194525,4.756519794464111,6.0,180.0
-287.5457369282499,49.01191434073751,53.430850457137616,4.656580448150635,6.0,180.0
-292.1360805971451,50.1250511577107,54.123566225203,4.556457042694092,6.0,180.0
-296.8060522136384,51.084070177045895,54.85250268500338,4.456503391265869,6.0,180.0
-301.5066557085108,51.85852516565339,55.70010803048385,4.356576919555664,6.0,180.0
-306.04167332696045,52.70490948524942,56.455219505503074,4.256576061248779,6.0,180.0
-310.503676986762,53.58139337491437,57.07557870721648,4.15647029876709,6.0,180.0
-315.135672793102,54.306572744676885,57.683570314014034,4.056541919708252,6.0,180.0
-319.8208681311832,54.96896529393025,58.29846315193373,4.056541919708252,6.0,180.0
-324.440115641798,55.72204190078848,58.940207283572576,3.956562042236328,6.0,180.0
-329.1781925992987,56.60617836937763,59.6059819220236,3.856466054916382,6.0,180.0
-334.08154088472617,57.55272648927235,60.19352011799857,3.756457805633545,6.0,180.0
-338.8490546869017,58.34653545535345,60.66904162445856,3.656450033187866,6.0,180.0
-343.4102969732504,59.05241601327391,61.14023727175239,3.556503772735596,6.0,180.0
-348.0075183430803,59.98093366269372,61.53610128651129,3.456561088562012,6.0,180.0
-352.7999339928557,61.016929400072186,61.85440711155302,3.456561088562012,6.0,180.0
-357.6658828284642,62.086622721587375,62.31426423088304,3.356527805328369,6.0,180.0
-362.3764427666537,63.33350950834559,63.02172173506613,3.256423473358154,6.0,180.0
-366.91610462441855,64.57263240111345,63.87860725799581,3.156475305557251,6.0,180.0
-371.4328262829298,65.62842053026344,64.7254091308208,3.056536674499512,6.0,180.0
-376.0696129827807,66.58180686144514,65.75807271856658,2.956669569015503,6.0,180.0
-380.74467108490194,67.51356755660156,67.11487740346408,2.856507778167725,6.0,180.0
-385.38251690654965,68.46153956300478,68.58481669900242,2.756487846374512,6.0,180.0
-390.1609999490032,69.3556839773637,69.96827488936322,2.756487846374512,6.0,180.0
-395.0810760979585,70.04921886755176,71.08236219426473,2.656507968902588,6.0,180.0
-399.959263724424,70.64503032623803,71.8952543623706,2.556466341018677,6.0,180.0
-404.7783630724753,71.38891426707006,72.57391057049297,2.456543445587158,6.0,180.0
-409.5940518394542,72.3200463158113,73.3226633545072,2.356414556503296,6.0,180.0
-414.21965713347225,73.32585899941212,74.12372278464248,2.256491184234619,6.0,180.0
-418.4950696665298,74.25291604051196,74.913627458045,2.156424045562744,6.0,180.0
-422.6118100114729,75.02894381505367,75.7805538174143,2.156424045562744,6.0,180.0
-426.79622012329247,75.74721234695662,76.69310782389388,2.056570291519165,6.0,180.0
-431.1158448702219,76.5358902417611,77.52262272602664,1.956624031066895,6.0,180.0
-435.5040662865328,77.46911395519922,78.28482058520183,1.856544375419617,6.0,180.0
-439.90871292076827,78.41149619525713,79.14139738217602,1.756598114967346,6.0,180.0
-444.2511490677596,79.20818263793952,80.16169153318218,1.656487584114075,6.0,180.0
-448.4132517896373,79.92387284956114,81.125966752836,1.556541681289673,6.0,180.0
-452.47504203013546,80.56415197785054,81.91067209214235,1.456628561019897,6.0,180.0
-456.5012192984904,81.02512659663603,82.88340073519808,1.456628561019897,6.0,180.0
-460.4814792537761,81.52092201745774,84.09965775275123,1.356494784355164,6.0,180.0
-464.36512265806255,82.44230639984227,85.15567521116878,1.256531357765198,6.0,180.0
-467.984644158851,83.60162983319553,86.06438698817831,1.15646755695343,6.0,180.0
-471.3062085985008,84.6416906532479,86.97663337546406,1.056572079658508,6.0,180.0
-474.4262383639335,85.52935942218375,87.94173493590688,0.956638753414154,6.0,180.0
-477.3443239618903,86.25686064683389,88.86153831171455,0.8564662933349609,6.0,180.0
-479.9326256485793,86.87154480750328,89.60783665663952,0.8564662933349609,6.0,180.0
-482.2107204813831,87.48066270783679,90.31500467962026,0.7564491629600525,6.0,180.0
-484.19988696993903,88.04828582454937,90.8842765240488,0.6564417481422424,6.0,180.0
-485.87177659013867,88.44261048497718,91.27934951576796,0.5566278696060181,6.0,180.0
-487.60389910033416,88.636561455225,91.6755049156173,0.456533670425415,6.0,180.0
-489.5352641493275,88.6439491629304,92.0444013748024,0.3562979698181152,6.0,180.0
-491.1195070532534,88.64308735795993,92.3294620760198,0.2563421726226807,6.0,180.0
-492.2156569975124,88.7503228841001,92.6184147885384,0.1599137187004089,6.0,180.0
-493.2267034328319,88.74657537002544,93.20306487666817,0.1599137187004089,6.0,180.0
-494.3177573951735,88.5645179294308,94.09944764516216,0.084109254181385,6.0,180.0
-495.4301536847301,88.3938280493191,94.82027293649143,0.0383080877363681,6.0,180.0
-496.4741510163075,88.24196924677703,95.1660874355843,0.018279630690813,6.0,180.0
-497.5388694991885,88.10809598434916,95.33248069229816,0.0089855398982763,6.0,180.0
-498.6440946148238,88.11537902930218,95.29321776971403,0.0046866103075444,6.0,180.0
-499.7244474931282,88.19749154451422,95.05222956033155,0.0025251759216189,6.0,180.0
-501.14224911331337,88.22433167123818,94.82225417429832,0.0025251759216189,6.0,180.0
-503.05690866168646,88.28428127463499,94.56248033117052,0.0014022688847035,6.0,180.0
-505.2143712251958,88.73385954364109,94.2290679868658,0.0006835872773081,6.0,180.0
-507.53517206194186,89.62254645110778,94.02536356607082,0.0003419607528485,6.0,180.0
-509.88489022710144,90.59591760731018,94.24415925294524,0.0001657371176406,6.0,180.0
-512.0987891525943,91.50158807342744,94.88979925846704,5.351884465198964e-05,6.0,180.0
-514.362436755522,92.38403197300242,95.4749092247558,5.431263616628712e-07,6.0,180.0
-516.7618866735475,93.1835038863171,95.91340439518532,-2.838183718267828e-05,6.0,180.0
-519.2541594564124,93.86242484112915,96.56273634842844,-2.838183718267828e-05,6.0,180.0
-521.8589776825219,94.48307630826277,97.3177839300876,-5.113744191476144e-05,6.0,180.0
-524.2482441487041,94.92868809655845,97.9822069047707,-5.911722473683767e-05,6.0,180.0
-526.1967657689349,95.0851869540292,98.70699232283836,-6.88656436977908e-05,6.0,180.0
-527.7479763065089,95.05377344398708,99.49640750795274,-6.811362254666165e-05,6.0,180.0
-528.9356698158039,94.89630519563732,100.10657587209911,-5.773851808044128e-05,6.0,180.0
-529.7186561884179,94.64153425926357,100.32644855888074,-5.867158324690536e-05,6.0,180.0
-530.114110785795,94.32874804491512,100.26208628116224,-5.512037023436278e-05,6.0,180.0
-530.3469948228693,93.99136003222569,100.22003591768032,-5.512037023436278e-05,6.0,180.0
-530.6002787577039,93.8741730750846,100.15257867382186,-5.31846126250457e-05,6.0,180.0
-531.0843190068282,93.98953417545596,99.80569985716794,-4.929916758555919e-05,6.0,180.0
-531.8747312173767,93.96579807175772,99.22821063043678,-4.158398951403797e-05,6.0,180.0
-532.8003359732362,93.95709767656554,98.67481562840764,-4.076233381056227e-05,6.0,180.0
-533.7492852799712,94.27183959882814,98.27530594924112,-3.676548294606619e-05,6.0,180.0
-534.8258438399675,94.65008023263634,98.02218306710915,-3.515002754284069e-05,6.0,180.0
-536.1622863608213,94.8688111549491,97.89722069282509,-3.515002754284069e-05,6.0,180.0
-537.7769072640439,94.89262451255082,97.84416343691947,-3.391058635315858e-05,6.0,180.0
-539.6777193360447,94.75810293272836,97.83944510892476,-2.886925904022064e-05,6.0,180.0
-541.7664997015755,94.77103144168782,97.99166675146752,-2.895281795645133e-05,6.0,180.0
-543.9612957233222,95.17055555032228,98.37430229930295,-2.43571321334457e-05,6.0,180.0
-546.2238098682674,95.72550720383391,98.90578934053212,-2.499774200259708e-05,6.0,180.0
-548.3059944448753,96.0064725460128,99.46862262676908,-2.449639578117058e-05,6.0,180.0
-550.1630128633317,96.1573266319594,99.89750542346552,-2.051346746156923e-05,6.0,180.0
-552.0098306331256,96.50232367458736,100.166390433366,-2.051346746156923e-05,6.0,180.0
-553.7215795255121,96.72321677693805,100.38585323656882,-1.80624356289627e-05,6.0,180.0
-555.1698171018338,96.72348553201272,100.66146055345924,-1.654446714383084e-05,6.0,180.0
-556.5584258745308,96.76119944451538,101.18080561418668,-1.916261498990934e-05,6.0,180.0
-557.8534163189241,96.77224547581218,101.82500668147674,-1.799280471459497e-05,6.0,180.0
-558.8737144438327,96.77128043329652,102.25857389924744,-1.374527710140683e-05,6.0,180.0
-559.7668963787044,96.90413601691422,102.40485183181592,-1.480367700423812e-05,6.0,180.0
-560.6141052689893,97.07547729179296,102.4382898858088,-1.480367700423812e-05,6.0,180.0
-561.2166999457754,97.15308367251858,102.59832410651624,-1.406558203598252e-05,6.0,180.0
-561.5804036883883,97.16841057292174,102.93342114140124,-1.303503449889831e-05,6.0,180.0
-561.7936560217481,97.13642343348523,103.33142885450825,-1.531895031803288e-05,6.0,180.0
-561.8582853170328,97.0672921706741,103.76290323189644,-9.720570233184844e-06,6.0,180.0
-562.0359976921137,97.0081583743859,104.12535788730978,-1.129424435930559e-05,6.0,180.0
-562.4240606067899,96.97659079239826,104.20746627562856,-7.938001544971485e-06,6.0,180.0
-562.8759881714207,97.003098587871,104.0497063119318,-1.257546591659775e-05,6.0,180.0
-563.5316907640974,97.11383684746858,103.97390547048704,-1.257546591659775e-05,6.0,180.0
-564.4699998912209,97.20083331496484,104.0554933445718,-7.631622793269344e-06,6.0,180.0
-565.4314248933015,97.20462425209205,104.13110752725846,-7.060643838485703e-06,6.0,180.0
-566.2808878479964,97.35270875540598,104.24046543280872,-9.135665095527656e-06,6.0,180.0
-567.3760564846376,97.76488578381932,104.42666055607737,-7.659475159016438e-06,6.0,180.0
-569.0788594039849,98.28199619404248,104.61318986577407,-7.729106982878875e-06,6.0,180.0
-571.1732156558978,98.7656223008403,104.6726303756805,-7.394875410682289e-06,6.0,180.0
-573.4314545541486,99.2165411276042,104.77028056008623,-7.394875410682289e-06,6.0,180.0
-575.8281694459988,99.61183576674082,105.22804659379888,-5.041327312937938e-06,6.0,180.0
-578.0054666110228,99.8618427468068,105.8439213448498,-7.088496204232797e-06,6.0,180.0
-579.7563337152205,100.16778626402998,106.40635012029196,-4.66531673737336e-06,6.0,180.0
-581.1972885480782,100.65502203375152,107.00392506990704,-4.163969606452156e-06,6.0,180.0
-582.3345149961575,101.0393727281604,107.6269009692342,-5.709790912078461e-06,6.0,180.0
-583.18671137324,101.07973466839935,108.16621241871022,-6.392180694092531e-06,6.0,180.0
-583.7564192683432,100.8771536750712,108.58072120477536,-4.177895789325703e-06,6.0,180.0
-584.0582895380876,100.6965834639816,108.8421408896717,-4.177895789325703e-06,6.0,180.0
-584.1969501843728,100.5301649907304,108.83033018185893,-4.094337782589719e-06,6.0,180.0
-584.3648245427905,100.31287440875174,108.65220500126183,-5.821201284561539e-06,6.0,180.0
-584.6476400334237,100.12731415809724,108.550664941563,-5.208443326409906e-06,6.0,180.0
-584.9032081277458,100.03888985202424,108.5980593845826,-6.433959242713172e-06,6.0,180.0
-585.1672358045975,99.96999484887051,108.72894637079764,-2.562442659836961e-06,6.0,180.0
-585.4863200208836,99.85515175979994,108.7334938180258,8.355777936230879e-08,6.0,180.0
-585.6705568257119,99.75663527490391,108.54188417283731,-1.782568915587035e-06,6.0,180.0
-585.8294984109746,99.62630129269452,108.42098301579156,-1.782568915587035e-06,6.0,180.0
-586.3857459987947,99.42295753702663,108.44104960667858,-3.481579824438086e-06,6.0,180.0
-587.4045822949812,99.3221040246773,108.38096713978004,-4.080411599716172e-06,6.0,180.0
-588.6311103465409,99.5502917459797,108.44439028141956,-3.203053438483039e-06,6.0,180.0
-590.090954919882,100.11258926802638,108.79647259656032,-1.754716322466265e-06,6.0,180.0
-591.8509420916719,100.90513348141444,109.09671172709368,-2.283916273881914e-06,6.0,180.0
-593.7686551262818,101.66646117360284,109.30491302390227,-3.606916607168387e-06,6.0,180.0
-595.7327093213341,102.13448219275344,109.651672913639,-3.606916607168387e-06,6.0,180.0
-597.5114705133382,102.56242578197796,110.0759686085414,-2.088947894662851e-06,6.0,180.0
-599.0301681598811,103.25547395618004,110.39724986250454,-3.787958803513902e-06,6.0,180.0
-600.4346534856535,104.14064342098044,110.57733257732758,-4.177895789325703e-07,6.0,180.0
-601.7343376819019,104.95549571722574,110.79293918786098,-1.99146370505332e-06,6.0,180.0
-602.8387895194293,105.5043199580598,111.35166394010513,-2.116800487783621e-06,6.0,180.0
-603.6046363439924,105.8675704832158,112.1882537370616,-6.141506673884578e-06,6.0,180.0
-604.0731963419221,106.17571437458112,112.95988256335806,-4.122190148336813e-06,6.0,180.0
-604.3829757576268,106.3397412109965,113.41899994994516,-4.122190148336813e-06,6.0,180.0
-604.5722872463164,106.2357108751512,113.4392964401302,-5.709791821573162e-07,6.0,180.0
-604.8020997383243,106.04874616605412,113.13028506041331,-2.172505901398836e-06,6.0,180.0
-605.0361503557015,105.99632203613,112.7719532240617,-3.049863835258293e-06,6.0,180.0
-605.0805758998554,106.02426075621028,112.56289573492164,-2.478884880474652e-06,6.0,180.0
-605.1016461961553,105.93367955562644,112.41116781390296,-3.59299042429484e-06,6.0,180.0
-605.1790926923516,105.7174265077387,112.23057687551996,-4.40071653429186e-06,6.0,180.0
-605.324333516817,105.6306574005184,112.1611635871242,-4.40071653429186e-06,6.0,180.0
-605.7057042358855,105.67673640215672,112.09951487723146,-2.033242708421312e-06,6.0,180.0
-606.2936635862211,105.58720444695786,111.942972137754,-2.158579491151613e-06,6.0,180.0
-606.9494834794255,105.35490804968477,111.96123336473948,-2.102874304910074e-06,6.0,180.0
-607.5869590095509,105.3325859490098,112.26334929826774,-2.158579491151613e-06,6.0,180.0
-608.3725172066394,105.65985780151576,112.73232871238854,-1.796495098460582e-06,6.0,180.0
-609.39060105735,106.0481304276346,113.26797738451452,-4.108263965463266e-06,6.0,180.0
-610.4535681535309,106.28623278000386,113.77679500019585,-1.615453129488742e-06,6.0,180.0
-611.6506073920928,106.49158287154545,114.11161986797762,-1.615453129488742e-06,6.0,180.0
-613.0868180975124,106.7884546272694,114.26049848404264,-3.411948227949324e-06,6.0,180.0
-614.6391715648782,107.0455022707684,114.29455298259022,-1.169810957435402e-06,6.0,180.0
-616.0052178039891,107.17826444454316,114.27329832962924,3.899367584381253e-07,6.0,180.0
-617.0418097357563,107.2934290129952,114.35249773361258,-1.796495098460582e-06,6.0,180.0
-618.0562316403383,107.38384247913186,114.49430598973136,-1.15588454718818e-06,6.0,180.0
-619.1878624610556,107.38890121538152,114.5653076714533,-1.53189603224746e-07,6.0,180.0
-620.2923654497953,107.47363255687868,114.57770002408364,-1.53189603224746e-07,6.0,180.0
-621.1028324933831,107.83144114006612,114.56320497782106,-1.740789912219043e-06,6.0,180.0
-621.4091253832626,108.32674974842438,114.47441349919151,-1.462263526263996e-06,6.0,180.0
-621.3295176399923,108.74614959864728,114.30732302103246,-1.712937319098273e-06,6.0,180.0
-621.0527065444164,109.0417025299681,114.1518610164855,-1.253368736797711e-06,6.0,180.0
-620.8135521702277,109.14276937949109,113.97178062404964,-1.211589733429719e-06,6.0,180.0
-620.7945341656441,109.09148309227103,113.77925078488845,9.609159405954415e-07,6.0,180.0
-620.8716917212442,109.0979242716448,113.76340119555007,-2.729558673308929e-06,6.0,180.0
-620.9484287132357,109.22518527938328,113.90197587753372,-2.729558673308929e-06,6.0,180.0
-621.0017933786781,109.44665923018184,114.11187046173536,-3.063790245505515e-06,6.0,180.0
-621.2074818447618,109.74521137480484,114.4444609979608,-5.849053650308633e-07,6.0,180.0
-621.8735244535432,110.06052413395176,114.81068504717943,6.54536961519625e-07,6.0,180.0
-622.9824450149802,110.43579640250434,115.04845180127118,-1.364779336654465e-06,6.0,180.0
-624.2531573776181,110.73690736584216,115.1609334685038,-1.72686350197182e-06,6.0,180.0
-625.4029068608604,110.80185934431688,115.26595793338517,-2.618148073452176e-06,6.0,180.0
-626.6534937025901,110.84204545293346,115.480571910572,-3.481579824438086e-07,6.0,180.0
-628.2163563644945,110.93392286293206,115.75459818626253,-3.481579824438086e-07,6.0,180.0
-629.8835569998655,110.96560969265808,116.01835743654874,3.063789790758165e-07,6.0,180.0
-631.717247555346,110.89042465472896,116.37935070247678,-1.810421508707805e-06,6.0,180.0
-633.7962079275915,110.86477599958424,116.77660905249816,2.367473825870547e-07,6.0,180.0
-635.8596600897677,111.19263478713454,117.10186361947248,-3.801885213761125e-06,6.0,180.0
-637.5916278838001,111.8265431683943,117.26501904457156,-2.506737473595422e-06,6.0,180.0
-638.9557508332218,112.42394151652135,117.26145944553724,5.709789547836408e-07,6.0,180.0
-640.0770312557149,112.75060009155392,117.42621866771854,5.709789547836408e-07,6.0,180.0
-640.9845245167651,112.70792773199474,117.90756445491324,6.963159648876174e-08,6.0,180.0
-641.6753810866251,112.41469930142492,118.42731309535532,-3.32839022121334e-06,6.0,180.0
-642.0585391201265,112.21903223438215,118.55834182144793,-1.643305722609512e-06,6.0,180.0
-642.1899924593006,112.28532977148708,118.08893738294694,-7.520213785028318e-07,6.0,180.0
-642.2376948978965,112.5293749986733,117.45979245075696,-2.924527962022694e-07,6.0,180.0
-642.1318201362222,112.77280577598418,117.17185318055331,-1.336926743533695e-06,6.0,180.0
-641.819995711396,112.89828201831214,117.25116955798076,-1.420484522896004e-06,6.0,180.0
-641.478462473966,112.93950806488093,117.6844029348152,-1.420484522896004e-06,6.0,180.0
-641.2675709209684,112.94203517925564,118.21377243668825,-1.657231905483059e-06,6.0,180.0
-641.2359103305657,112.94748379293137,118.46384323512724,3.620841653173557e-07,6.0,180.0
-641.3965062673312,113.02829654352912,118.61664989173497,-1.740789912219043e-06,6.0,180.0
-641.7103095079201,113.27467209011472,118.971707239155,1.295147512792028e-06,6.0,180.0
-642.1128148016536,113.5490244470732,119.33962227196676,-2.506737928342773e-07,6.0,180.0
-642.6068644082854,113.69618902971612,119.4304139853994,-1.114105543820187e-06,6.0,180.0
-643.260388234727,114.03704819128508,119.33354482052168,-1.114105543820187e-06,6.0,180.0
-644.129223557534,114.738834113138,119.22137861384763,9.74842350842664e-07,6.0,180.0
-645.1710762856984,115.35327622225503,119.2137793051895,-1.225516143676941e-06,6.0,180.0
-646.2667196341367,115.63716161601268,119.3647337440044,-5.570541361521465e-08,6.0,180.0
-647.2818161168639,115.76207566750551,119.6423318239671,-5.709791821573162e-07,6.0,180.0
-648.1883284304993,115.77150497331486,120.10379383452296,-2.43710587710666e-06,6.0,180.0
-649.242483453678,115.7278182545577,120.51928654156649,0.0,6.0,180.0
-650.4733269872427,115.81022409988724,120.62884738740314,-1.295147740165703e-06,6.0,180.0
-651.4768509900573,116.01709297586552,120.65090637453714,-1.295147740165703e-06,6.0,180.0
-652.1417090993949,116.277832614981,120.6677218662998,-2.492811063348199e-06,6.0,180.0
-652.7194723196129,116.45595529731057,120.5063571494712,-1.838274101828574e-06,6.0,180.0
-653.2617872076389,116.42698405533996,120.4851497332242,-2.005389887926867e-06,6.0,180.0
-653.5950271634941,116.43257657934424,120.8346848570111,-3.230906031603809e-06,6.0,180.0
-653.6949238661381,116.62617734454903,121.18631127654947,-3.899369858118007e-07,6.0,180.0
-653.796159840129,116.97645029641303,121.37526653400676,4.59568354926887e-07,6.0,180.0
-653.9755125762687,117.51875479423332,121.37313607833008,4.59568354926887e-07,6.0,180.0
-654.1010300633536,117.90036663111846,121.20859734774186,-3.077716428379063e-06,6.0,180.0
-654.23123538668,117.8847390795094,121.09762929375592,-2.478884880474652e-06,6.0,180.0
-654.514080801683,117.83692232050538,121.00694611326672,-1.28122132991848e-06,6.0,180.0
-654.9370451475683,117.91498226501008,120.9052766686714,-2.43710587710666e-06,6.0,180.0
-655.3284175750978,118.02482639603532,121.0148470494625,-2.353547870370676e-06,6.0,180.0
-655.7219367561878,118.19776234111804,121.32451706577808,-3.342317995702615e-07,6.0,180.0
-656.4238517195864,118.298277268494,121.56319333858532,-1.935758291438106e-06,6.0,180.0
-657.5116133653385,118.18352584958372,121.73269241897992,-1.935758291438106e-06,6.0,180.0
-658.742376029768,118.21856889739756,122.08246032457606,1.67115786098293e-07,6.0,180.0
-659.9690299420628,118.66131643966185,122.54906293728487,-2.924527052527992e-06,6.0,180.0
-661.306158625334,119.08759346624436,122.87710746874494,-2.158579491151613e-06,6.0,180.0
-662.7316289657952,119.40765322449349,123.17915226488108,-6.963159648876172e-07,6.0,180.0
-663.9825048127672,119.89786931098702,123.641493545902,-2.214284677393152e-06,6.0,180.0
-665.1371131287581,120.51562337945272,124.23738743178542,-3.133421841994277e-06,6.0,180.0
-666.439603961034,121.02741822101072,124.97898886462582,-3.133421841994277e-06,6.0,180.0
-667.7490920050982,121.30108147371854,125.74033207686968,-1.058400357578648e-06,6.0,180.0
-668.8539303482536,121.40447775652288,126.24462878099745,-1.058400357578648e-06,6.0,180.0
-669.7635708972775,121.33734506698212,126.41831192326636,-9.887687610898863e-07,6.0,180.0
-670.4777986565384,121.10256634067537,126.46000822030943,-4.456421720533399e-07,6.0,180.0
-670.8823091689723,120.73701645353007,126.50407640349702,-1.058400357578648e-06,6.0,180.0
-670.9765401545108,120.2439825153038,126.43044654191006,-1.044473947331426e-06,6.0,180.0
-670.8430584229093,119.69534970651242,126.23446650431846,6.54536961519625e-07,6.0,180.0
-670.5769483086011,119.27959158488054,126.00096931224904,6.54536961519625e-07,6.0,180.0
-670.3106775745099,119.15780788499904,125.6072643598627,-6.127581855253084e-07,6.0,180.0
-670.0568487842866,119.29663121597888,125.06725612046657,-2.088947894662851e-07,6.0,180.0
-669.7985926412695,119.49541881514716,124.5837734349806,-2.116800487783621e-06,6.0,180.0
-669.7170392125652,119.60028578816188,124.31438594609612,-6.40610778646078e-07,6.0,180.0
-669.9192973170822,119.5904425334682,124.20904757471553,7.102421477611642e-07,6.0,180.0
-670.2913805956974,119.51498584348106,124.05597739200374,-4.331085165176773e-06,6.0,180.0
-670.8381110758776,119.446922383114,123.99503997786884,-7.938001544971485e-07,6.0,180.0
-671.6657808000673,119.3581196775374,124.22628567768102,-7.938001544971485e-07,6.0,180.0
-672.6898530115375,119.29980714731376,124.546314591278,-2.924527962022694e-07,6.0,180.0
-673.6569940593623,119.32625836062948,124.78611121899718,-2.632074256325723e-06,6.0,180.0
-674.5294920387083,119.44933651871712,125.17595548006312,-8.495055681123631e-07,6.0,180.0
-675.384692328788,119.7721012417953,125.70658978071332,2.158579263777938e-06,6.0,180.0
-676.1910778948918,120.11215413376398,126.05189471679516,-6.963159648876172e-07,6.0,180.0
-677.0266241702276,120.27862420181074,126.22352151216025,5.57051862415392e-08,6.0,180.0
-677.9618899121274,120.48070952606788,126.3428946126308,5.57051862415392e-08,6.0,180.0
-678.8914330523626,120.88024173664412,126.50067390727516,-2.646002030814998e-07,6.0,180.0
-679.8261948413563,121.33299749156384,126.7404327170792,-1.517968939879211e-06,6.0,180.0
-680.8487684300165,121.79175836760358,126.93573355866772,4.87421175421332e-07,6.0,180.0
-681.7219487275859,122.34229124347117,127.03201462636297,-4.456421720533399e-07,6.0,180.0
-682.2034793438663,122.76383750920004,127.11747878087,4.177895789325703e-07,6.0,180.0
-682.4646908763216,122.85315756321108,127.12642448906333,-1.12803195406741e-06,6.0,180.0
-682.7818429892066,122.6484875604173,127.06179301613932,-5.709791821573162e-07,6.0,180.0
-683.0368847310442,122.26024259455647,127.1227828676194,-5.709791821573162e-07,6.0,180.0
-683.0391237202092,121.91270662442231,127.3429821769222,1.225515916303266e-06,6.0,180.0
-683.0687427831026,121.65089969794391,127.49190122104709,-1.15588454718818e-06,6.0,180.0
-683.2633698467017,121.40623016348128,127.382757631417,3.620841653173557e-07,6.0,180.0
-683.3722270498179,121.30532667633034,127.36291381764217,1.253367827303009e-07,6.0,180.0
-683.3776185330736,121.458727282119,127.61045929165364,-2.785282049444504e-08,6.0,180.0
-683.3505500596372,121.83961484725153,127.87206883332468,-4.87421175421332e-07,6.0,180.0
-683.3611272258884,122.33204008926838,128.0231208316414,-4.87421175421332e-07,6.0,180.0
-683.6180350699333,122.83126958071855,128.02966755979736,1.448337116016774e-06,6.0,180.0
-684.2145740109302,123.20266865457032,128.09779349246733,-3.20305389323039e-07,6.0,180.0
-685.0896868421547,123.3699798282812,128.31244201457218,2.228209723398322e-07,6.0,180.0
-686.1262025913861,123.50115652342517,128.56958985944792,-1.866126694949344e-06,6.0,180.0
-687.2434221396658,123.68917926149918,128.97317514857463,5.431263616628712e-07,6.0,180.0
-688.4882886844105,123.82902064148266,129.5145513655561,-1.643305722609512e-06,6.0,180.0
-689.9128030574508,123.94317413113548,130.04615181854453,-5.431265890365466e-07,6.0,180.0
-691.3628264862896,124.1126241316368,130.47031835884184,-5.431265890365466e-07,6.0,180.0
-692.5873093236031,124.23037619325808,130.6785268460603,-1.866126694949344e-06,6.0,180.0
-693.6051153833529,124.22493317416308,130.61683484499508,-1.587600308994297e-06,6.0,180.0
-694.5541423043096,124.20586731143652,130.53507807555093,-3.620843926910311e-07,6.0,180.0
-695.3461896718997,124.28134566584993,130.68103589436254,8.355777936230879e-08,6.0,180.0
-695.9661744170445,124.46718274343142,130.76521727338346,3.203051619493635e-07,6.0,180.0
-696.4884342312396,124.75973311932265,130.5427959996693,6.963159648876174e-08,6.0,180.0
-696.8474119411392,125.05404037454718,130.1199503162705,6.963159648876174e-08,6.0,180.0
-697.0958661483943,125.2656644342144,129.76086076315264,-4.734949925477849e-07,6.0,180.0
-697.3159757750512,125.50550479465724,129.73610363289148,-2.520663883842644e-06,6.0,180.0
-697.4290105539455,125.653009445099,129.84066287005288,-2.618148073452176e-06,6.0,180.0
-697.4674915943467,125.43568793779372,129.90799253791948,-1.712937319098273e-06,6.0,180.0
-697.5708315122866,125.03313168096072,130.04785904230687,-6.963159648876174e-08,6.0,180.0
-697.7422098540602,124.79974545282292,130.09721068552204,8.634317509859102e-07,6.0,180.0
-698.027138687075,124.79121206680368,129.88383579202966,-1.309074150412926e-06,6.0,180.0
-698.4696709278072,124.87196143907832,129.6418786585945,-1.309074150412926e-06,6.0,180.0
-698.9131337137583,125.01724883294408,129.72988641969843,-5.292001787893241e-07,6.0,180.0
-699.3892011629259,125.34121601712728,130.08130064300448,-1.671158315730281e-06,6.0,180.0
-700.2000251629952,125.76209599810475,130.42691811635748,-2.492811063348199e-06,6.0,180.0
-701.3986892329594,126.1263786309943,130.7770174034338,-5.292001787893241e-07,6.0,180.0
-702.7716437209027,126.4887089298584,131.14229588093227,-4.177900336799213e-08,6.0,180.0
-704.1762088305428,126.91368846223476,131.33123972417087,6.823895546403946e-07,6.0,180.0
-705.5567435972249,127.38053499445397,131.38915703867778,-3.342317995702615e-07,6.0,180.0
-706.8448198147662,127.8013576880854,131.60274640610373,-3.342317995702615e-07,6.0,180.0
-707.9090337267065,128.06322174969333,132.04519792434976,-1.838274101828574e-06,6.0,180.0
-708.7607424713029,128.13898581651387,132.6090367707951,-2.506737928342773e-07,6.0,180.0
-709.6010434275604,128.07437969079714,133.22445813932313,8.077263373706955e-07,6.0,180.0
-710.5354885600532,127.95187371898844,133.85228840499548,-1.671158315730281e-06,6.0,180.0
-711.383565197284,127.76658403683668,134.4291077917029,-1.53189603224746e-07,6.0,180.0
-711.9991595151247,127.537819862493,134.7335374832248,-1.907905698317336e-06,6.0,180.0
-712.5384687522005,127.4026994304757,134.69494343199352,-1.907905698317336e-06,6.0,180.0
-713.0454166498228,127.29385705523858,134.56455898491294,-8.773581612331327e-07,6.0,180.0
-713.28802273633,127.03450471132612,134.55886414133468,-2.005389887926867e-06,6.0,180.0
-713.1195106504063,126.71783757017644,134.70316910204002,2.228209723398322e-07,6.0,180.0
-712.6442994119482,126.52290814561545,134.91055711642147,-3.899369858118007e-07,6.0,180.0
-712.0350092891342,126.39656177748596,135.12590172718114,-1.629379312362289e-06,6.0,180.0
-711.3970864593191,126.37401062273312,135.19299023595167,1.100179133572965e-06,6.0,180.0
-710.8609191486432,126.53145712128712,135.0679442669215,-6.40610778646078e-07,6.0,180.0
-710.6866542126509,126.69840034574688,134.86572246717668,-6.40610778646078e-07,6.0,180.0
-710.9925050954605,126.78674827734136,134.61707653946922,-8.07726564744371e-07,6.0,180.0
-711.532406927365,126.8634185336001,134.37350640024994,-1.406558340022457e-06,6.0,180.0
-712.1473735769133,127.1876421991885,134.16152603522676,2.78525931207696e-08,6.0,180.0
-712.9073404716411,127.88061307086843,134.13811850826306,-2.325695277249906e-06,6.0,180.0
-713.7922825709169,128.6015888572267,134.37739307587074,1.253368736797711e-06,6.0,180.0
-714.6672777540094,129.18577094902935,134.59795861701997,2.061095074168406e-06,6.0,180.0
-715.5540938867354,129.63787237570153,134.5674305436431,2.061095074168406e-06,6.0,180.0
-716.6333835385936,129.8372154435333,134.4100249447126,-2.562442659836961e-06,6.0,180.0
-717.9267805008034,129.91260952558284,134.51722949713923,-8.216529749915935e-07,6.0,180.0
-719.3958425096977,130.1025579270761,134.95068941779238,-1.420484522896004e-06,6.0,180.0
-720.9534527780992,130.3820753506533,135.42295979213662,-2.061095301542082e-06,6.0,180.0
-722.4244790077228,130.80647307542256,135.9305741646738,6.127579581516329e-07,6.0,180.0
-723.7114514432892,131.39471098870555,136.44813200683225,-1.504042529631988e-06,6.0,180.0
-724.6370455183005,131.8664881189187,136.67110162331485,-7.520213785028318e-07,6.0,180.0
-725.0917144217557,132.11561102863044,136.74902008609718,-7.520213785028318e-07,6.0,180.0
-725.2518149858321,132.28840829976147,136.86769084601028,-1.225516143676941e-06,6.0,180.0
-725.2128903688924,132.4394489755862,136.86050183526697,-1.141958136940957e-06,6.0,180.0
-725.0171285070936,132.49121049600382,136.87914176035682,-1.796495098460582e-06,6.0,180.0
-724.7289141036154,132.45798026986168,137.07786902177176,-2.005389887926867e-06,6.0,180.0
-724.469330770629,132.31233938037835,137.29803973949433,7.380947408819338e-07,6.0,180.0
-724.334155217588,132.03332498271794,137.38313746724577,-4.080411599716172e-06,6.0,180.0
-724.2736506358649,131.71635629632473,137.39216312679434,-4.080411599716172e-06,6.0,180.0
-724.3065383034573,131.38424030028605,137.47826641558294,-9.469897577218944e-07,6.0,180.0
-724.3767429741127,131.13206753965616,137.7259434777527,2.269989863634692e-06,6.0,180.0
-724.5489008087707,131.15462506322754,138.10862981370343,1.211589733429719e-06,6.0,180.0
-725.0225159470967,131.35098138933944,138.58787590658997,2.492811063348199e-06,6.0,180.0
-725.7319282937477,131.36523632923485,139.13493368269113,1.796495098460582e-06,6.0,180.0
-726.5612257184364,131.15412080617878,139.60053974383385,-6.266843683988554e-07,6.0,180.0
-727.5337182280973,131.0335610072245,140.00542729098314,-2.367474280617898e-06,6.0,180.0
-728.552013393906,131.1172332617654,140.5424166159789,-2.367474280617898e-06,6.0,180.0
-729.533338010167,131.33821193119428,141.11204993766606,-9.887687610898863e-07,6.0,180.0
-730.5794365000394,131.7248666734468,141.51627113164187,9.609159405954415e-07,6.0,180.0
-731.6939988659938,132.17200449646353,141.820408405267,1.114103724830784e-07,6.0,180.0
-732.8670622925803,132.66198115259658,142.1051257643227,-3.30053762809257e-06,6.0,180.0
-734.0816453456888,133.25019009996768,142.39816588470254,-8.355800673598426e-08,6.0,180.0
-735.1898102198567,133.68869432267607,142.82992888086437,-1.016621354210656e-06,6.0,180.0
-736.1192783662487,133.82646738938266,143.29013096417646,7.938001544971485e-07,6.0,180.0
-736.8814202257895,133.81569784002625,143.46761113263727,7.938001544971485e-07,6.0,180.0
-737.3636002208063,133.81393297001617,143.32822693050343,-1.309074150412926e-06,6.0,180.0
-737.5317130879513,133.9261205826004,142.95863024763185,-3.20305389323039e-07,6.0,180.0
-737.6864732329774,134.1158833529894,142.5240776585654,-3.899369858118007e-07,6.0,180.0
-738.0532170874694,134.25787059222574,142.33602113048892,-1.392631929775234e-06,6.0,180.0
-738.49396903465,134.47396954775547,142.47609588823136,-1.949686065927381e-07,6.0,180.0
-738.7099690644969,134.8400328603579,142.7788884887036,1.128031726693735e-06,6.0,180.0
-738.6469746172502,135.16690122872097,143.01896608348088,1.128031726693735e-06,6.0,180.0
-738.5661817576606,135.4447666712523,143.04092650219891,-1.893979515443789e-06,6.0,180.0
-738.6478673022576,135.6053722370283,142.99836411161257,-1.072326540452195e-06,6.0,180.0
-738.8822489929073,135.52531474856147,143.01286731012198,6.127579581516329e-07,6.0,180.0
-739.1245189532367,135.3930087725827,142.98257018940586,1.75471609509259e-06,6.0,180.0
-739.4367321053076,135.38392698420324,142.87744386786926,-1.211589733429719e-06,6.0,180.0
-740.0253117020579,135.63245936672297,142.86358643347623,7.520211511291564e-07,6.0,180.0
-740.8315293301303,136.14870270532762,143.0907991347281,-5.152737685421016e-07,6.0,180.0
-741.90244382469,136.66924354175916,143.4275921282848,-5.152737685421016e-07,6.0,180.0
-743.2021230368254,136.94889169424303,143.85534295291993,5.849053650308633e-07,6.0,180.0
-744.4119508702444,137.00077779743071,144.4154915222842,-1.253370101039764e-07,6.0,180.0
-745.5758306832088,137.008554739293,144.85722854332238,-1.364779336654465e-06,6.0,180.0
-746.936552347378,137.0699095001462,145.0450860309148,-9.052107543539024e-07,6.0,180.0
-748.4102602300944,137.22678417019512,145.07259529280626,-8.216529749915935e-07,6.0,180.0
-749.7969840846308,137.46960511931127,145.04254585333413,1.852200284702121e-06,6.0,180.0
-751.0354814806869,137.6853904645723,145.0009593980944,1.852200284702121e-06,6.0,180.0
-752.0264561990417,137.65654303172587,144.96719390150966,-6.963159648876172e-07,6.0,180.0
-752.7193070675846,137.30373028359085,144.98682272381188,-3.899369858118007e-07,6.0,180.0
-753.2725386197264,136.8510372130684,145.05983924117004,-4.177895789325703e-07,6.0,180.0
-753.6877899569893,136.38003205774578,145.08972902681043,-1.323000333286473e-06,6.0,180.0
-753.8099998856125,135.95003098109214,145.1793007804731,-3.620843926910311e-07,6.0,180.0
-753.7217349084244,135.80778785723214,145.4118807680352,1.155884319814504e-06,6.0,180.0
-753.5860014734641,135.89291865130025,145.50322489083945,1.058400130204973e-06,6.0,180.0
-753.4869839217976,135.98459413459918,145.4603736509313,1.058400130204973e-06,6.0,180.0
-753.4385331590498,136.13761710020734,145.53143490330035,-6.40610778646078e-07,6.0,180.0
-753.4415831822316,136.38238544419974,145.5940122293857,-1.420484522896004e-06,6.0,180.0
-753.6293876366893,136.67703011982627,145.52481680333483,-8.355791578651406e-07,6.0,180.0
-754.0670622895351,136.91337868448713,145.46733498351065,4.734947651741095e-07,6.0,180.0
-754.6562965680232,136.94678949035446,145.31156158908323,-7.659475613763789e-07,6.0,180.0
-755.2833145606355,136.81583171164476,145.09032482898095,-3.20305389323039e-07,6.0,180.0
-755.9932864792676,136.6137638375776,145.16084154937485,-3.20305389323039e-07,6.0,180.0
-756.8395553943195,136.42663932023564,145.400438955748,-3.481579824438086e-07,6.0,180.0
-757.7871615533791,136.27068572833704,145.60160218421697,6.684631443931721e-07,6.0,180.0
-758.7704296127399,136.29764966805303,145.83300329853867,-2.088947894662851e-07,6.0,180.0
-759.811117602221,136.59620401452392,146.19178998245525,-1.016621354210656e-06,6.0,180.0
-760.9773225489251,136.93606797942903,146.63513625172584,-1.10017936094664e-06,6.0,180.0
-762.0414957532101,137.16238951782617,146.95046047820983,1.114103724830784e-07,6.0,180.0
-762.8292660311145,137.33291234120506,147.11594343345675,-1.949686065927381e-07,6.0,180.0
-763.4895952891391,137.58120237603094,147.2219373713555,-1.949686065927381e-07,6.0,180.0
-764.1787722882615,137.83473824961064,147.2509044010805,-1.183737140308949e-06,6.0,180.0
-764.8953803164214,138.05204891355777,147.25389305687975,-3.704400796777918e-06,6.0,180.0
-765.5030713766556,138.41205504584207,147.38114928751554,-5.709791821573162e-07,6.0,180.0
-765.9052479424016,138.79228252139498,147.66809418646957,-2.047168891294859e-06,6.0,180.0
-766.1218986442042,138.89910878342047,147.91157774235938,-5.152737685421016e-07,6.0,180.0
-766.187213050318,138.82891052707927,148.00588437611867,-2.116800487783621e-06,6.0,180.0
-766.2905323740664,138.86388769914817,148.13578174695354,-2.116800487783621e-06,6.0,180.0
-766.5739083888897,139.08291624546783,148.362270834784,-7.659475613763789e-07,6.0,180.0
-766.835771448684,139.4000577604401,148.50141901020302,-5.013475856685545e-07,6.0,180.0
-766.974042386892,139.67811907552763,148.58962121592606,-1.114105543820187e-06,6.0,180.0
-767.1515380612261,139.90834160859026,148.8872697761995,-4.358937985671218e-06,6.0,180.0
-767.348951752003,140.05673669316704,149.3702757202068,-2.311769094376359e-06,6.0,180.0
-767.5131414255409,139.98936030519218,149.88042115914104,4.734947651741095e-07,6.0,180.0
-767.8777048988346,139.80511151710596,150.2621868716949,-4.177900336799213e-08,6.0,180.0
-768.5943953572576,139.7336651748983,150.347070561912,-4.177900336799213e-08,6.0,180.0
-769.5701781195555,139.8836243714874,150.11484102628512,-1.309074150412926e-06,6.0,180.0
-770.6513725591225,140.18217333600927,149.7678888596474,-3.481579824438086e-07,6.0,180.0
-771.8016787911339,140.51033110494083,149.6752436321035,2.78525931207696e-08,6.0,180.0
-773.095970781143,140.85392099657673,149.84958606921023,7.380947408819338e-07,6.0,180.0
-774.4833955877741,141.23084303296483,150.0503810147336,4.177877599431668e-08,6.0,180.0
-775.9172022696686,141.60120991929594,150.19250402470485,1.016621126836981e-06,6.0,180.0
-777.3118320931638,141.94480838953712,150.2358035931333,-2.381400690865121e-06,6.0,180.0
-778.5113737301859,142.24887550038233,150.28290677418403,-2.381400690865121e-06,6.0,180.0
-779.5208384119866,142.41514274365596,150.48771316733652,-2.102874304910074e-06,6.0,180.0
-780.3233272011935,142.41289403744813,150.86720462131098,-1.643305722609512e-06,6.0,180.0
-780.850316819193,142.32679560696758,151.303157528452,-6.963159648876174e-08,6.0,180.0
-781.2497565600166,142.17191005769493,151.6066124976378,5.57051862415392e-08,6.0,180.0
-781.6743606641414,141.93595693557933,151.80438360350962,-7.659475613763789e-07,6.0,180.0
-781.8895898246284,141.77159763479986,152.06537135870897,-2.548516476963414e-06,6.0,180.0
-781.8102001676178,141.77756403285034,152.36110354246088,-2.548516476963414e-06,6.0,180.0
-781.6240583033473,141.8660180456839,152.6411091796737,-4.456421720533399e-07,6.0,180.0
-781.4673264375441,142.01851572704172,152.95514714460458,-1.434410933143226e-06,6.0,180.0
-781.512036549266,142.23322032461635,153.25451488815256,-1.323000333286473e-06,6.0,180.0
-781.7873675773685,142.43304817162664,153.53991892719625,-1.977537294806098e-06,6.0,180.0
-782.2615247122163,142.5597502760404,153.83608243647794,-4.87421175421332e-07,6.0,180.0
-782.9378412651988,142.54766793727737,154.06692024580008,-1.114105998567538e-07,6.0,180.0
-783.7430749380505,142.42915181109154,154.25157538287576,-3.760105755645782e-07,6.0,180.0
-784.5938667048542,142.4600491064347,154.40449498927305,-3.760105755645782e-07,6.0,180.0
-785.3959742622309,142.79919709970633,154.38410559748556,4.59568354926887e-07,6.0,180.0
-786.1977358597119,143.26980358212185,154.18410056041682,-1.225516143676941e-06,6.0,180.0
-787.212768732407,143.61662671060563,153.98373127859975,8.495053407386877e-07,6.0,180.0
-788.5817803160581,143.8469133039801,153.8348554233388,8.077263373706955e-07,6.0,180.0
-790.1855938450019,144.07834804210907,153.69262957282322,-4.734949925477849e-07,6.0,180.0
-791.5720183690814,144.13331741787553,153.56376894989606,-1.67115786098293e-07,6.0,180.0
-792.5417487709143,143.89786109266507,153.7109331643565,-1.67115786098293e-07,6.0,180.0
-793.4491097175355,143.56481654474095,154.24633050273215,-7.798739716236014e-07,6.0,180.0
-794.534988744583,143.2356610906718,154.71015155135203,-2.01931629817409e-06,6.0,180.0
-795.5666257081634,142.9816714714387,154.88996615682515,2.228209723398322e-07,6.0,180.0
-796.3285065660892,142.8307401907582,155.0794024462457,4.177895789325703e-07,6.0,180.0
-796.6948472104984,142.67851922724645,155.42023798564782,-1.28122132991848e-06,6.0,180.0
-796.7187642618278,142.52234855348186,155.81484142763813,-6.54536961519625e-07,6.0,180.0
-796.8464322314206,142.46098795365188,156.2218907493887,8.077263373706955e-07,6.0,180.0
-797.0810334146372,142.62309196574924,156.5248886259727,8.077263373706955e-07,6.0,180.0
-797.0798403191455,143.07832834650918,156.49495187215257,1.476189709137543e-06,6.0,180.0
-796.9192132410069,143.5693963148974,156.14968577169677,9.33063347474672e-07,6.0,180.0
-796.8476642429825,143.74071752023838,155.85681358672642,1.810419689718401e-07,6.0,180.0
-796.9646110479318,143.703521881426,155.93837488228897,-5.570541361521465e-08,6.0,180.0
-797.1667428031608,143.76187127459187,156.3976352363705,-3.342317995702615e-07,6.0,180.0
-797.3896921851731,144.01553126700443,157.02126979220208,-5.013475856685545e-07,6.0,180.0
-797.7517800195118,144.33947456785543,157.5106341981993,-5.013475856685545e-07,6.0,180.0
-798.35459832092,144.5342408392518,157.75721384506696,3.899367584381253e-07,6.0,180.0
-799.1557508283076,144.63175798065058,157.83168178819446,4.177895789325703e-07,6.0,180.0
-799.9773096570563,144.89856149466812,157.7109256233078,1.239442326550488e-06,6.0,180.0
-800.8010758774901,145.39414053866312,157.53035268320377,-6.684633717668476e-07,6.0,180.0
-801.8278568121186,145.8750820899465,157.5466165745214,3.760105755645782e-07,6.0,180.0
-803.0673796323402,146.24924170313395,157.83247016378016,6.406105512724025e-07,6.0,180.0
-804.4233017175225,146.5257103856797,158.38595582192627,1.629379312362289e-06,6.0,180.0
-805.8973897494718,146.76480403883016,159.07928081037457,1.629379312362289e-06,6.0,180.0
-807.3248763505671,147.20637042656227,159.84963988175036,2.088947894662851e-07,6.0,180.0
-808.523358793555,147.84581502033407,160.5401007666701,-6.40610778646078e-07,6.0,180.0
-809.4246413379487,148.25029987711747,160.832852736377,-6.963159648876174e-08,6.0,180.0
-810.0653121247094,148.22807877459917,160.8282860778898,2.78525931207696e-08,6.0,180.0
-810.64390577643,148.0128711693056,160.80047903587555,-1.852200512075797e-06,6.0,180.0
-811.2175348818533,147.8087138788274,160.76648988358764,5.570527719100937e-07,6.0,180.0
-811.6541752319022,147.6068263845476,160.61539484745285,-7.241685580083868e-07,6.0,180.0
-811.9045451731365,147.28657980133335,160.3517389667827,-7.241685580083868e-07,6.0,180.0
-811.992043520042,146.89871089221683,160.12145799924878,-1.601526719241519e-06,6.0,180.0
-812.0660360316493,146.62969641957542,159.8955673133269,-3.063789790758165e-07,6.0,180.0
-812.2666814435918,146.50480812131164,159.67094789670406,-1.392631929775234e-07,6.0,180.0
-812.4029450404713,146.248065018752,159.5973497763545,-2.144653080904391e-06,6.0,180.0
-812.6055741528642,145.82478923961776,159.61053836280954,-4.87421175421332e-07,6.0,180.0
-813.1162024461972,145.52977824018978,159.62952602736877,-1.350852926407242e-06,6.0,180.0
-813.7082280589291,145.44664646066596,159.65026009069058,-1.350852926407242e-06,6.0,180.0
-814.3514807899139,145.5988525805572,159.66882345144415,1.267294919671258e-06,6.0,180.0
-815.2855704874772,146.0029921163834,159.68103960436628,-1.197663550556172e-06,6.0,180.0
-816.5500543702213,146.51768933604694,159.7329786481437,2.367473825870547e-07,6.0,180.0
-817.9349519960402,146.93119597902592,160.00199342992482,-2.646002030814998e-07,6.0,180.0
-819.346618099665,147.28634431138352,160.53450341192269,-6.823897820140701e-07,6.0,180.0
-820.79829962199,147.80338253249778,161.072430248488,-8.355800673598426e-08,6.0,180.0
-822.2306797244631,148.48458057702774,161.43459176770608,1.949683792190626e-07,6.0,180.0
-823.600111491361,149.2264985912627,161.6512139642689,1.949683792190626e-07,6.0,180.0
-824.8818555485202,149.87066908951036,161.73780655611216,-3.063789790758165e-07,6.0,180.0
-826.0573997184753,150.23854501405526,161.77311755406734,-9.74842350842664e-07,6.0,180.0
-827.0107377477236,150.41905884792703,161.9325372834715,1.476189709137543e-06,6.0,180.0
-827.6414431507768,150.60443763600114,162.40392937719054,-7.659475613763789e-07,6.0,180.0
-828.0073240099839,150.88550650321366,163.12647445866202,-1.030547764457879e-06,6.0,180.0
-828.2589538265833,151.30158857764704,163.78453736611644,3.481579824438086e-07,6.0,180.0
-828.5224437645774,151.69168858635206,164.15779383357358,3.481579824438086e-07,6.0,180.0
-828.6295132095913,151.79029868650284,164.32818632143903,-6.40610778646078e-07,6.0,180.0
-828.3882596828943,151.64878505461203,164.35716005229136,-6.266843683988554e-07,6.0,180.0
-827.9686793457295,151.64056731441406,164.24093158427644,-1.53189603224746e-07,6.0,180.0
-827.5607720605781,151.8774607560278,164.13927946143676,4.456421720533399e-07,6.0,180.0
-827.2714747781426,152.1190968200373,163.98423817215826,4.038631686853478e-07,6.0,180.0
-827.2423915193546,152.33944062684924,163.70241710299302,1.643305495235836e-06,6.0,180.0
-827.6080520766811,152.6426822828193,163.4622360447466,-2.506737928342773e-07,6.0,180.0
-828.3948911093087,152.81539840722007,163.25802695074302,-2.506737928342773e-07,6.0,180.0
-829.3405758350626,152.7735614823651,163.03678033140193,-7.102423751348397e-07,6.0,180.0
-830.1883948077551,152.7170338529732,163.04929017339222,-1.030547764457879e-06,6.0,180.0
-831.1197167697271,152.650634609685,163.44256179556498,3.411948000575649e-06,6.0,180.0
-832.3037488147261,152.66981754875442,163.94360851934613,1.657231905483059e-06,6.0,180.0
-833.4919026542833,152.91936902333066,164.36666028500764,-1.852200512075797e-06,6.0,180.0
-834.5732976499665,153.3024444381419,164.74721303918918,8.355791578651406e-07,6.0,180.0
-835.6425170586965,153.79673670035544,164.91272708203076,8.355791578651406e-07,6.0,180.0
-836.7264992985392,154.31981623116422,164.74532841929823,-1.949684701685328e-06,6.0,180.0
-837.8381811295825,154.65970656761007,164.5009494724477,6.823895546403946e-07,6.0,180.0
-838.9217819824303,154.7998144049192,164.402255049411,-5.849053650308633e-07,6.0,180.0
-839.971950610253,154.81540205028892,164.45738598800963,1.155884319814504e-06,6.0,180.0
-841.0001225816545,154.76913665957986,164.61356149156288,-4.456421720533399e-07,6.0,180.0
-841.944004244535,154.74796549591048,164.87907488525903,-1.392631929775234e-06,6.0,180.0
-842.9006487381585,154.79039974115625,165.14588481403445,-1.058400357578648e-06,6.0,180.0
-843.7135466902951,154.8496560179486,165.43335667181847,-1.058400357578648e-06,6.0,180.0
-844.0230498107285,154.8806078903732,165.7628973574087,7.380947408819338e-07,6.0,180.0
-844.0373012020807,154.98801701148798,165.8545508670748,-2.785282049444504e-08,6.0,180.0
-844.1025179241157,155.2537589180054,165.65896775562896,-1.531895122752758e-06,6.0,180.0
-844.1929809512005,155.541370250356,165.32696544217777,-2.367473825870547e-07,6.0,180.0
-844.1579848209411,155.6961825629659,165.09741790630554,6.127579581516329e-07,6.0,180.0
-844.0860486263657,155.63158071762493,165.0921702150446,-9.887687610898863e-07,6.0,180.0
-844.2629146059281,155.503606825872,165.25193397784977,5.013473582948791e-07,6.0,180.0
-844.7267382139611,155.56372773595666,165.559481224079,5.013473582948791e-07,6.0,180.0
-845.1649884332196,155.7156617101747,165.88512576066455,1.058400130204973e-06,6.0,180.0
-845.629016618436,155.82141824974633,166.2537456298287,1.253367827303009e-07,6.0,180.0
-846.467936339069,155.88090708815247,166.84729157693508,-1.15588454718818e-06,6.0,180.0
-847.5133424130839,155.83840590760113,167.53932587684855,5.988315479044104e-07,6.0,180.0
-848.5639621274285,155.77046477897804,168.13690870181685,4.456421720533399e-07,6.0,180.0
-849.6785618039507,155.95473759151653,168.69216951566716,-8.355791578651406e-07,6.0,180.0
-850.9017728683527,156.42944925688047,169.1765368913527,-8.355791578651406e-07,6.0,180.0
-852.19729392448,156.85465402128847,169.52878454702494,-1.15588454718818e-06,6.0,180.0
-853.5027962496653,157.01778502970518,169.87802969406204,7.241685580083868e-07,6.0,180.0
-854.8484101241552,157.04648514029483,170.22572589323644,2.367473825870547e-07,6.0,180.0
-856.1866103576289,157.01406044479276,170.54766382627727,-2.646002030814998e-07,6.0,180.0
-857.4307118705165,156.9265011433853,170.94431152513283,-2.85489545603923e-06,6.0,180.0
-858.5989099959546,156.92679415226465,171.42177271875596,4.177877599431668e-08,6.0,180.0
-859.5843963565044,157.08526161471062,171.79054790335928,1.044473947331426e-06,6.0,180.0
-860.3126482420525,157.2742411787847,171.9010619734416,1.044473947331426e-06,6.0,180.0
-861.0267450321518,157.42003442092238,171.98507190594955,5.57051862415392e-08,6.0,180.0
-861.7567727664967,157.5362172138386,172.22069138269825,1.141958136940957e-06,6.0,180.0
-862.1700762190048,157.59259801840545,172.3683970747959,1.239442326550488e-06,6.0,180.0
-862.1284706756753,157.7260675360917,172.15429367466686,4.456421720533399e-07,6.0,180.0
-861.9314902105892,158.1525476286599,171.77723095403002,1.893979288070113e-06,6.0,180.0
-861.783845928026,158.75079007642358,171.62329174420023,-2.242137497887597e-06,6.0,180.0
-861.5537930336457,159.182561116333,171.46442436813618,-2.242137497887597e-06,6.0,180.0
-861.3556941360467,159.36780731395308,171.14842737890498,1.044473947331426e-06,6.0,180.0
-861.5106237892537,159.40528534790957,171.0164832724584,-8.634317509859102e-07,6.0,180.0
-862.1203994348573,159.29732796831772,171.07179985437978,2.78525931207696e-08,6.0,180.0
-863.1236824458008,159.19452950835944,171.28549660492567,-1.852200512075797e-06,6.0,180.0
-864.4272962515874,159.3905600701758,171.6446196749686,-6.684633717668476e-07,6.0,180.0
-865.9019234393996,159.7915788525404,171.92166348741858,-1.671158315730281e-06,6.0,180.0
-867.300314194512,160.01881148647334,172.2372925458829,2.144653080904391e-06,6.0,180.0
-868.5048149890964,160.05278038544662,172.69055484427565,2.144653080904391e-06,6.0,180.0
-869.6886570572728,160.25171154470678,173.03784273522342,-2.924527962022694e-07,6.0,180.0
-870.9896654382771,160.83764268716817,173.20306393397857,4.317157618061174e-07,6.0,180.0
-872.5190634002985,161.59287841248636,173.32089589293503,1.476189709137543e-06,6.0,180.0
-874.0467534539946,162.09267469778464,173.75036581509983,-1.350852926407242e-06,6.0,180.0
-875.0672378380298,162.13093984440525,174.65270843039931,-1.336926743533695e-06,6.0,180.0
-875.6958917260928,161.90316190123372,175.52381592955817,-1.462263526263996e-06,6.0,180.0
-876.26299410174,161.85296818482567,176.06009519656726,-1.462263526263996e-06,6.0,180.0
-876.7129879557268,162.09554683731872,176.43341797965877,-2.088947894662851e-06,6.0,180.0
-877.1743548607466,162.4190762818403,176.6718619323526,-2.423179466859438e-06,6.0,180.0
-877.8809012950005,162.6707835290003,176.76439599053543,7.102421477611642e-07,6.0,180.0
-878.7242580483105,162.78228111223237,176.8380130174709,2.228209723398322e-07,6.0,180.0
-879.4924957659022,162.9052672563708,176.8904356655317,-6.823897820140701e-07,6.0,180.0
-880.0932053675673,162.97866329124363,176.81535029662072,-9.60916167969117e-07,6.0,180.0
-880.7020540354692,162.8141236815194,176.72271339696425,9.191369372274494e-07,6.0,180.0
-881.4392863940586,162.525203274221,176.79705750169308,9.191369372274494e-07,6.0,180.0
-882.1450378634732,162.2841717908568,176.95960833523765,7.102421477611642e-07,6.0,180.0
-882.7960954411301,162.19678852323375,177.08951383044277,3.620841653173557e-07,6.0,180.0
-883.4882787207525,162.23148308498196,177.2662938296341,-1.949684701685328e-06,6.0,180.0
-884.1965585769741,162.47080779788416,177.42136832710293,-1.072326540452195e-06,6.0,180.0
-884.97114907419,162.99753660687125,177.40753295243752,0.0,6.0,180.0
-885.8025209162369,163.64837571063435,177.34060575943943,-2.632074256325723e-06,6.0,180.0
-886.4880297939245,164.18083559945694,177.35646988801105,-2.632074256325723e-06,6.0,180.0
-887.1691350026194,164.49323002303714,177.54838449176316,-2.924527962022694e-07,6.0,180.0
-888.0069976426278,164.80794558691002,177.8745341280066,-1.072326540452195e-06,6.0,180.0
-888.8727972174089,165.174408897159,178.2302030130379,-1.796495098460582e-06,6.0,180.0
-889.8287352614151,165.4435140713622,178.717315339384,-4.177895789325703e-07,6.0,180.0
-890.9255058462938,165.56833602015232,179.2982225794283,-6.963159648876174e-08,6.0,180.0
-892.1513871596015,165.49754444624142,179.84283425915189,4.87421175421332e-07,6.0,180.0
-893.4870791307096,165.43504913681568,180.1918909972688,8.077263373706955e-07,6.0,180.0
-894.7204192923081,165.47351469506856,180.21729633832447,8.077263373706955e-07,6.0,180.0
-895.8578700091138,165.43055199484692,180.14022664533965,3.662621793409926e-06,6.0,180.0
-897.1760969363714,165.33959862030378,180.09508885906,1.197663323182496e-06,6.0,180.0
-898.5190614686198,165.29032365230717,180.04121900419636,-1.058400357578648e-06,6.0,180.0
-899.4809022902523,165.2339607924584,180.11527191479698,1.197663323182496e-06,6.0,180.0
-900.2053083562016,165.17191423334896,180.39036496052253,7.520211511291564e-07,6.0,180.0
-900.8754577646332,165.2373836966941,180.7306693008536,-6.54536961519625e-07,6.0,180.0
-901.342895471872,165.49490148595584,181.006885817834,7.520211511291564e-07,6.0,180.0
-901.647298851256,165.81442893524917,181.23598873079663,7.520211511291564e-07,6.0,180.0
-901.8422333885976,165.94991289837802,181.6084006763157,1.657231905483059e-06,6.0,180.0
-901.9037922454256,165.77929632371578,181.9979222509824,-1.239442553924164e-06,6.0,180.0
-901.919162386742,165.45517759605153,182.02539745536183,9.052107543539024e-07,6.0,180.0
-902.0826841823176,165.1961182308055,181.8098525724024,1.072326540452195e-06,6.0,180.0
-902.4608117740638,165.22719793699153,181.87864375512808,-1.935758291438106e-06,6.0,180.0
-902.9784430077332,165.57863090990134,182.38033456045392,0.0,6.0,180.0
-903.8034855164824,165.90547471339028,182.9468947395097,0.0,6.0,180.0
-904.9181748468524,166.10471576147134,183.4714245136096,-2.506737928342773e-07,6.0,180.0
-906.071448558486,166.42710712208122,183.97005744177824,-1.754716322466265e-06,6.0,180.0
-907.316375294455,167.04410856729143,184.15070635668908,-1.392641024722252e-08,6.0,180.0
-908.7532308059682,168.02443373555857,184.0965909880094,1.114103724830784e-07,6.0,180.0
-910.2875194607606,169.20856806103478,184.1982385690929,8.495053407386877e-07,6.0,180.0
-911.8419785984524,170.18249861662767,184.50534577150484,9.33063347474672e-07,6.0,180.0
-913.346241086919,170.61282814755282,184.75725336240112,-4.595685823005624e-07,6.0,180.0
-914.8035838956675,170.66131595684973,184.76408000236617,-4.595685823005624e-07,6.0,180.0
-916.245423712307,170.74655289076185,184.8204564426736,-2.506737473595422e-06,6.0,180.0
-917.5027659261328,170.9852291594857,185.1750356911508,-6.266843683988554e-07,6.0,180.0
-918.4998194636978,171.2548277928005,185.67361206034712,-9.74842350842664e-07,6.0,180.0
-919.2489005159592,171.50720444749612,186.1255255085654,-7.241685580083868e-07,6.0,180.0
-919.658151020245,171.7128056101181,186.43721795196228,-3.481579824438086e-07,6.0,180.0
-919.6979747152754,171.76601967352605,186.67919004052044,-2.325695277249906e-06,6.0,180.0
-919.5406487390264,171.62730909037276,186.9403284978356,-2.325695277249906e-06,6.0,180.0
-919.5980658560989,171.2988527753298,187.2095509914637,9.748418960953133e-08,6.0,180.0
-920.1023765883566,171.00810357436697,187.40015216461416,-1.462263526263996e-06,6.0,180.0
-920.7448978951876,170.9251604341692,187.41745144582143,-6.266843683988554e-07,6.0,180.0
-921.3299574381588,170.9354699186995,187.32749099839864,-7.380949682556093e-07,6.0,180.0
-921.9665106649444,171.03569252621213,187.23637714125869,2.785263859550469e-07,6.0,180.0
-922.5647628911722,171.27225337639732,187.1227344768148,-2.952379645648762e-06,6.0,180.0
-922.974803512236,171.59324197375895,186.98833198695505,1.072326540452195e-06,6.0,180.0
-923.2897844400272,171.89410495482957,186.93465215425172,1.072326540452195e-06,6.0,180.0
-923.7661903657691,172.0885869148318,187.0712695805861,-8.495055681123631e-07,6.0,180.0
-924.531406374364,172.11021828995715,187.3741183994001,-1.699010908851051e-06,6.0,180.0
-925.5634599159862,172.24173208488284,187.7085291583604,-3.063789790758165e-07,6.0,180.0
-926.783020253609,172.776897493218,188.0702852237073,-1.225516143676941e-06,6.0,180.0
-928.1319751200642,173.4899431574835,188.45787965068777,-6.54536961519625e-07,6.0,180.0
-929.6821567992882,174.17299022825426,188.7959724216004,2.228209723398322e-07,6.0,180.0
-931.3268366095264,174.67620351916486,189.13150210208585,2.228209723398322e-07,6.0,180.0
-932.7546844947416,174.87231200599962,189.51110088988884,7.520211511291564e-07,6.0,180.0
-933.9021838642128,174.85766947589778,189.80755162600508,-1.211589733429719e-06,6.0,180.0
-934.9115776011153,174.75826162364257,189.9615956234959,1.682299262029119e-05,6.0,180.0
-935.775988870272,174.7627805451938,190.1032751715412,0.0029328828677535,6.0,180.0
-936.23178043712,175.01942617617985,190.2849468671261,0.0243994407355785,6.0,180.0
-936.1826761145936,175.36565785360168,190.5629516189564,0.0750903934240341,6.0,180.0
-935.9497811866756,175.5969966560873,190.9269049570188,0.1522428244352341,6.0,180.0
-935.491672746711,175.62974463045293,191.2477227092117,0.1522428244352341,6.0,180.0
-934.4002229224824,175.40087627751768,191.493777002887,0.2431803643703461,6.0,180.0
-932.8601642781364,174.95335229845622,191.54946201008408,0.3385828137397766,6.0,180.0
-931.232290301531,174.45063697797875,191.30539118829168,0.436269074678421,6.0,180.0
-929.4175976896258,174.0403996044979,190.85107597643992,0.5349810719490051,6.0,180.0
-927.315833613687,173.7675503789069,190.1274616241584,0.634486973285675,6.0,180.0
-925.103125669076,173.51765641510772,188.97189973113203,0.7340415716171265,6.0,180.0
-922.9467255258846,173.16836995999924,187.5600922689628,0.8337229490280151,6.0,180.0
-920.8512681929692,172.71968766217734,186.34741787397624,0.8337229490280151,6.0,180.0
-918.7738260098904,172.20228145987485,185.656505504474,0.933513343334198,6.0,180.0
-916.5380971809508,171.68059146660426,185.30234952306688,1.033561706542969,6.0,180.0
-914.0661721167604,171.08617155534876,184.82829075843043,1.133652687072754,6.0,180.0
-911.5463767261178,170.34319837928527,184.12202275889865,1.233660817146301,6.0,180.0
-908.9506302949948,169.4626802493856,183.3533404670829,1.333690762519836,6.0,180.0
-906.192035147536,168.40097132537502,182.4819900288339,1.433664321899414,6.0,180.0
-903.4344097341047,167.39149002161696,181.38092789943664,1.433664321899414,6.0,180.0
-900.7905131255076,166.72380546947906,180.2054643611326,1.533600687980652,6.0,180.0
-898.1806342140609,166.28393556257558,179.12882504416748,1.633523344993591,6.0,180.0
-895.4009455202429,166.00119817760293,178.07951894148482,1.73343813419342,6.0,180.0
-892.388143149011,165.9123821348374,176.98876569349764,1.833470344543457,6.0,180.0
-889.3454748950703,165.9006356716987,175.96180547214567,1.933489799499512,6.0,180.0
-886.4194770439633,165.65312755646528,175.03387530684458,2.033495426177979,6.0,180.0
-883.59761853664,164.843397105143,174.12283528695724,2.133550643920898,6.0,180.0
-880.9234785268112,163.8317868361799,173.25005846513656,2.133550643920898,6.0,180.0
-878.333081772325,162.99898280987185,172.46619549825962,2.233506917953491,6.0,180.0
-875.6204385092158,162.16308977165846,171.70350073525526,2.333462953567505,6.0,180.0
-872.6866882276616,161.43723706306463,170.94724636750024,2.433417081832886,6.0,180.0
-869.5479563689241,161.08820467083157,170.25970113273578,2.533467769622803,6.0,180.0
-866.2274876975812,161.01331070620114,169.5317735779704,2.633635282516479,6.0,180.0
-862.7121565275502,160.73005767619262,168.57386640717607,2.733581781387329,6.0,180.0
-859.0351738414208,159.94879157027253,167.27500383851404,2.733581781387329,6.0,180.0
-855.3481886233752,158.89998500496912,165.7444231623832,2.833448171615601,6.0,180.0
-851.8729212214964,157.9500597115445,164.14434488429958,2.933534622192383,6.0,180.0
-848.6179583394384,157.3124008072671,162.68086686981573,3.033422708511353,6.0,180.0
-845.3847124641267,156.84479405193358,161.72660069825113,3.133484125137329,6.0,180.0
-842.1446300733469,156.29990714960817,161.11980030334072,3.233468294143677,6.0,180.0
-839.0974258680534,155.5651715416155,160.40268845555997,3.33343768119812,6.0,180.0
-836.2430627261778,154.7227298202374,159.66652249861176,3.433520555496216,6.0,180.0
-833.25697722525,153.8438246615963,159.15337919918676,3.433520555496216,6.0,180.0
-830.0659327594433,152.88394299658847,158.61851158518311,3.53347373008728,6.0,180.0
-826.8992017813858,151.97370525348495,157.71308744736572,3.633421182632446,6.0,180.0
-823.7234765160046,151.24869884577478,156.58560468106268,3.733377695083618,6.0,180.0
-820.420302579076,150.67981248799472,155.387593680925,3.833338022232056,6.0,180.0
-816.9523805744203,150.202711554311,154.16157916576867,3.933375597000122,6.0,180.0
-813.2452198095413,149.73172196882498,153.25278558466212,4.03352165222168,6.0,180.0
-809.3986147151332,149.1613769029897,152.732822010586,4.03352165222168,6.0,180.0
-805.5719369419855,148.54930541621044,152.10134011867655,4.133546829223633,6.0,180.0
-801.8143223227128,148.0711164185674,151.02495299828527,4.233544826507568,6.0,180.0
-798.2198614823347,147.7019869973629,149.73649934523377,4.333626747131348,6.0,180.0
-794.8556048849939,147.24471583450935,148.62564103245057,4.433476448059082,6.0,180.0
-791.6486459143605,146.7070704570914,147.69249239209887,4.53333044052124,6.0,180.0
-788.5722934224419,146.27201429604054,146.64948631808312,4.633535385131836,6.0,180.0
-785.5466195931424,145.7457717074007,145.40164944434878,4.733474254608154,6.0,180.0
-782.4762357195308,144.90496437618083,144.08795301885684,4.733474254608154,6.0,180.0
-779.2941480579206,144.17688195353634,142.8406905060128,4.833529949188232,6.0,180.0
-775.7742119971838,143.80662064949482,141.62057257770795,4.933506488800049,6.0,180.0
-771.9182933441308,143.38271139859796,140.41647431691567,5.033432483673096,6.0,180.0
-768.0837752185533,142.83454369341217,139.21885018540564,5.133523941040039,6.0,180.0
-764.3677279040586,142.496543762284,137.8914539503662,5.233414649963379,6.0,180.0
-760.54030707956,142.38817445525228,136.53955434163228,5.333310127258301,6.0,180.0
-756.5690454781065,142.38905014166397,135.18952359832016,5.433408737182617,6.0,180.0
-752.6079409846998,142.410135508241,133.81696060120993,5.433408737182617,6.0,180.0
-748.844926272895,142.3032843456526,132.7771114958402,5.533442497253418,6.0,180.0
-745.2992867132765,142.03982453496286,132.02585656634193,5.633585453033447,6.0,180.0
-741.7574006583313,141.61599808983397,131.2680431734676,5.733585834503174,6.0,180.0
-738.1433390585167,140.88961542373954,130.53885029966077,5.833455562591553,6.0,180.0
-734.3991704164285,139.77961193736348,130.02909096513147,5.933506488800049,6.0,180.0
-730.6293553248653,138.5914469479191,129.7479628157553,6.033533096313477,6.0,180.0
-727.0272507973326,137.60229210372174,129.57490283313933,6.033533096313477,6.0,180.0
-723.4566347149631,136.80633432923696,129.42567557523995,6.133514404296875,6.0,180.0
-719.7002457324912,136.1968355812079,128.93831655455753,6.233510494232178,6.0,180.0
-715.7459861047882,135.67378476459638,128.02229615686548,6.333532810211182,6.0,180.0
-711.7831564199738,135.0847405225625,126.92578202805676,6.433559894561768,6.0,180.0
-707.8930644317614,134.36224154767712,125.72592799021506,6.533596038818359,6.0,180.0
-704.0979663616241,133.6672394240575,124.5912897721835,6.633453845977783,6.0,180.0
-700.5211862208198,133.06411631171807,123.72243072994642,6.733537673950195,6.0,180.0
-697.1321845006764,132.33365387376563,122.88833783703872,6.733537673950195,6.0,180.0
-693.7638505205083,131.48311746092511,121.78508155107168,6.833548545837402,6.0,180.0
-690.492884601616,130.7418961761421,120.6672225162748,6.933516502380371,6.0,180.0
-687.3852581144412,130.12883533622573,119.86420873116678,7.033509254455566,6.0,180.0
-684.2813333756313,129.39047797466372,119.25339675940556,7.133557319641113,6.0,180.0
-681.0955158486472,128.46440853935218,118.6296389101393,7.233536720275879,6.0,180.0
-677.7210479508223,127.65629720081064,117.9646968502246,7.333510398864746,6.0,180.0
-674.0625331505905,127.0799671151598,117.22614936977358,7.333510398864746,6.0,180.0
-670.2172944152825,126.62813014742444,116.39958696625712,7.433395385742188,6.0,180.0
-666.243284652566,126.2162044645941,115.51262263834296,7.533227443695068,6.0,180.0
-662.1140041593128,125.82471307855155,114.5867492765965,7.633402824401855,6.0,180.0
-657.945001718329,125.5075054387747,113.69043424700614,7.733558177947998,6.0,180.0
-653.8883944473755,125.22403508640016,112.71685130191798,7.833571910858154,6.0,180.0
-649.8528299758527,124.86582756395931,111.60228125523136,7.93363094329834,6.0,180.0
-645.6750674251477,124.29646972859636,110.54885933118508,8.033493995666504,6.0,180.0
-641.6204287471364,123.53137792587285,109.53568607431592,8.033493995666504,6.0,180.0
-637.9995897117558,122.66805462044948,108.26579309684386,8.133398056030273,6.0,180.0
-634.6728116307935,121.78388042479112,106.67093388219766,8.233439445495605,6.0,180.0
-631.3388683959406,121.0050294839466,105.1338747005371,8.333386421203613,6.0,180.0
-627.8560708213573,120.34604003720852,103.8140107930244,8.43327522277832,6.0,180.0
-624.225434056642,119.76220770944794,102.58704848991948,8.53350830078125,6.0,180.0
-620.4303603225028,119.26730311139198,101.5926711335853,8.633539199829102,6.0,180.0
-616.6615920128223,118.80254995289688,100.841207040918,8.633539199829102,6.0,180.0
-612.9977804403259,118.21032766645594,99.90910832448084,8.73353099822998,6.0,180.0
-609.1129473519978,117.4525428970884,98.60922313347294,8.833362579345703,6.0,180.0
-605.0457187434398,116.62715940876268,97.30295108457774,8.933348655700684,6.0,180.0
-601.080995505103,115.84566576746896,96.24916846093922,9.033533096313477,6.0,180.0
-597.2184835222529,115.0507942250618,95.24837845912656,9.133490562438965,6.0,180.0
-593.3101683187535,114.22464039926972,94.13186687187324,9.233344078063965,6.0,180.0
-589.3025732449382,113.57019583197696,93.15210739521174,9.333319664001465,6.0,180.0
-585.4376231507098,113.0734723178284,92.39709407236283,9.333319664001465,6.0,180.0
-581.7881390321367,112.66505845193852,91.54457859675496,9.43352508544922,6.0,180.0
-578.1938838345591,112.365902169924,90.36431197672252,9.533631324768066,6.0,180.0
-574.6171742143637,112.13664167605546,88.97492714652572,9.63359832763672,6.0,180.0
-571.004124755186,111.9041928026379,87.6776564787247,9.733450889587402,6.0,180.0
-567.3505134024191,111.59512142190556,86.52836226377137,9.833365440368652,6.0,180.0
-563.6988102966873,111.23009314606868,85.3177062800004,9.933528900146484,6.0,180.0
-559.9642161210108,110.7324340456809,84.18663101681187,9.933528900146484,6.0,180.0
-556.2113043977388,110.062995418227,83.33500888967407,10.0334644317627,6.0,180.0
-552.787851502824,109.48102755646858,82.58345213238313,10.13339328765869,6.0,180.0
-549.741140449768,109.16290397362478,81.8135689555419,10.233323097229,6.0,180.0
-546.7565242003802,108.89397224940856,81.0578801211307,10.33335304260254,6.0,180.0
-543.7215469520438,108.4237707462097,80.29938974986217,10.43368148803711,6.0,180.0
-540.7069664640308,107.79726367065447,79.4189446058789,10.53365135192871,6.0,180.0
-537.7116148082218,107.12511023859712,78.53970962340381,10.63348007202148,6.0,180.0
-534.5476952890393,106.48278331544137,77.759488030352,10.63348007202148,6.0,180.0
-531.1172243735837,105.99966324517786,76.85502057838443,10.73358821868896,6.0,180.0
-527.672066304788,105.68874621506568,75.87059938773005,10.83354187011719,6.0,180.0
-524.2536682521028,105.44795483476278,74.96975288688424,10.93368053436279,6.0,180.0
-520.7176113249171,105.17207050224832,74.19709954494411,11.03360462188721,6.0,180.0
-517.1672080021449,104.73193843168652,73.53377430138359,11.1332483291626,6.0,180.0
-513.6532648414241,104.11422597813132,72.87006295118178,11.23339366912842,6.0,180.0
-510.1257329013637,103.55248894596876,72.12165726483829,11.33359432220459,6.0,180.0
-506.7927910963721,103.17386121258583,71.22115402760416,11.33359432220459,6.0,180.0
-503.83118299741926,102.8489074109588,70.23857656408487,11.43368625640869,6.0,180.0
-500.86166532025845,102.57580328908904,69.18472710913653,11.53365993499756,6.0,180.0
-497.6084699903876,102.31718497883756,68.012276288951,11.63347721099854,6.0,180.0
-494.3603987224422,101.90471265718688,66.76377242024728,11.73345947265625,6.0,180.0
-491.2996965974567,101.46006970321866,65.4740778294384,11.83353137969971,6.0,180.0
-488.23014464101726,101.08129888053791,64.22481162054369,11.93342304229736,6.0,180.0
-484.9570531678798,100.6184236147248,63.20350712271162,11.93342304229736,6.0,180.0
-481.5273596815821,100.01481538555797,62.569740489982586,12.03325176239014,6.0,180.0
-478.1274155911211,99.3014837688488,62.11473162768077,12.13349628448486,6.0,180.0
-474.8522346091437,98.5492762607383,61.59678225992812,12.23367214202881,6.0,180.0
-471.6539616448166,97.82509514350028,61.0479311095535,12.33356761932373,6.0,180.0
-468.51274687243927,96.9847496826665,60.42069459763376,12.43356227874756,6.0,180.0
-465.36090064583584,95.9537944406563,59.53235188143623,12.53349304199219,6.0,180.0
-462.1320887439275,95.01540031155244,58.4030105767913,12.63343334197998,6.0,180.0
-458.9608993724985,94.3907491292432,57.38495237827112,12.63343334197998,6.0,180.0
-455.7940905867555,94.01688623611729,56.663420257021286,12.73345184326172,6.0,180.0
-452.5074476526548,93.73389583149462,56.09705248306695,12.83333110809326,6.0,180.0
-449.3261395331319,93.49285557188908,55.50919162708144,12.93340682983398,6.0,180.0
-446.3177820731482,93.25923474840543,54.84831665408274,13.03355693817139,6.0,180.0
-443.22865083880095,92.97885619360342,54.15738443175315,13.13351535797119,6.0,180.0
-439.89861766456727,92.66410230743342,53.37445282357027,13.23351955413818,6.0,180.0
-436.4156110259055,92.3620610494302,52.50468000673413,13.23351955413818,6.0,180.0
-432.9182281160711,92.16945951133005,51.72269908210104,13.33334636688232,6.0,180.0
-429.4518368758698,91.893566415499,50.957346494093,13.43343448638916,6.0,180.0
-426.03171772657305,91.34596026150275,49.98634082092284,13.53354358673096,6.0,180.0
-422.6675224502456,90.72330821372888,48.94860449474154,13.63350105285645,6.0,180.0
-419.2700330647968,90.13320364532504,47.92539140054539,13.73344326019287,6.0,180.0
-415.794947917039,89.60756171508314,46.71930813033318,13.83302688598633,6.0,180.0
-412.32753794120765,89.31718530363851,45.31821817869627,13.93332958221436,6.0,180.0
-408.81878551251214,89.36490842847078,44.0213363425191,13.93332958221436,6.0,180.0
-405.2892439865778,89.4420218100292,42.90920147149857,14.0338191986084,6.0,180.0
-401.8947699979567,89.05941929479141,41.72447998024802,14.13380336761475,6.0,180.0
-398.6977896906265,88.20616667438595,40.50807107439507,14.23354244232178,6.0,180.0
-395.7397995421696,87.18033966185077,39.45044964053722,14.33334159851074,6.0,180.0
-392.8978627043654,86.25495115686986,38.65623715445177,14.43347549438477,6.0,180.0
-389.9129552665271,85.59089438845818,38.15475134302683,14.53372478485107,6.0,180.0
-386.69996774420736,85.17168321118552,37.72471759620469,14.53372478485107,6.0,180.0
-383.30602126904137,84.83234619866305,37.22844712995986,14.63342666625977,6.0,180.0
-379.7598920174182,84.3140900387901,36.80166197963331,14.73260116577148,6.0,180.0
-376.1258408326019,83.71691964816522,36.43429976978542,14.8329439163208,6.0,180.0
-372.4617130088464,83.28564274899747,35.969499193768804,14.93376731872559,6.0,180.0
-368.9215335589457,82.93546891216273,35.36788246953474,15.03391933441162,6.0,180.0
-365.7532145889502,82.43698307012207,34.49987625754208,15.13376522064209,6.0,180.0
-362.93650783660553,81.79024452405012,33.361818582716005,15.23328685760498,6.0,180.0
-360.26753991209057,81.33683277111192,32.075589803470656,15.23328685760498,6.0,180.0
-357.48339802604374,81.19335014549713,30.6208032718956,15.33335018157959,6.0,180.0
-354.3578452903276,81.13076882432549,29.316557881524894,15.43372535705566,6.0,180.0
-350.9433302316743,81.00968140489704,28.31887939588317,15.53367042541504,6.0,180.0
-347.4693291689834,80.71531677975014,27.35635416588846,15.63306427001953,6.0,180.0
-344.02427419857594,80.21726535115816,26.33935100589276,15.73333644866943,6.0,180.0
-340.62049089146905,79.63771079130082,25.42737429321395,15.83358860015869,6.0,180.0
-337.24382279215,79.06004184330035,24.7141212289029,15.93375492095947,6.0,180.0
-333.6637743914864,78.61874431573337,23.905903476329783,15.93375492095947,6.0,180.0
-329.8176873860966,78.39073681009421,22.852232201991303,16.03373146057129,6.0,180.0
-326.1227181671736,78.17904739453023,21.836206777658617,16.13354110717773,6.0,180.0
-322.7463560489881,77.70684622293244,20.9664717422462,16.23352813720703,6.0,180.0
-319.44252144255734,77.09880321012055,20.11178139542388,16.33351707458496,6.0,180.0
-316.1302402231448,76.62883794871995,19.34611031389303,16.43340110778809,6.0,180.0
-312.7734399092983,76.16717078539496,18.62508626591506,16.53362846374512,6.0,180.0
-309.34421052900706,75.55428305853239,17.705125460625784,16.53362846374512,6.0,180.0
-305.9651335659441,74.89039519946334,16.60267910956905,16.63359832763672,6.0,180.0
-302.8885405564734,74.27056591860007,15.468574635374493,16.73345756530762,6.0,180.0
-300.1934774335669,73.62112521994685,14.424979460831556,16.83352851867676,6.0,180.0
-297.6103380934119,72.84502756194551,13.39947490587853,16.93347358703613,6.0,180.0
-294.8603550904194,72.06670226993465,12.372389923081927,17.03361892700195,6.0,180.0
-291.6886036538827,71.48163356256353,11.603990006076929,17.13362121582031,6.0,180.0
-288.0216350477248,71.09088017179549,11.07505886124518,17.2334041595459,6.0,180.0
-284.1866970512792,70.54840080953745,10.484960948549036,17.2334041595459,6.0,180.0
-280.6493551195965,69.72710189008222,9.78152596180274,17.3335132598877,6.0,180.0
-277.4875077541336,69.0013997701427,9.003007004024687,17.43342781066895,6.0,180.0
-274.35340778046776,68.39884248590477,8.001838673356856,17.53350830078125,6.0,180.0
-271.21523741657643,67.79641086845777,6.888101976716635,17.63347244262695,6.0,180.0
-268.19093388951177,67.25441878448429,5.88784304535216,17.73332405090332,6.0,180.0
-265.10683070551187,66.68647580922325,5.060303659024198,17.8333911895752,6.0,180.0
-261.8570078247052,66.02392857526243,4.482140091721906,17.8333911895752,6.0,180.0
-258.50465183232967,65.2904217621511,3.975053571337522,17.93347930908203,6.0,180.0
-255.18402746540096,64.50242815830835,3.29152044632694,18.03357124328613,6.0,180.0
-252.07836790113583,63.5894264294459,2.4463235563706167,18.13363075256348,6.0,180.0
-249.2906629959057,62.62105524758432,1.5652615795700182,18.2335033416748,6.0,180.0
-246.71399529296133,61.875248038242034,0.7450525828058652,18.33332061767578,6.0,180.0
-244.10988232927,61.36717231221612,-0.0133040118291098,18.43339347839355,6.0,180.0
-241.35923675638207,60.94242811723413,-0.5752542862367385,18.5335750579834,6.0,180.0
-238.55221324928496,60.56704229048357,-0.7864398998368962,18.5335750579834,6.0,180.0
-235.7019224070967,60.17126148128489,-1.0682591423055925,18.63356018066406,6.0,180.0
-232.6617236677777,59.7240021762024,-1.7219145043789492,18.73352241516113,6.0,180.0
-229.45674428169767,59.25008738540522,-2.5004397201470887,18.83340835571289,6.0,180.0
-226.23039390187463,58.781822611616185,-3.296777068397743,18.93341636657715,6.0,180.0
-222.97363393736296,58.331697173274215,-4.031127833370277,19.03363990783691,6.0,180.0
-219.6615702698081,57.85035559623199,-4.744759977313917,19.13366508483887,6.0,180.0
-216.485208780124,57.48898853854551,-5.578705591483564,19.13366508483887,6.0,180.0
-213.6084412589753,57.35484961476195,-6.482418657612673,19.23349189758301,6.0,180.0
-210.8178966135385,57.371835209320814,-7.310532375072986,19.33340454101562,6.0,180.0
-207.8986582928039,57.43577755191764,-8.088300330144806,19.43321800231934,6.0,180.0
-204.87486891951224,57.30972584853288,-9.14146056888366,19.53357124328613,6.0,180.0
-201.68623169207848,56.80885488644461,-10.416100799791437,19.63368034362793,6.0,180.0
-198.39073248782452,55.99317607144225,-11.447758365834453,19.73352432250977,6.0,180.0
-195.2647028357152,55.06154901904894,-12.256738531500268,19.83355903625488,6.0,180.0
-192.29594931112464,54.20876668887935,-13.24830738836227,19.83355903625488,6.0,180.0
-189.27419368129023,53.44658148938176,-14.43872188239724,19.93343353271484,6.0,180.0
-186.09835057207928,52.69655939848775,-15.456868813882064,20.03354454040527,6.0,180.0
-182.8580042632833,52.02407529065118,-16.143433061563094,20.13363456726074,6.0,180.0
-179.72276383572165,51.5328654108817,-16.636687248074658,20.23345375061035,6.0,180.0
-176.74292597169097,51.304189673243606,-17.182725552225186,20.3334903717041,6.0,180.0
-173.86727914888925,51.19113152802096,-17.905642494488507,20.43351936340332,6.0,180.0
-171.03724847293574,50.90563814017831,-18.743655016321984,20.53362846374512,6.0,180.0
-168.33631786636568,50.325594085180775,-19.74843534465294,20.53362846374512,6.0,180.0
-165.66232963456633,49.553806048944885,-20.73383107041358,20.63345336914062,6.0,180.0
-162.7910285522639,48.95892566376677,-21.435339427415453,20.73342514038086,6.0,180.0
-159.7608671768161,48.70335083337636,-21.99270765146714,20.83320426940918,6.0,180.0
-156.7062779600352,48.49477994195551,-22.58207046892852,20.93338203430176,6.0,180.0
-153.48418305883814,47.99471145689356,-23.204538153120428,21.03372955322266,6.0,180.0
-150.04661432038048,47.29358300530107,-23.890016911898933,21.13314056396484,6.0,180.0
-146.68542029839247,46.85877810617395,-24.649297143825287,21.13314056396484,6.0,180.0
-143.442930535551,46.69562212031339,-25.27143271839418,21.23287391662598,6.0,180.0
-140.39123125869088,46.40903191288209,-25.68442385306752,21.33344841003418,6.0,180.0
-137.5757760061503,46.00906873719465,-25.99888408106589,21.43387222290039,6.0,180.0
-134.86718822283308,45.65731709311947,-26.213630866716528,21.53378868103027,6.0,180.0
-132.27924287862515,45.41835686792157,-26.393811296893087,21.63372421264648,6.0,180.0
-129.81492834484283,45.22553355191611,-26.72839820861838,21.73363876342773,6.0,180.0
-127.45656295111672,44.721455825681424,-27.269145712241,21.83369445800781,6.0,180.0
-125.12581733927972,43.884011339300166,-27.986734822301152,21.83369445800781,6.0,180.0
-122.69364130687498,43.10562059897784,-28.71688982606201,21.93354225158691,6.0,180.0
-120.05128155190371,42.407786712346514,-29.245667829334494,22.03301048278809,6.0,180.0
-117.1731606301503,41.58585983743989,-29.59344874648984,22.13277626037598,6.0,180.0
-114.14740119682403,40.73841489080141,-29.78781799593321,22.23320388793945,6.0,180.0
-111.08031184055451,40.08366829655909,-29.94273867667621,22.33373069763184,6.0,180.0
-107.98997492731183,39.72684608894755,-30.270042864964907,22.43377304077148,6.0,180.0
-104.93284220242823,39.55875471079968,-30.87161927654837,22.43377304077148,6.0,180.0
-101.98651061006318,39.27532697734581,-31.826077741158866,22.53355598449707,6.0,180.0
-99.14805410933528,38.88678958030907,-32.94203985711694,22.63359069824219,6.0,180.0
-96.52470617547202,38.616840065278055,-33.891622752664645,22.7335205078125,6.0,180.0
-94.05438855976294,38.36500462476581,-34.686648547472544,22.83351516723633,6.0,180.0
-91.52746229258923,38.02244073323951,-35.297882587348965,22.93352508544922,6.0,180.0
-88.92462597067639,37.603558201345486,-35.677548970665974,23.03314399719238,6.0,180.0
-86.33094037146522,37.09469082257917,-35.98368511874229,23.13345146179199,6.0,180.0
-83.86037633449192,36.55457275442029,-36.519686493126265,23.13345146179199,6.0,180.0
-81.44832081844939,36.02859218002928,-37.51026334152101,23.23373794555664,6.0,180.0
-78.71265176249477,35.512626396962986,-38.6402910898791,23.33363151550293,6.0,180.0
-75.45503558082268,34.94244081323722,-39.58323345089161,23.43356513977051,6.0,180.0
-72.0483462721242,34.18721205260944,-40.2992426523478,23.53358840942383,6.0,180.0
-68.84276798298887,33.2909723954541,-40.90382332575661,23.63352203369141,6.0,180.0
-65.85480171996703,32.56871878066091,-41.55216124435755,23.7335205078125,6.0,180.0
-63.08977104413785,32.159460236831464,-42.17467185649983,23.7335205078125,6.0,180.0
-60.56273048346025,31.9485660280402,-42.59730150296478,23.83353042602539,6.0,180.0
-58.2414180237832,31.892326254838487,-42.75314890322989,23.93346977233887,6.0,180.0
-56.081198004428266,31.870948458525174,-42.853964140817446,24.03351974487305,6.0,180.0
-54.02056091877956,31.696849350666486,-43.20779163067573,24.13350105285645,6.0,180.0
-51.88325285517654,31.36056121944508,-43.86807782443721,24.23336029052734,6.0,180.0
-49.505646013271296,30.836254152596624,-44.63906033581497,24.33343505859375,6.0,180.0
-47.013071103510605,30.242098458639497,-45.310664014233126,24.4334774017334,6.0,180.0
-44.519253589578696,29.791067800159023,-45.84102663224616,24.4334774017334,6.0,180.0
-42.01555655496572,29.374440858278085,-46.30135043660107,24.53332901000977,6.0,180.0
-39.38793494291686,29.019368393522303,-46.60298231229562,24.63357162475586,6.0,180.0
-36.4894663727364,28.779571347996537,-46.69218300862545,24.73346519470215,6.0,180.0
-33.47438799725519,28.55742010310509,-46.79934405328717,24.83351516723633,6.0,180.0
-30.406232407287725,28.33854046405848,-47.13119256158362,24.93356895446777,6.0,180.0
-27.320254497683926,28.03758287188948,-47.6115370116038,25.03335762023926,6.0,180.0
-24.507086438287537,27.560914332827963,-48.077293054156456,25.03335762023926,6.0,180.0
-22.104070582575154,26.899031404904783,-48.51667468664003,25.13339996337891,6.0,180.0
-19.85447321959261,26.15615833723397,-48.88976069501675,25.2335090637207,6.0,180.0
-17.40498509456954,25.377418852008965,-49.099005556803775,25.33356857299805,6.0,180.0
-14.764089739037132,24.47190290125536,-49.28496632494233,25.43369674682617,6.0,180.0
-12.129767223942729,23.447950348778765,-49.66223048229712,25.5334587097168,6.0,180.0
-9.496948054018198,22.32232327838397,-50.18456356952113,25.63331985473633,6.0,180.0
-6.797052310836236,21.24157523346884,-50.74395567150003,25.73340034484863,6.0,180.0
-4.054042006276809,20.619054221327826,-51.21065736766104,25.73340034484863,6.0,180.0
-1.3384571627207509,20.3490163648746,-51.57287788531063,25.83346176147461,6.0,180.0
1.1516263020689266,19.97675485931812,-52.06291393632354,25.93351554870605,6.0,180.0
3.337990630938009,19.53124343963363,-52.6203744072817,26.03348922729492,6.0,180.0
5.272213093351908,19.13591898619193,-52.9879450543943,26.13352012634277,6.0,180.0
6.962621157715688,18.7894097480591,-53.19471381812743,26.23358154296875,6.0,180.0
8.548283988062693,18.48507591739429,-53.38085876998993,26.33358955383301,6.0,180.0
10.262107757900829,18.13904219516713,-53.68446489946841,26.43340110778809,6.0,180.0
12.467051876603058,17.836376123195258,-54.20452057151786,26.43340110778809,6.0,180.0
15.196187500897302,17.625771852492143,-54.83265382336764,26.53348731994629,6.0,180.0
17.814819791418927,17.330937087438876,-55.36952252771098,26.63346099853516,6.0,180.0
20.069246591456093,16.991161209987112,-55.83574023416362,26.7335262298584,6.0,180.0
22.28525542175205,16.681939331312346,-56.34663671302175,26.83362579345703,6.0,180.0
24.50974828612265,16.3290616912671,-56.792860540774456,26.93353271484375,6.0,180.0
26.53584128025181,16.016879181019917,-57.23676980569745,27.0335636138916,6.0,180.0
28.4829434347618,15.87458371322792,-57.76593836707958,27.0335636138916,6.0,180.0
30.71712781875052,15.783672352271273,-58.19642328209415,27.13355827331543,6.0,180.0
33.18270265602451,15.549335960452131,-58.41070700550286,27.23337745666504,6.0,180.0
35.61048915107763,15.19656415727903,-58.44770181765764,27.33344078063965,6.0,180.0
38.02795990043048,14.83006917145932,-58.50667344785799,27.43357467651367,6.0,180.0
40.53028993172808,14.40039417414194,-58.61084378755967,27.53353881835938,6.0,180.0
43.111707950242334,13.831337025613797,-58.60973242974315,27.63361167907715,6.0,180.0
45.64708926034906,13.1141209159122,-58.5714002811288,27.73359298706055,6.0,180.0
47.97100715957791,12.19446978793783,-58.687458118475206,27.73359298706055,6.0,180.0
50.07239932810498,11.170844235885454,-59.03775173401896,27.83345222473145,6.0,180.0
52.129100784006,10.202515614335898,-59.47109520523716,27.93355178833008,6.0,180.0
54.33734471162062,9.383030244271234,-59.81919829373047,28.03326988220215,6.0,180.0
56.67945952799043,8.85149659305273,-60.185259846799084,28.13342666625977,6.0,180.0
59.0264870766524,8.541791175294856,-60.64881077741697,28.2335033416748,6.0,180.0
61.30851640233016,8.359228923137316,-61.04456122804591,28.33341598510742,6.0,180.0
63.72152777271022,8.181201227533048,-61.40407794267753,28.33341598510742,6.0,180.0
66.31172645954372,7.916110882345364,-62.08628502988228,28.43353271484375,6.0,180.0
68.8172343176489,7.687659178978286,-63.10067555240351,28.53321647644043,6.0,180.0
71.17641796050702,7.582498100587991,-63.98095071174564,28.63321876525879,6.0,180.0
73.30014030329932,7.618226122382174,-64.60376233696391,28.73348999023438,6.0,180.0
75.20027521661152,7.561825035982727,-65.02349354370314,28.8336238861084,6.0,180.0
77.17424200185303,7.313580968985519,-65.17217936288216,28.93353843688965,6.0,180.0
79.30280618728453,7.182221876227239,-65.28553420084219,29.03347206115723,6.0,180.0
81.27997792079127,7.233624096309397,-65.5447662141807,29.03347206115723,6.0,180.0
82.92453137824158,7.185415233192355,-65.94206777170405,29.13343620300293,6.0,180.0
84.52840600257478,6.897958316764303,-66.3052916875667,29.2335319519043,6.0,180.0
86.21390515762171,6.451940534841825,-66.4588378558922,29.33358573913574,6.0,180.0
87.86963732957003,6.054655019563153,-66.61336387953821,29.43314361572266,6.0,180.0
89.73513126427382,5.826638268067173,-66.85229143001786,29.53299713134766,6.0,180.0
91.93354121048483,5.640672114431906,-67.03836365041622,29.63362121582031,6.0,180.0
94.44332285516778,5.445075044769784,-67.28361283477443,29.63362121582031,6.0,180.0
97.22083187563196,5.115894986042489,-67.73148487923514,29.73381614685059,6.0,180.0
100.04823375098452,4.536079645121893,-68.29120412880555,29.83370208740234,6.0,180.0
102.9367796175746,3.9197929143634,-68.83232858253838,29.93365669250488,6.0,180.0
105.69505930658543,3.345109401979453,-69.27345106520346,30.03346824645996,6.0,180.0
107.9580807619588,2.7517017280397944,-69.52306333938245,30.13361740112305,6.0,180.0
109.94492923807609,2.148651637321155,-69.6995010161996,30.23357200622559,6.0,180.0
111.98177191956933,1.554253322664275,-70.11741216246791,30.33352851867676,6.0,180.0
113.96690845489309,1.232123124769922,-70.7592858478886,30.33352851867676,6.0,180.0
115.79848904976149,1.269622267266369,-71.29914991623117,30.43326187133789,6.0,180.0
117.60869435004928,1.148692457559493,-71.60443680510774,30.53348731994629,6.0,180.0
119.37473881618692,0.722346378085394,-71.90086111297768,30.63377380371094,6.0,180.0
120.96495349710884,0.2711444140288197,-72.54054347938374,30.73359680175781,6.0,180.0
122.42343268959964,-0.3240912877666257,-73.42639046209138,30.83337783813477,6.0,180.0
123.74021486387726,-0.96279726405964,-74.10415835435147,30.93340873718262,6.0,180.0
125.03870827346203,-1.2228595131741002,-74.53148412248007,31.03346633911133,6.0,180.0
126.48118735227791,-1.1430696886047862,-74.94629573811419,31.03346633911133,6.0,180.0
128.03051942233506,-1.1048113971008728,-75.4324589657999,31.13344955444336,6.0,180.0
129.53554259960617,-1.2084637249917218,-76.004624490448,31.23360061645508,6.0,180.0
131.021386031443,-1.2937082938178186,-76.60970507991719,31.33346748352051,6.0,180.0
132.6996424568843,-1.3002245838619366,-77.07059530009518,31.43332862854004,6.0,180.0
134.4422367353541,-1.1903095536887935,-77.24655813717226,31.5334300994873,6.0,180.0
136.34144149463472,-1.0469301850225996,-77.1463516808927,31.63350296020508,6.0,180.0
138.52565774451955,-1.2144999761867208,-76.85272147342361,31.63350296020508,6.0,180.0
140.82096426451247,-1.7224817896192075,-76.60713481112225,31.73341178894043,6.0,180.0
143.07733812648274,-2.288358665241544,-76.68134747504565,31.83354568481445,6.0,180.0
145.12042406728622,-2.879901292562641,-77.12470669092322,31.93351173400879,6.0,180.0
146.94530064730884,-3.467467758588695,-77.79459055750773,32.03349685668945,6.0,180.0
148.67269540973888,-4.061756204194467,-78.52027181967968,32.13357925415039,6.0,180.0
150.53569427575468,-4.775995985647249,-79.23848403806404,32.23359298706055,6.0,180.0
152.6664328442509,-5.562358295221731,-79.7324062718194,32.33347702026367,6.0,180.0
154.8445985101678,-6.352275579827063,-79.94082643995364,32.33347702026367,6.0,180.0
156.83425131937497,-6.947673114289666,-80.13021395286522,32.43341445922852,6.0,180.0
158.59684389428105,-7.230168306890739,-80.31046306266681,32.53334808349609,6.0,180.0
160.25677775803996,-7.413954726650664,-80.43959907529637,32.63352203369141,6.0,180.0
161.88477462338787,-7.631972910528649,-80.5977908428028,32.7336540222168,6.0,180.0
163.35222568083407,-7.88820265700226,-80.8171894591855,32.83344268798828,6.0,180.0
164.74091836679167,-8.269411925266809,-81.13609728705903,32.93349456787109,6.0,180.0
166.3665610826858,-8.722187409364956,-81.45004864134611,32.93349456787109,6.0,180.0
168.20203756345467,-9.05264128302634,-81.70498460780016,33.0334358215332,6.0,180.0
169.97652651760723,-9.258257922583615,-82.14643772105329,33.13348770141602,6.0,180.0
171.66765007809352,-9.46398123041249,-82.83501844786453,33.23361587524414,6.0,180.0
173.37189903886963,-9.774392656280336,-83.70345381199027,33.33349227905273,6.0,180.0
175.19722953483063,-10.07036248946831,-84.75351240548598,33.4335823059082,6.0,180.0
177.03968337789922,-10.2211169066638,-85.72515605340762,33.53359985351562,6.0,180.0
178.5627196529304,-10.407170623182232,-86.32495460880088,33.63349533081055,6.0,180.0
179.95010391601096,-10.771853409865123,-86.55298801615292,33.63349533081055,6.0,180.0
181.5985038748452,-11.221868535287706,-86.55007278229394,33.73350524902344,6.0,180.0
183.37830126270305,-11.611408352839444,-86.45917956087563,33.83348846435547,6.0,180.0
185.1450711058225,-11.90060412634772,-86.46531301750275,33.9333381652832,6.0,180.0
187.0611374989905,-12.100578664272511,-86.61045801442354,34.03350830078125,6.0,180.0
189.0746595416192,-12.20326979828845,-86.79781310719757,34.13352966308594,6.0,180.0
191.04681410976863,-12.231544538484597,-87.01120179574289,34.23348617553711,6.0,180.0
192.97206213689643,-12.30261739274329,-87.33890490986661,34.23348617553711,6.0,180.0
194.83244722140964,-12.59912784103606,-87.75339010024126,34.33362197875977,6.0,180.0
196.62379445392577,-13.214404275659248,-88.13399913352106,34.43342971801758,6.0,180.0
198.3349181141843,-13.927609722023629,-88.61127136646401,34.53347778320312,6.0,180.0
200.0967283970084,-14.527778417470213,-89.30000714138392,34.63352584838867,6.0,180.0
201.84148750140588,-15.108291430625655,-90.08167127653796,34.73342895507812,6.0,180.0
203.19157826611536,-15.668875320309414,-90.82161268127538,34.83355331420898,6.0,180.0
204.2286223722012,-16.115574416037994,-91.431877479366,34.93357086181641,6.0,180.0
205.1936010011508,-16.383687336784106,-91.78594936811224,34.93357086181641,6.0,180.0
206.09609740890744,-16.451613642134976,-91.75691947474148,35.03347778320312,6.0,180.0
207.2525443883885,-16.532198861928165,-91.56117956938913,35.13331604003906,6.0,180.0
208.7248299484258,-16.707150218531385,-91.52560597287146,35.23340606689453,6.0,180.0
210.0973652737818,-16.85379203229477,-91.53485764813968,35.33345794677734,6.0,180.0
211.1914470202105,-17.10122555063201,-91.42716308837235,35.43350219726562,6.0,180.0
212.2254826183884,-17.425744098484582,-91.35996185443872,35.53348541259766,6.0,180.0
213.4448738493904,-17.7197405829357,-91.41836268233796,35.63331604003906,6.0,180.0
214.67313894798173,-18.07623441262401,-91.29269889876532,35.63331604003906,6.0,180.0
215.6633387534048,-18.29916490398924,-90.88389282672136,35.73351287841797,6.0,180.0
216.56462351293112,-18.291038791500505,-90.72634616780704,35.83354568481445,6.0,180.0
217.55786479694024,-18.33847698971376,-90.8959651394323,35.93322372436523,6.0,180.0
218.6370820306828,-18.61147338729451,-90.94142371724544,36.03334808349609,6.0,180.0
219.64448819956945,-19.03793997630929,-90.65348895586204,36.13335037231445,6.0,180.0
220.40736073006212,-19.52051730889127,-90.04392319933056,36.23350143432617,6.0,180.0
221.3011944041596,-19.967498971044016,-89.47398806244786,36.23350143432617,6.0,180.0
222.6764380245406,-20.232657196983887,-89.359845561173,36.33368301391602,6.0,180.0
224.23687113081144,-20.304206620864413,-89.85803148262382,36.4334831237793,6.0,180.0
225.7507245544977,-20.30361584483957,-90.75392166604956,36.53335189819336,6.0,180.0
227.3150482041069,-20.345074138197063,-91.61833549197144,36.63330459594727,6.0,180.0
228.8613178582417,-20.41459500953416,-92.32445829658865,36.73371887207031,6.0,180.0
230.21473049248783,-20.42971845867288,-92.83134534879152,36.83348846435547,6.0,180.0
231.3897797606582,-20.44509020714293,-92.97608446924336,36.93320465087891,6.0,180.0
232.3956475911224,-20.535746686258555,-92.8902495690392,36.93320465087891,6.0,180.0
233.17347080588712,-20.672270671126203,-92.93677700715654,37.03363037109375,6.0,180.0
233.92397826655693,-20.78912300792931,-93.16089972900194,37.13383102416992,6.0,180.0
235.00041308982225,-20.92063001827941,-93.54934399973328,37.23362731933594,6.0,180.0
236.26172758872525,-21.184073868713742,-94.15630876963412,37.33356857299805,6.0,180.0
237.4097579156351,-21.6285516906998,-94.7524406461813,37.43341445922852,6.0,180.0
238.64158246891697,-22.25011159917197,-95.18366073336288,37.53343963623047,6.0,180.0
240.2237812614958,-23.02191038324388,-95.5338731123147,37.53343963623047,6.0,180.0
242.04569345807283,-23.75909606269716,-95.7260079413164,37.63351058959961,6.0,180.0
243.78141090411725,-24.26313520953372,-95.64156797764925,37.73353576660156,6.0,180.0
245.29998123687423,-24.556429587089823,-95.4651700093114,37.83330535888672,6.0,180.0
246.71840829456207,-24.803091446115506,-95.34667048888032,37.9334831237793,6.0,180.0
248.10788681059543,-24.979186939095776,-95.28895832680448,38.03364562988281,6.0,180.0
249.44496103698805,-24.94162071837217,-95.4028819515958,38.133544921875,6.0,180.0
250.6320764723535,-24.7701970485928,-95.68925444905324,38.23367691040039,6.0,180.0
251.56413343875496,-24.663627071875165,-96.01347194697952,38.23367691040039,6.0,180.0
252.31650503727,-24.5928902235198,-96.27018591742883,38.33354568481445,6.0,180.0
253.14754436202523,-24.328864289366614,-96.37268038941296,38.43354415893555,6.0,180.0
254.1554132559205,-24.06090417230123,-96.26959154548732,38.53359222412109,6.0,180.0
255.254877498172,-24.161299626377424,-95.99065562668692,38.63340377807617,6.0,180.0
256.5277484271515,-24.642245295677537,-95.77702524540662,38.73353576660156,6.0,180.0
258.0961750823557,-25.289480902164648,-95.80002294339369,38.83357238769531,6.0,180.0
259.5849474710532,-25.86476586231093,-95.94924421241984,38.83357238769531,6.0,180.0
260.6336754526256,-26.40779012530117,-96.12698784507754,38.9334831237793,6.0,180.0
261.4843063485881,-27.005911248601222,-96.21294072821487,39.03359603881836,6.0,180.0
262.292541129301,-27.49739998910971,-96.02658258204342,39.13325881958008,6.0,180.0
263.1868222112768,-27.763241591080853,-95.58908267388658,39.23336029052734,6.0,180.0
264.3373044649198,-27.81444287173964,-95.1763615916727,39.33345794677734,6.0,180.0
265.6852739952138,-27.78804929972854,-94.99042348743504,39.43338775634766,6.0,180.0
267.1689460117839,-27.966056528478084,-95.0014800415338,39.53334808349609,6.0,180.0
268.68667819656497,-28.39133524743545,-95.17411899377996,39.53334808349609,6.0,180.0
270.13000940796974,-28.7777387364537,-95.48919695662607,39.63341522216797,6.0,180.0
271.7317591128455,-28.985428207769885,-95.86551834956056,39.73354721069336,6.0,180.0
273.72028131109494,-29.088255648425005,-96.30442948846488,39.8336067199707,6.0,180.0
275.6778907028078,-29.19023375540869,-96.81356352541415,39.93350219726562,6.0,180.0
277.2371889544229,-29.31379876711009,-97.33121929892768,40.03350067138672,6.0,180.0
278.5380113039067,-29.36133105449877,-97.89838464574603,40.13356018066406,6.0,180.0
279.6609568358196,-29.37777195098152,-98.4082335037207,40.13356018066406,6.0,180.0
280.5234755515671,-29.466032845655604,-98.5953540772894,40.23358154296875,6.0,180.0
281.22039519447634,-29.47653111813312,-98.4673305103155,40.33352661132812,6.0,180.0
282.0080193109185,-29.361328922645846,-98.40736186952506,40.43354415893555,6.0,180.0
283.1568188682372,-29.48250137233329,-98.72909375398656,40.53350448608398,6.0,180.0
284.7087908288596,-30.00696398186078,-99.30082725753428,40.6334342956543,6.0,180.0
286.2015932740884,-30.546442501923888,-99.83780204612822,40.73349761962891,6.0,180.0
287.482594029539,-30.854218831240885,-100.25543630702715,40.83348083496094,6.0,180.0
288.58907913654457,-31.07525991477365,-100.38069859383764,40.83348083496094,6.0,180.0
289.3114924118842,-31.305037294269376,-100.03651457353156,40.93336486816406,6.0,180.0
289.7554206171805,-31.55841210512813,-99.55864692848532,41.03345108032227,6.0,180.0
290.03903805472663,-31.903544104185592,-99.16749881329484,41.13334655761719,6.0,180.0
290.41706215408215,-32.25487040768326,-98.93941094405427,41.23350524902344,6.0,180.0
291.2911594131024,-32.38484862111867,-99.01806801523044,41.33356857299805,6.0,180.0
292.6902483034499,-32.44084050604792,-99.0942520155918,41.43346405029297,6.0,180.0
294.24031236667884,-32.83774586073553,-99.06217901502332,41.53356170654297,6.0,180.0
295.6741531329986,-33.505375001403,-99.16161397485358,41.53356170654297,6.0,180.0
297.0743609325493,-34.00359631092839,-99.44184859094037,41.63361740112305,6.0,180.0
298.36473190636514,-34.353902784313355,-99.8430622623154,41.733642578125,6.0,180.0
299.5190240876342,-34.80731425359697,-100.34307151235411,41.83364868164062,6.0,180.0
300.8053076518477,-35.31967543581146,-101.03148375902312,41.93350601196289,6.0,180.0
302.2757138001403,-35.77128290999815,-101.73677906021884,42.03351593017578,6.0,180.0
303.6520122330652,-36.17889426438577,-102.13633277595171,42.13352584838867,6.0,180.0
304.4732543793837,-36.544636277093474,-102.20769176921496,42.13352584838867,6.0,180.0
304.83866455839234,-36.65251068008296,-102.32816455873528,42.23353576660156,6.0,180.0
305.5322310269829,-36.535514715832974,-102.72720461882128,42.33355712890625,6.0,180.0
306.7751063427221,-36.45859749285657,-103.15305702003673,42.43349456787109,6.0,180.0
308.52800616996376,-36.43610441260589,-103.61128008144814,42.53335952758789,6.0,180.0
310.80299607597067,-36.518415709597065,-104.11066999967883,42.63344955444336,6.0,180.0
313.4202574036675,-36.8683244980236,-104.53682982260784,42.73346710205078,6.0,180.0
316.07398466505884,-37.43114722592127,-104.94619710547828,42.83344650268555,6.0,180.0
318.041820866356,-38.020878492250375,-105.1388538817192,42.83344650268555,6.0,180.0
319.1662106693434,-38.51532926353927,-104.99485806879795,42.93355560302734,6.0,180.0
320.0804169130339,-38.8539913542142,-104.7677120649514,43.03350830078125,6.0,180.0
321.06030862790635,-39.12360488635648,-104.60065296627964,43.13340759277344,6.0,180.0
321.5709162298914,-39.39375225387265,-104.21006933329927,43.23346710205078,6.0,180.0
321.08843510264427,-39.52016573561217,-103.4425657591442,43.33332443237305,6.0,180.0
319.91062331989446,-39.43574322294013,-102.4632040925421,43.43338775634766,6.0,180.0
318.8507067180474,-39.367861461378254,-101.51751173586187,43.43338775634766,6.0,180.0
318.4892674641211,-39.53536962617665,-100.8798486650696,43.53359603881836,6.0,180.0
318.5121675845792,-39.91602102973892,-100.57550958559156,43.63344573974609,6.0,180.0
318.5726447060279,-40.34608415037511,-100.61244681541956,43.73355865478516,6.0,180.0
318.83691610440826,-40.75846857453594,-100.88021793377234,43.83353805541992,6.0,180.0
319.4585649242909,-41.24725790267123,-101.16431300253645,43.93328094482422,6.0,180.0
320.2171656219247,-41.76144815762312,-101.40462392338829,44.03350448608398,6.0,180.0
320.85254745781594,-42.01832129604019,-101.6129927115438,44.13343048095703,6.0,180.0
321.29319599869405,-41.88235467732632,-101.7725512195924,44.13343048095703,6.0,180.0
321.4835286511521,-41.63674773693697,-101.70870233821124,44.23320388793945,6.0,180.0
321.683852814984,-41.472150382504736,-101.55532253168454,44.33353805541992,6.0,180.0
322.0866501250772,-41.40403274166186,-101.71733399675804,44.43350601196289,6.0,180.0
322.63736920890346,-41.47795370138609,-102.22401812294056,44.53357696533203,6.0,180.0
323.4490739099847,-41.6111879392688,-102.88474944662734,44.63349914550781,6.0,180.0
324.57448623245955,-41.80846382859882,-103.42255544778683,44.73346710205078,6.0,180.0
325.77449107252465,-42.121698468164354,-103.62443316839554,44.73346710205078,6.0,180.0
326.8377832550537,-42.54319291556633,-103.62543402872274,44.83355331420898,6.0,180.0
327.75817636932345,-42.98448493477613,-103.54032794521731,44.93356704711914,6.0,180.0
328.73652505638023,-43.36928318713312,-103.50063960377815,45.03357696533203,6.0,180.0
329.615315557262,-43.6054035062273,-103.5151291929906,45.13351821899414,6.0,180.0
329.9519052404408,-43.61621522619396,-103.49613931134716,45.2335319519043,6.0,180.0
329.9669683340448,-43.50606644774483,-103.53085542713872,45.33345794677734,6.0,180.0
330.05238311330163,-43.36709727946189,-103.58453425983538,45.43350982666016,6.0,180.0
330.311660488516,-43.34964328924583,-103.59885476209814,45.43350982666016,6.0,180.0
330.8733979128384,-43.54498388458494,-103.61335523132956,45.5335693359375,6.0,180.0
331.45608741699294,-43.78065236426362,-103.6166386695709,45.63348388671875,6.0,180.0
331.6554782198889,-43.95953539722437,-103.62161429483086,45.7333984375,6.0,180.0
331.7568440852891,-44.18249122450638,-103.61587208131247,45.83348083496094,6.0,180.0
332.1602618629787,-44.50388381565898,-103.45857711462703,45.93347930908203,6.0,180.0
332.6799628057904,-44.78428310631395,-103.27368582473606,46.03360366821289,6.0,180.0
333.1010774259763,-44.85974336226995,-103.13141858963508,46.13350296020508,6.0,180.0
333.63159168834613,-44.76972211808939,-103.0808039512294,46.13350296020508,6.0,180.0
334.352934908345,-44.6693899530296,-103.30740382946895,46.23347473144531,6.0,180.0
335.0423063715786,-44.65175381684568,-103.59182586502315,46.33353805541992,6.0,180.0
335.5270701617188,-44.55332672659306,-103.77140905714602,46.43339538574219,6.0,180.0
335.77938715059213,-44.24320561374801,-104.0548483941452,46.53353500366211,6.0,180.0
335.79882166824314,-43.83395132205841,-104.4575761625868,46.63340759277344,6.0,180.0
335.8312842363374,-43.39756119058923,-104.82878154628862,46.73339080810547,6.0,180.0
336.33526146711404,-43.02365607749148,-105.06537583533706,46.73339080810547,6.0,180.0
337.2717789393954,-42.83870272237308,-104.97427962820186,46.83346176147461,6.0,180.0
338.13866648650446,-42.8863553986878,-104.66037098675037,46.93339920043945,6.0,180.0
338.6303558588943,-43.11148693378571,-104.4352064334493,47.03354644775391,6.0,180.0
338.8566118751505,-43.44629887070411,-104.33916503648288,47.1335334777832,6.0,180.0
339.2466533075017,-43.90533931884381,-104.34922863058196,47.23343658447266,6.0,180.0
340.1417273935516,-44.37307579872009,-104.50397869455082,47.33346939086914,6.0,180.0
341.37626743448976,-44.62280182029224,-104.83109595145946,47.4334716796875,6.0,180.0
342.5896779203347,-44.60952536538578,-105.22283362019384,47.4334716796875,6.0,180.0
343.5642884809363,-44.48580296115666,-105.45061637515452,47.53348541259766,6.0,180.0
344.1499315180853,-44.35230139690891,-105.60033641472693,47.63348007202148,6.0,180.0
344.41431319507205,-44.10498151527022,-106.05555067749675,47.73337936401367,6.0,180.0
344.63456222206446,-43.852395596363735,-106.84863988289318,47.8333740234375,6.0,180.0
344.88974666486814,-43.804408022096965,-107.33304704156636,47.93352508544922,6.0,180.0
345.0866711331097,-43.74334361179558,-107.16208887138866,48.03368377685547,6.0,180.0
345.1083536115325,-43.4909391942187,-106.73780612720446,48.03368377685547,6.0,180.0
344.9091766614691,-43.31815667509791,-106.38574150754673,48.13357162475586,6.0,180.0
344.7038107849562,-43.432677504729554,-106.20952049766098,48.23347854614258,6.0,180.0
344.7342248134863,-43.59242688857475,-106.25408186068816,48.33339309692383,6.0,180.0
344.9706972488006,-43.49876700493704,-106.48474546102813,48.43344497680664,6.0,180.0
345.3278060477604,-43.21454302702018,-106.7073246000388,48.53362274169922,6.0,180.0
345.89007999444874,-42.946340629488525,-106.7013267894977,48.63354110717773,6.0,180.0
346.772833254773,-42.59678716081342,-106.68152846017824,48.73362350463867,6.0,180.0
348.08286566709063,-42.18252127155026,-107.0140688367868,48.73362350463867,6.0,180.0
349.50908261004025,-42.07013561497138,-107.56585272527312,48.83352661132812,6.0,180.0
350.47700986284264,-42.26960559489267,-108.14947423223563,48.93346786499023,6.0,180.0
350.9999163118149,-42.4760369700594,-108.6825647650398,49.03356552124023,6.0,180.0
351.26764177598056,-42.47689557761696,-108.89938803268544,49.13346862792969,6.0,180.0
351.2914246443649,-42.31391435358484,-108.7569254196046,49.23336410522461,6.0,180.0
351.4092137641577,-42.20581799457099,-108.60878320596728,49.33356094360352,6.0,180.0
351.7773710367715,-42.25462956247715,-108.68064950518006,49.33356094360352,6.0,180.0
352.07578238080225,-42.46614332635664,-108.88934273461336,49.43354034423828,6.0,180.0
352.25221825737896,-42.78106529647901,-109.21637766727034,49.53355407714844,6.0,180.0
352.36173929002496,-43.10977604204011,-109.5278564299561,49.63362121582031,6.0,180.0
352.4754866209788,-43.43533365392269,-109.81560270283568,49.73356246948242,6.0,180.0
352.7158652539081,-43.72009647937705,-110.2727279089804,49.83353042602539,6.0,180.0
352.88693300641137,-43.772063261724405,-110.6510504251693,49.93348693847656,6.0,180.0
352.85951364135434,-43.41648962625781,-110.69441465392484,50.03341674804688,6.0,180.0
352.82553899358595,-42.819479784952826,-110.41842463050097,50.03341674804688,6.0,180.0
352.8819751178902,-42.20426540413703,-109.88284527095628,50.13338851928711,6.0,180.0
352.9463845449005,-41.70310914085844,-109.2740194919346,50.23340606689453,6.0,180.0
353.11783558204337,-41.35790957467459,-108.87273088729644,50.33350372314453,6.0,180.0
353.5773983790586,-41.01238641168379,-108.87880780902636,50.43347549438477,6.0,180.0
354.30338637876343,-40.7342956730686,-109.10024649613533,50.53345489501953,6.0,180.0
355.0564376733413,-40.59818244563531,-109.3412677492383,50.63346862792969,6.0,180.0
355.74242533021936,-40.58085790451284,-109.58628427425582,50.73345565795898,6.0,180.0
356.4538931593631,-40.76276971155976,-109.61637529835212,50.73345565795898,6.0,180.0
356.8682613423668,-41.11203443047404,-109.47101975503908,50.83335113525391,6.0,180.0
356.70419986589167,-41.60344769914192,-109.2738320811814,50.93341827392578,6.0,180.0
356.1592441943486,-42.215942686362,-109.01585462512536,51.03356170654297,6.0,180.0
355.6139652815415,-42.820972352069184,-108.88568091055974,51.13342666625977,6.0,180.0
355.5557580914764,-43.24084539434888,-108.88105515828416,51.23345184326172,6.0,180.0
355.8055142736473,-43.36831207958453,-108.9359627251672,51.33349990844727,6.0,180.0
356.0419360855888,-43.36709738072428,-109.21953646604192,51.33349990844727,6.0,180.0
356.53304580859765,-43.51780403661945,-109.64383958855572,51.43347930908203,6.0,180.0
357.2388837251688,-43.894809519013904,-109.90592571573131,51.5335578918457,6.0,180.0
357.90678663407664,-44.315199548409176,-109.78831795658016,51.63356399536133,6.0,180.0
358.36420531273154,-44.46037368608758,-109.2898612302046,51.73347854614258,6.0,180.0
358.4809346748122,-44.345551884383084,-108.854777981271,51.8335075378418,6.0,180.0
358.2705706434309,-44.17107405661104,-108.67901737995,51.93346405029297,6.0,180.0
357.89442740902234,-43.85115420612332,-108.5772323172547,52.03352355957031,6.0,180.0
357.654886209155,-43.52723357870483,-108.44789806107173,52.03352355957031,6.0,180.0
357.72032283346704,-43.41927595181595,-108.3140022913112,52.13351821899414,6.0,180.0
357.9740260935373,-43.343768781363664,-108.37629021659338,52.23346710205078,6.0,180.0
358.1806743706495,-43.26051026047531,-108.6260893665418,52.33348083496094,6.0,180.0
358.4566004663162,-43.291472848597934,-108.6916536588217,52.43362426757812,6.0,180.0
359.1542039772069,-43.41990030596368,-108.61551305699489,52.53368377685547,6.0,180.0
360.04700171967704,-43.77126374864154,-108.78237129781928,52.63345718383789,6.0,180.0
360.88990618715167,-44.29234055413492,-109.14306276040024,52.63345718383789,6.0,180.0
361.6440552049251,-44.712744981664535,-109.5660848835032,52.73339080810547,6.0,180.0
362.1240421407759,-45.014203659258605,-110.0280467392727,52.83334350585938,6.0,180.0
362.57252168688,-45.19954074436754,-110.56038318092882,52.93352890014648,6.0,180.0
363.1550352434059,-45.229303685723366,-111.1761337059865,53.03354263305664,6.0,180.0
363.5947493979881,-45.12727838479069,-111.66754856081818,53.13343048095703,6.0,180.0
363.87025341018057,-44.96506311279267,-111.83977609235338,53.23355865478516,6.0,180.0
364.121731308184,-44.77761920815115,-111.7713142703683,53.3333625793457,6.0,180.0
364.1838355943378,-44.625362624336816,-111.66914446377405,53.3333625793457,6.0,180.0
363.9586072118262,-44.59261688294461,-111.5585757517728,53.43349075317383,6.0,180.0
363.5634720858232,-44.66879791856358,-111.43857840141833,53.53356552124023,6.0,180.0
363.04515789291895,-44.83392300247097,-111.30714363666702,53.63341522216797,6.0,180.0
362.57538269366376,-45.02349314154001,-111.00829967810492,53.73348999023438,6.0,180.0
362.4045111367553,-45.216204570120375,-110.49648383338756,53.83346939086914,6.0,180.0
362.5252170906115,-45.42161513052898,-110.01019331920256,53.93338012695312,6.0,180.0
362.8779999054386,-45.55888282846292,-109.63768968644608,53.93338012695312,6.0,180.0
363.332452912358,-45.59121017447849,-109.2749715557946,54.03360748291016,6.0,180.0
363.62573312960274,-45.593431718441536,-109.04816858645007,54.13350677490234,6.0,180.0
363.7231039685963,-45.53548045995059,-108.8933789752076,54.23340606689453,6.0,180.0
363.9111941105108,-45.38121036625286,-108.60115319072648,54.3334846496582,6.0,180.0
364.34818420264025,-45.2884602247528,-108.15186441754496,54.43342971801758,6.0,180.0
364.7945647677875,-45.3397771682259,-107.68826600852724,54.53356552124023,6.0,180.0
365.0829787300792,-45.418329669738384,-107.351640968047,54.63364028930664,6.0,180.0
365.2082930383057,-45.45076267877687,-107.16873032379176,54.63364028930664,6.0,180.0
365.1819386409695,-45.57295322040935,-107.1308203338279,54.73348999023438,6.0,180.0
365.2113080927845,-45.75666509055012,-107.01461888130932,54.83353042602539,6.0,180.0
365.4227439615138,-45.82707251620761,-106.7926208056557,54.93347930908203,6.0,180.0
365.48723212731176,-45.76088004605305,-106.60487090590162,55.03351593017578,6.0,180.0
365.3384013490983,-45.72216892037506,-106.54391310609856,55.13348770141602,6.0,180.0
365.3619002878637,-45.90833610340789,-106.63865849657358,55.23352813720703,6.0,180.0
365.66528410607634,-46.15748872026003,-106.83183699496512,55.23352813720703,6.0,180.0
365.96408816264847,-46.18166273187824,-107.15246756625884,55.33353042602539,6.0,180.0
366.0063958504893,-45.93247171046448,-107.51507568577576,55.43360137939453,6.0,180.0
365.90138044638365,-45.63951591426039,-107.66014738044714,55.53353881835938,6.0,180.0
365.7279890163469,-45.51778553964333,-107.3571334826312,55.63340377807617,6.0,180.0
365.48688312379903,-45.6645675919898,-106.81408315796924,55.73344039916992,6.0,180.0
365.3296777385647,-45.93939152437746,-106.34213237321238,55.8333625793457,6.0,180.0
365.2712127111101,-46.07718286946735,-106.10677779017598,55.93350601196289,6.0,180.0
365.3642014691012,-46.104600842329646,-106.19549170861691,55.93350601196289,6.0,180.0
365.4906523206131,-46.02443179617909,-106.27005227888397,56.03364181518555,6.0,180.0
365.3321463646527,-45.838787390027136,-106.19449214247304,56.13352584838867,6.0,180.0
365.0303392186604,-45.68172811546098,-106.0977790103897,56.23352432250977,6.0,180.0
364.82183751225847,-45.66981432142892,-106.03032998020068,56.33353424072266,6.0,180.0
364.7539477044896,-45.76107805299049,-106.09641317912126,56.43338012695312,6.0,180.0
364.68689987512926,-45.80171840693551,-106.2864165341285,56.53338623046875,6.0,180.0
364.5063799926737,-45.755043461462336,-106.52680567817876,56.63344955444336,6.0,180.0
364.54488394040993,-45.63665790038047,-106.77456343550456,56.63344955444336,6.0,180.0
364.8564299501516,-45.48548021879573,-107.11470646213418,56.73351669311523,6.0,180.0
365.0182968785499,-45.42877963275572,-107.53968558870812,56.8336181640625,6.0,180.0
365.02545898444527,-45.481115158364,-107.87223380282094,56.93351745605469,6.0,180.0
365.1169268262351,-45.56617452722711,-108.02759091641718,57.03337860107422,6.0,180.0
365.2116390953022,-45.65167531680716,-108.03042035238828,57.13346862792969,6.0,180.0
365.2262225976569,-45.69518261964203,-107.96636886874973,57.23346710205078,6.0,180.0
365.2270058938251,-45.71112814798001,-107.96523908323928,57.23346710205078,6.0,180.0
365.12350551604766,-45.65004027847341,-108.16315085030784,57.33342742919922,6.0,180.0
364.8884743223226,-45.58707878520266,-108.48709460291302,57.43339538574219,6.0,180.0
364.72830638291714,-45.65831550541357,-108.69849660745967,57.53342056274414,6.0,180.0
364.6251333908076,-45.79944842385048,-108.6492618598442,57.63368225097656,6.0,180.0
364.5107216245656,-45.96339727279306,-108.4196224700268,57.73350143432617,6.0,180.0
364.4734857141228,-46.12574163750065,-108.09705563569996,57.83329391479492,6.0,180.0
364.5586025649398,-46.38411280044177,-107.6577865043215,57.93344879150391,6.0,180.0
364.8234938779017,-46.91711109898476,-107.26995381936078,57.93344879150391,6.0,180.0
365.0482387361411,-47.60508309315337,-107.08139196338416,58.03340911865234,6.0,180.0
365.00877549649135,-48.13009602616768,-107.15814705776025,58.13355255126953,6.0,180.0
364.81589145525504,-48.42259441608695,-107.46567312681964,58.23370742797852,6.0,180.0
364.6157383850106,-48.46086321591086,-107.83988509924328,58.33345794677734,6.0,180.0
364.4747054173848,-48.22809640924001,-108.09793125408888,58.43348693847656,6.0,180.0
364.2766200063392,-47.98570897240204,-108.22346405403567,58.53356552124023,6.0,180.0
363.9962258483442,-47.78023954114254,-108.390455266616,58.53356552124023,6.0,180.0
363.73737795737134,-47.54989743718508,-108.547857446659,58.63338470458984,6.0,180.0
363.521981759137,-47.41370957084169,-108.74548302885654,58.73340606689453,6.0,180.0
363.462807905808,-47.28629071066385,-108.83346419490422,58.83357238769531,6.0,180.0
363.65518464447325,-47.03220065761477,-108.54899535577576,58.9334716796875,6.0,180.0
363.9930869982053,-46.71710847041783,-108.12642273663036,59.03362655639648,6.0,180.0
364.3468762433924,-46.38014932708605,-107.83706661054136,59.13355255126953,6.0,180.0
364.7615754991939,-45.99712904150187,-107.83833468139558,59.23344421386719,6.0,180.0
365.2729790551537,-45.661422279892456,-108.06227632812444,59.23344421386719,6.0,180.0
365.6846357447968,-45.44060655366861,-108.15780373092925,59.3335075378418,6.0,180.0
365.64734780937385,-45.33234926399879,-107.91363456735108,59.43342971801758,6.0,180.0
365.2172610654229,-45.33547055716175,-107.54255043924618,59.53347015380859,6.0,180.0
365.0092150403567,-45.419268095156085,-107.14265393180798,59.63350296020508,6.0,180.0
365.1638061223231,-45.50005035942936,-106.57994291097168,59.73337936401367,6.0,180.0
365.2648029205325,-45.51418111933805,-105.90767940542054,59.83341598510742,6.0,180.0
365.1909473955461,-45.55425872985034,-105.29536964955037,59.83341598510742,6.0,180.0
365.111366982138,-45.66455916988232,-104.81668407516553,59.93342971801758,6.0,180.0
364.8711317799253,-45.69271911465349,-104.45688594529835,60.03341674804688,6.0,180.0
364.1640628246113,-45.539193675594674,-104.28959052372636,60.13355255126953,6.0,180.0
363.3166932597326,-45.43241090945325,-104.15316163295162,60.23345184326172,6.0,180.0
362.69224387990016,-45.63605684843528,-103.9399761632786,60.33346557617188,6.0,180.0
362.2739967229775,-45.9765779927809,-103.94206206938304,60.43361663818359,6.0,180.0
362.0786657307517,-46.1516149137669,-104.0911739848828,60.53360748291016,6.0,180.0
361.987476248292,-46.12730210726031,-104.05376606600096,60.53360748291016,6.0,180.0
361.8997017839896,-46.0228134365895,-103.80848497080072,60.63344573974609,6.0,180.0
361.786166318235,-46.02052461449084,-103.46577171655048,60.73353576660156,6.0,180.0
361.54116002720826,-46.32329031240012,-103.07528935867892,60.83355331420898,6.0,180.0
361.1449324721871,-46.808223341535765,-102.73278509028415,60.93364715576172,6.0,180.0
360.5827640713011,-47.08560138352016,-102.43696346805048,61.03352355957031,6.0,180.0
360.0471905509306,-47.23366225741923,-102.19121016653796,61.13327407836914,6.0,180.0
359.7460695644969,-47.47037371175937,-102.02939701710172,61.2334098815918,6.0,180.0
359.54922540729376,-47.69669675707143,-101.84105248882452,61.2334098815918,6.0,180.0
359.166299763839,-47.944943430215865,-101.66578532806216,61.33346557617188,6.0,180.0
358.4459538824326,-48.24962430668839,-101.54449707342638,61.43343734741211,6.0,180.0
357.7425621877561,-48.39629254425357,-101.44711564374322,61.53344345092773,6.0,180.0
357.47832296825857,-48.36845003306741,-101.44780809398895,61.63343048095703,6.0,180.0
357.56197292459586,-48.31532750177213,-101.57967775689734,61.73342132568359,6.0,180.0
357.7004258202496,-48.20025659272959,-101.65985717060973,61.83355331420898,6.0,180.0
357.8657590996852,-47.97012475764623,-101.70394954317068,61.83355331420898,6.0,180.0
358.2414711664982,-47.55001974035573,-101.87667491881234,61.93354415893555,6.0,180.0
358.82338160760685,-47.15142424395473,-101.973744501564,62.03358459472656,6.0,180.0
359.34536520876526,-47.008348649776416,-101.80867853930025,62.1334228515625,6.0,180.0
359.64211002522165,-47.04443728061348,-101.3722478257327,62.23344421386719,6.0,180.0
359.70374620226266,-47.26250093353904,-100.90793384424852,62.33358001708984,6.0,180.0
359.73850961624373,-47.45960827688843,-100.7327714870499,62.43351364135742,6.0,180.0
360.01804044489546,-47.573298884454736,-100.60726414597276,62.53334045410156,6.0,180.0
360.31656516615806,-47.817881064633866,-100.22050583511444,62.53334045410156,6.0,180.0
360.3133725270726,-48.11528648482176,-99.76995710538188,62.63362121582031,6.0,180.0
360.02136556651743,-48.34183390331075,-99.52301155006712,62.73362350463867,6.0,180.0
359.5515514511505,-48.53983727177229,-99.36015037639358,62.83352279663086,6.0,180.0
359.07076133395867,-48.70797834619529,-99.14484451478025,62.93347930908203,6.0,180.0
358.50272440743896,-48.70950485013582,-99.04081434788894,63.03322982788086,6.0,180.0
357.7928375722097,-48.56400403992984,-99.17204831124802,63.13329696655273,6.0,180.0
357.1572954666108,-48.53086119771972,-99.50798729462346,63.13329696655273,6.0,180.0
356.61598979817,-48.66688475996524,-99.75858892186356,63.23358154296875,6.0,180.0
356.05817419624543,-48.79129282637945,-99.75249852390856,63.33354568481445,6.0,180.0
355.5241284482321,-48.946199350108174,-99.75079716119188,63.433349609375,6.0,180.0
355.24741556948754,-49.09529774517844,-99.96405599194428,63.53349304199219,6.0,180.0
355.2430059149864,-49.028531049025226,-100.242542538932,63.63342666625977,6.0,180.0
355.3953629173104,-48.77888447328321,-100.2902946797088,63.73350524902344,6.0,180.0
355.5511937320959,-48.432188294150194,-100.06815829598176,63.83354568481445,6.0,180.0
355.59056822919973,-48.11540166052893,-99.891693490254,63.83354568481445,6.0,180.0
355.64654444229774,-47.99922904144417,-100.00464949030668,63.93318557739258,6.0,180.0
355.3852344197036,-47.958843085226725,-100.06880785113415,64.03330993652344,6.0,180.0
354.6698388793458,-47.76500640181823,-99.84285857863868,64.13359069824219,6.0,180.0
354.15543266186654,-47.62115527435322,-99.4381671837446,64.23320007324219,6.0,180.0
354.0029029499908,-47.60334352189208,-98.79526912783096,64.3331527709961,6.0,180.0
353.84933785295505,-47.484573615047374,-98.0598274778712,64.43345642089844,6.0,180.0
353.53024709205704,-47.44525853213264,-97.47000298262756,64.43345642089844,6.0,180.0
353.00950233680487,-47.612698364753534,-96.97305177320024,64.53392028808594,6.0,180.0
352.3502307517427,-47.96187677381241,-96.47464287165523,64.63381958007812,6.0,180.0
351.76446856215625,-48.38423645586892,-96.08398228486928,64.73344421386719,6.0,180.0
351.47157479794106,-48.442467924545866,-95.89565264380128,64.83334350585938,6.0,180.0
351.3791383949375,-48.120877251174,-95.92275972107343,64.9333267211914,6.0,180.0
351.1678753195427,-47.854359857263645,-96.27649899616344,65.03356170654297,6.0,180.0
350.7712517487957,-47.68612046587688,-96.79541432963734,65.13349151611328,6.0,180.0
350.12687131439134,-47.40444025042302,-97.13097190995644,65.13349151611328,6.0,180.0
349.4553755505127,-47.04078532732096,-97.22168755132849,65.23290252685547,6.0,180.0
349.29033128001254,-46.58778766180608,-97.33785406307724,65.33334350585938,6.0,180.0
349.327605416314,-45.978131354013925,-97.54859730413276,65.43392944335938,6.0,180.0
349.308840344622,-45.444440479057015,-97.57606494687688,65.53388214111328,6.0,180.0
349.6345383836773,-45.25754362151683,-97.40399880926012,65.63369750976562,6.0,180.0
350.2611315816539,-45.30562383392103,-97.3524861905932,65.73359680175781,6.0,180.0
350.8977507327961,-45.32739404384312,-97.6518912583184,65.73359680175781,6.0,180.0
351.4759817669654,-45.32372389755828,-98.23691142607107,65.83336639404297,6.0,180.0
351.96981483283474,-45.36420428959681,-98.84184685391864,65.93336486816406,6.0,180.0
352.1663956762036,-45.45156847756678,-99.25390804651232,66.03356170654297,6.0,180.0
352.0519797538138,-45.67474911492842,-99.44454073864028,66.13343811035156,6.0,180.0
351.9913376355474,-46.00395164369031,-99.38830154118632,66.23346710205078,6.0,180.0
352.0184535910332,-46.29783536489254,-99.1366830550748,66.3336410522461,6.0,180.0
352.0181973831165,-46.58463886511228,-98.82330608632844,66.43360137939453,6.0,180.0
351.7350860862944,-46.88168962367294,-98.4227574895985,66.43360137939453,6.0,180.0
351.109105478538,-47.18696570830458,-97.9262727516178,66.53363800048828,6.0,180.0
350.4860990143733,-47.51963353718088,-97.34085233264398,66.63349914550781,6.0,180.0
350.01859776728503,-47.799755276125865,-96.71543124932356,66.73345947265625,6.0,180.0
349.6251810332656,-47.89115545501754,-96.29859497079217,66.83354187011719,6.0,180.0
348.9186075482695,-47.81176923263429,-96.18169182970796,66.9334945678711,6.0,180.0
347.9408611526335,-47.796563421002446,-96.05340840853808,67.03352355957031,6.0,180.0
347.0731691455236,-47.80177224108245,-95.77950436899503,67.13359069824219,6.0,180.0
346.4353074937753,-47.82641798592026,-95.56752151608391,67.13359069824219,6.0,180.0
346.065738114116,-48.08536472966761,-95.30019465044236,67.23342895507812,6.0,180.0
345.96622901768205,-48.33837472264085,-94.9565080533777,67.3334732055664,6.0,180.0
346.0943936074204,-48.415897388346906,-94.7878214683979,67.43352508544922,6.0,180.0
346.26010876194425,-48.609389977982985,-94.8084807437223,67.53340911865234,6.0,180.0
346.3151452420245,-48.936799137945385,-94.82272799620034,67.63343048095703,6.0,180.0
346.2706316929081,-49.00177448264384,-94.68506187436036,67.7334213256836,6.0,180.0
346.298176775268,-48.62594127554716,-94.64205610514544,67.7334213256836,6.0,180.0
346.5052692069445,-48.044808202005136,-94.89887821030752,67.83336639404297,6.0,180.0
346.60490438655364,-47.61576642335204,-95.18163304880842,67.93360900878906,6.0,180.0
346.2329491347488,-47.40596799133287,-95.16808914490764,68.0335464477539,6.0,180.0
345.5352822315759,-47.199097161593485,-94.8626039215912,68.13338470458984,6.0,180.0
345.00425902910126,-47.05412794684328,-94.49470878806876,68.23348236083984,6.0,180.0
344.63458633636174,-47.02607873267657,-94.03298230907735,68.33338928222656,6.0,180.0
344.2156199104038,-46.94748059148359,-93.43651768173652,68.43359375,6.0,180.0
343.7455515636714,-46.83927876750313,-93.05821522739453,68.43359375,6.0,180.0
343.3013627214373,-46.821275825063566,-92.96738682179875,68.53361511230469,6.0,180.0
342.8225074376097,-46.83901982064366,-92.90581783323633,68.63336181640625,6.0,180.0
342.0487875618285,-46.78053885492321,-92.77100181207344,68.73326110839844,6.0,180.0
341.1510762449071,-46.62801736995242,-92.50395008730057,68.8333511352539,6.0,180.0
340.3665943498516,-46.557854043437885,-92.15963446082678,68.93357849121094,6.0,180.0
339.7580094300052,-46.67325677999948,-92.09077530848512,69.03365325927734,6.0,180.0
339.4311025990658,-46.59704698941832,-92.34681852057456,69.03365325927734,6.0,180.0
339.22459399013854,-46.21790520994711,-92.6025306232807,69.13357543945312,6.0,180.0
338.996896876221,-45.9948946551364,-92.7108663266177,69.2334213256836,6.0,180.0
338.7824469170388,-46.107432683816775,-92.58628701459185,69.3336181640625,6.0,180.0
338.7009592793035,-46.3002299158743,-92.24706266976398,69.43363952636719,6.0,180.0
338.72759609718986,-46.41774698074522,-91.94443200379958,69.5335693359375,6.0,180.0
338.5198560545865,-46.54129226206228,-91.75505518671216,69.6333999633789,6.0,180.0
338.1520385326096,-46.69165763490297,-91.61420744209452,69.73342895507812,6.0,180.0
337.9215733334936,-46.7191752395126,-91.53842479924258,69.73342895507812,6.0,180.0
337.76024696294377,-46.68585758492178,-91.49985365657984,69.8336410522461,6.0,180.0
337.5176091867778,-46.68831278074786,-91.52529650505116,69.93376922607422,6.0,180.0
336.933070798557,-46.63322104845585,-91.5715966731546,70.03355407714844,6.0,180.0
336.1418161256773,-46.58441494361848,-91.67406810210824,70.1333999633789,6.0,180.0
335.7011661298393,-46.63690527710354,-91.9245926042136,70.2333755493164,6.0,180.0
335.56457361265024,-46.70238199757142,-92.14985819118542,70.33361053466797,6.0,180.0
335.3315655209626,-46.642905538305854,-92.1485190134174,70.33361053466797,6.0,180.0
334.9254344723581,-46.52181897256159,-91.9000649685458,70.43359375,6.0,180.0
334.28758030421704,-46.36568485826476,-91.48636286879156,70.5334243774414,6.0,180.0
333.4428992971034,-46.2077053923699,-91.04898430959656,70.63323974609375,6.0,180.0
332.65762252149165,-46.243851796121,-90.72709027452154,70.73365020751953,6.0,180.0
332.07911486500416,-46.44520773359943,-90.41682766374356,70.8336181640625,6.0,180.0
331.5928604583981,-46.48375555067038,-90.14281105556786,70.93342590332031,6.0,180.0
330.8185548103507,-46.13727437361984,-89.98421405060539,71.03351593017578,6.0,180.0
329.8076545979341,-45.74564786996185,-89.90450771483953,71.03351593017578,6.0,180.0
328.98745386640724,-45.61363952851407,-89.95148584824682,71.1333236694336,6.0,180.0
328.46827275966126,-45.59346437122229,-89.93105779227763,71.2335433959961,6.0,180.0
328.17935324860514,-45.52823156198239,-89.76963109099617,71.33362579345703,6.0,180.0
328.03233039259703,-45.36853507337958,-89.63400874545523,71.43342590332031,6.0,180.0
327.9530639462506,-45.18784275824607,-89.64264577912809,71.53329467773438,6.0,180.0
327.6398976736558,-45.06767929138604,-89.67388497268743,71.63337707519531,6.0,180.0
327.0323282185599,-45.00399237596492,-89.45554397952046,71.73362731933594,6.0,180.0
326.3991196133778,-44.98822759862164,-88.9703508458565,71.73362731933594,6.0,180.0
325.63714577659056,-44.98609501220933,-88.40327532139935,71.8336181640625,6.0,180.0
324.5996575872905,-44.9035552624282,-88.08378948837014,71.93340301513672,6.0,180.0
323.40741952386594,-44.75048952804112,-88.00981840699819,72.03335571289062,6.0,180.0
322.35648643377,-44.7028084749979,-87.89845811829443,72.13353729248047,6.0,180.0
321.639946973591,-44.86555432728614,-87.59033008868461,72.23370361328125,6.0,180.0
321.20697325201616,-45.01867153905492,-87.00804690303823,72.33356475830078,6.0,180.0
320.8570037708817,-44.98186399960947,-86.32665407744865,72.33356475830078,6.0,180.0
320.377394285658,-44.8612361901621,-85.6093271376044,72.433349609375,6.0,180.0
319.9115688084472,-44.67294581437999,-84.8901327466092,72.53327178955078,6.0,180.0
319.53296192221364,-44.50779994076458,-84.45756326517326,72.63359069824219,6.0,180.0
319.1633010903754,-44.489484337099725,-84.32342814378109,72.73361206054688,6.0,180.0
318.76333009560426,-44.43054521120591,-84.1985812526746,72.83351135253906,6.0,180.0
318.2219037688135,-44.312573545680095,-84.04942735718204,72.93356323242188,6.0,180.0
317.71145633876563,-44.335276005465126,-84.14546175620548,73.03346252441406,6.0,180.0
317.3718159824279,-44.38659899690057,-84.44985526250952,73.03346252441406,6.0,180.0
317.0111024298533,-44.32680730564623,-84.71759483901984,73.1334457397461,6.0,180.0
316.65930940306293,-44.116990043057584,-84.8272679186064,73.23350524902344,6.0,180.0
316.58915359325755,-43.815137123946165,-84.79428340408587,73.33345031738281,6.0,180.0
316.5363785790862,-43.57180124104697,-84.79788895344639,73.43327331542969,6.0,180.0
316.0295988556369,-43.36008674220831,-84.86821878321987,73.53352355957031,6.0,180.0
315.1041290322757,-43.10534827770368,-84.8638686457398,73.6335678100586,6.0,180.0
314.04836278451296,-42.83044550874705,-84.63588247771283,73.6335678100586,6.0,180.0
313.0992801473689,-42.69878991818664,-84.26736830756107,73.73352813720703,6.0,180.0
312.4179626204664,-42.6335905618844,-84.05641484855323,73.83352661132812,6.0,180.0
312.1771338923043,-42.48326326661178,-84.03687758579359,73.93347930908203,6.0,180.0
312.3850532649524,-42.29133783780628,-84.16003762199638,74.03347778320312,6.0,180.0
312.55532208404475,-42.02584079028347,-84.41700703004788,74.13349151611328,6.0,180.0
312.3198911010616,-41.88163426105888,-84.5831968872667,74.2334213256836,6.0,180.0
311.8833955405771,-42.07598534744152,-84.45030675875235,74.33342742919922,6.0,180.0
311.41229272152543,-42.37138800595877,-84.05995663584459,74.33342742919922,6.0,180.0
310.95743149182874,-42.53032951003675,-83.7078836767156,74.43353271484375,6.0,180.0
310.5330239983061,-42.64783105777092,-83.4899547553786,74.53337097167969,6.0,180.0
310.14354244159364,-42.75361192351254,-83.36276032971205,74.6335678100586,6.0,180.0
309.71541848630375,-42.76415899297502,-83.26655520746982,74.73343658447266,6.0,180.0
309.20166489744656,-42.74931237007752,-82.8900620796983,74.8332748413086,6.0,180.0
308.6357039599124,-42.72541361253302,-82.27567355888426,74.93352508544922,6.0,180.0
307.8444529767215,-42.62639723133949,-81.62001830383848,74.93352508544922,6.0,180.0
306.93759690852704,-42.521208496996216,-80.9882251380792,75.03357696533203,6.0,180.0
306.3542975411533,-42.4476031901332,-80.62605328675035,75.133544921875,6.0,180.0
306.13338350094017,-42.39558383316332,-80.52632908902868,75.2333755493164,6.0,180.0
305.9350901464832,-42.52028563727362,-80.3518320227285,75.33338928222656,6.0,180.0
305.85473680490446,-43.00483796907255,-80.13973507944559,75.4336929321289,6.0,180.0
305.9052422825549,-43.58229029736381,-80.15257166932528,75.5335693359375,6.0,180.0
305.68740109035554,-43.781154632798696,-80.19172790381039,75.63346862792969,6.0,180.0
305.47002718856606,-43.64686330373831,-80.13761418140179,75.63346862792969,6.0,180.0
305.4811623477813,-43.58847587295201,-80.09038792742568,75.73355102539062,6.0,180.0
305.48800437955674,-43.6076382722304,-80.09995357059708,75.83345794677734,6.0,180.0
305.4278466024002,-43.41842757603738,-80.1709946141612,75.93356323242188,6.0,180.0
305.2005926528927,-43.06020330683269,-80.13612802447973,76.03358459472656,6.0,180.0
304.76306404157526,-42.58582795288299,-79.99551634757076,76.13330078125,6.0,180.0
303.9973284893226,-42.01607024509215,-79.78956624313558,76.23316192626953,6.0,180.0
302.62751046005974,-41.56577891230876,-79.52661216314088,76.3335189819336,6.0,180.0
300.8616657132678,-41.37016941865564,-79.28561109153472,76.3335189819336,6.0,180.0
299.31854550932616,-41.38641866188785,-79.04585914219797,76.4336166381836,6.0,180.0
298.23441211994555,-41.47083043537889,-78.83768540409828,76.53359985351562,6.0,180.0
297.4817697561676,-41.50694198102086,-78.77097377605911,76.6334228515625,6.0,180.0
297.0352241157188,-41.55674743857803,-78.66428944889473,76.73341369628906,6.0,180.0
296.75757431115807,-41.69379665226015,-78.3576105883152,76.83370971679688,6.0,180.0
296.2688460441896,-41.86801546838558,-77.92536489018582,76.93347930908203,6.0,180.0
295.3408581192046,-42.01269624858582,-77.27651732675106,76.93347930908203,6.0,180.0
294.3300121196097,-42.007215145346194,-76.4764172866154,77.03321075439453,6.0,180.0
293.7421539115775,-41.695425377532416,-75.72792460144049,77.13325500488281,6.0,180.0
293.4611069142919,-41.18566064494337,-75.08630202504968,77.233642578125,6.0,180.0
293.27678545664736,-40.74961919784964,-74.61756922146229,77.33386993408203,6.0,180.0
293.1288322460621,-40.4830849147843,-74.30330565726834,77.43379974365234,6.0,180.0
292.8942774116154,-40.38688368151673,-74.06425687901556,77.53353118896484,6.0,180.0
292.5457449465899,-40.43826474039063,-73.9305880667555,77.6333999633789,6.0,180.0
291.88896389339754,-40.55805037907956,-73.8157536111052,77.6333999633789,6.0,180.0
290.8691130642628,-40.67395012285115,-73.71147899811629,77.73329162597656,6.0,180.0
289.80465095884267,-40.70308594304716,-73.71239005974385,77.83348846435547,6.0,180.0
288.8719606224527,-40.5945624571762,-73.71999161790636,77.93302917480469,6.0,180.0
288.2300823166484,-40.66045410414513,-73.63644441334625,78.03301239013672,6.0,180.0
287.988369620225,-41.08781597159242,-73.38016316069225,78.13339233398438,6.0,180.0
287.91449962347497,-41.47883010452561,-73.2340800274901,78.23362731933594,6.0,180.0
287.7344343369773,-41.68663876418098,-73.49222026376566,78.23362731933594,6.0,180.0
287.4078049043925,-41.871834091736574,-73.95461492463326,78.33295440673828,6.0,180.0
286.996523233178,-41.88715458034132,-74.49279933114647,78.43241119384766,6.0,180.0
286.3960183094476,-41.71079495787504,-74.93500506383981,78.5333480834961,6.0,180.0
285.7524800234752,-41.59698890997427,-74.99791259713213,78.63395690917969,6.0,180.0
285.37574592978325,-41.47014789354038,-74.64003656374169,78.73360443115234,6.0,180.0
284.9506164951143,-41.24317301088464,-73.93022474155421,78.83267974853516,6.0,180.0
284.1543935010308,-41.053122819428886,-73.05460033576236,78.93319702148438,6.0,180.0
283.2405596920881,-40.90835808974981,-72.3098661183495,78.93319702148438,6.0,180.0
282.361544021962,-40.6690140446911,-71.87858662385516,79.03388214111328,6.0,180.0
281.4160323124982,-40.32827472915546,-71.66935202504303,79.1342544555664,6.0,180.0
280.4563541682527,-40.25613609214041,-71.48580604216502,79.23348999023438,6.0,180.0
279.754872390815,-40.54410502953916,-71.33787307167913,79.3331069946289,6.0,180.0
279.53097646989914,-40.83108867587141,-71.3409046566531,79.4336929321289,6.0,180.0
279.614168284338,-41.08181825806082,-71.39628442359812,79.53421783447266,6.0,180.0
279.57965160304104,-41.46106758358545,-71.38519279018266,79.53421783447266,6.0,180.0
279.32426301863995,-41.861367164187946,-71.41126163691357,79.63372802734375,6.0,180.0
278.95421529354394,-42.09587613383245,-71.45453389672885,79.733154296875,6.0,180.0
278.5335324720616,-42.113807121786905,-71.44584191806973,79.8335189819336,6.0,180.0
278.2280090638397,-42.00549053263907,-71.23436943548491,79.93385314941406,6.0,180.0
277.8763153334877,-41.848516043330896,-70.69976204162585,80.03395080566406,6.0,180.0
277.2767463871994,-41.756298018691126,-70.0964814562195,80.13383483886719,6.0,180.0
276.5411980900016,-41.82839899103859,-69.64658329344076,80.2336654663086,6.0,180.0
275.5513442253088,-41.837181586933,-69.35839936902985,80.2336654663086,6.0,180.0
274.4508841307152,-41.67083832606836,-69.25655010108241,80.33355712890625,6.0,180.0
273.6422082156047,-41.52073350192408,-69.2825728644772,80.43362426757812,6.0,180.0
273.0044994349286,-41.42707677806407,-69.26356342809166,80.53343963623047,6.0,180.0
272.5003158620415,-41.37719294430238,-69.12391349381008,80.63338470458984,6.0,180.0
272.4009875913021,-41.43410807162631,-68.92861396628487,80.73350524902344,6.0,180.0
272.5857179553137,-41.54938153587137,-68.71156326507297,80.83355712890625,6.0,180.0
272.68727730125613,-41.4894698981848,-68.30074047375545,80.83355712890625,6.0,180.0
272.53878162560943,-41.176306869256,-67.70827701969455,80.9334945678711,6.0,180.0
272.06774247469707,-40.7456368843701,-67.10621646468675,81.03353881835938,6.0,180.0
271.28621133016867,-40.35190152781325,-66.6401538980652,81.13347625732422,6.0,180.0
270.42949822086734,-40.13543180379196,-66.4693805860482,81.23353576660156,6.0,180.0
269.7150779945865,-40.06089970790502,-66.35006531185557,81.33352661132812,6.0,180.0
269.188820723181,-40.03598117131021,-66.119939421644,81.4334716796875,6.0,180.0
268.76781250253697,-39.993715544688094,-66.03842469232605,81.53347778320312,6.0,180.0
268.119955331029,-39.90612455823164,-66.22712972569508,81.53347778320312,6.0,180.0
267.03789764110394,-39.82213289055904,-66.55479437611808,81.63341522216797,6.0,180.0
265.78734820085924,-39.87250145805806,-66.80229923862917,81.73346710205078,6.0,180.0
264.7340907492388,-40.14041656316391,-66.84427948125419,81.83348846435547,6.0,180.0
264.0625730591447,-40.37704679306353,-66.6110201818029,81.93341064453125,6.0,180.0
263.7843203674909,-40.35076682804237,-66.18328098033338,82.0334243774414,6.0,180.0
263.6652533187788,-40.236311575073216,-65.77497587641827,82.13345336914062,6.0,180.0
263.2835683303929,-40.11803120554927,-65.3982531028229,82.23358154296875,6.0,180.0
262.2978611048211,-39.7666780284824,-65.04296519403509,82.23358154296875,6.0,180.0
260.9117876237498,-39.15357196747739,-64.77750016514551,82.3335952758789,6.0,180.0
259.708715746284,-38.478265012991386,-64.67928671466026,82.43350219726562,6.0,180.0
258.75057212666616,-37.99513983255807,-64.79167458505405,82.53343200683594,6.0,180.0
258.0704410711294,-37.89646433487504,-64.97552427417725,82.63335418701172,6.0,180.0
257.9076193156285,-38.0975140477297,-65.02249489032924,82.73346710205078,6.0,180.0
258.0289508116496,-38.322244262506565,-64.96506272580248,82.83353424072266,6.0,180.0
258.0898166815114,-38.3377301150464,-65.13072310279635,82.83353424072266,6.0,180.0
257.861660717208,-38.25152082131336,-65.46203298112549,82.93340301513672,6.0,180.0
257.2191285758521,-38.14053068753517,-65.6381365742494,83.03340148925781,6.0,180.0
256.2343748744329,-37.94930133917845,-65.55168357849122,83.1333999633789,6.0,180.0
255.17669991385787,-37.767055324086,-65.27254100345196,83.23360443115234,6.0,180.0
254.34108866444188,-37.582057090281445,-65.08030173137963,83.33345031738281,6.0,180.0
253.5381277776605,-37.29061511972243,-64.9832055743348,83.43323516845703,6.0,180.0
252.5154263207076,-36.798666074241766,-64.92267875949265,83.53336334228516,6.0,180.0
251.54329216516,-36.22618410760192,-64.89474559566328,83.53336334228516,6.0,180.0
250.8308626968777,-35.847980450154374,-64.82230973915455,83.63349914550781,6.0,180.0
250.2976501897597,-35.74455296733393,-64.7765524312951,83.73370361328125,6.0,180.0
249.8277008955228,-35.80001774175141,-64.60215640546059,83.83353424072266,6.0,180.0
249.3241083978988,-35.83302007860824,-64.18174395285686,83.93335723876953,6.0,180.0
248.7603548533213,-35.812712658455865,-63.72960418827449,84.033447265625,6.0,180.0
248.1954617217412,-35.85564507268954,-63.32949288126862,84.13359069824219,6.0,180.0
247.6475306952949,-36.02362196767406,-62.89215084746827,84.13359069824219,6.0,180.0
247.20506247013853,-36.411418472173,-62.45186657265462,84.23345184326172,6.0,180.0
246.90092382073607,-36.95262811846646,-62.16993376618812,84.33306884765625,6.0,180.0
246.3769962770289,-37.3824104318964,-61.99442532775792,84.43346405029297,6.0,180.0
245.6705391203522,-37.608017629084216,-61.62949383289143,84.5337142944336,6.0,180.0
245.18993658550704,-37.64851524031653,-61.09120230097162,84.63385772705078,6.0,180.0
244.7373341033781,-37.534850212448944,-60.4799718281159,84.73371124267578,6.0,180.0
244.16601901287527,-37.343527688172806,-59.71060827359644,84.83357238769531,6.0,180.0
243.6686435817828,-37.08210019789687,-58.93659269676449,84.83357238769531,6.0,180.0
243.1524226382812,-36.75104183474238,-58.25999477319628,84.93354034423828,6.0,180.0
242.6270095433631,-36.52713385113316,-57.69083793063092,85.03348541259766,6.0,180.0
242.16727434859573,-36.577581705462805,-57.3518188061749,85.1334228515625,6.0,180.0
241.71714478628624,-36.76112679553985,-57.23604364366239,85.23301696777344,6.0,180.0
241.2749291971039,-36.83788222960055,-57.18086968225742,85.33304595947266,6.0,180.0
240.71235469942943,-36.84237578288314,-57.0806774357238,85.4335708618164,6.0,180.0
240.0621032055094,-36.81202486071203,-57.05446569061115,85.4335708618164,6.0,180.0
239.52874608146303,-36.66868429062117,-57.27960563479737,85.5335693359375,6.0,180.0
239.0153787289159,-36.44503151757348,-57.62777230131597,85.6335220336914,6.0,180.0
238.386309680944,-36.267490776807286,-57.75385929378737,85.73319244384766,6.0,180.0
237.7411168047564,-36.10415984263012,-57.62137887330525,85.83317565917969,6.0,180.0
237.1573207715797,-35.69029524263615,-57.42239200571474,85.93358612060547,6.0,180.0
236.64982114486423,-35.1942263626148,-57.16399391431487,86.03376770019531,6.0,180.0
236.2284187704398,-34.989878562603586,-56.77088386152296,86.1326904296875,6.0,180.0
235.8020425856518,-34.92038504344867,-56.17962663792292,86.1326904296875,6.0,180.0
235.24595739309927,-34.8119117227544,-55.434110533220434,86.23307800292969,6.0,180.0
234.5266897241662,-34.710764610583965,-54.89368149855616,86.33345031738281,6.0,180.0
233.66809643153283,-34.5010127439644,-54.76010613658652,86.43396759033203,6.0,180.0
232.6977505911212,-34.13724873991144,-54.792353880111335,86.5337142944336,6.0,180.0
231.8992650367014,-33.92520226180923,-54.84249157503294,86.63306427001953,6.0,180.0
231.3137944388753,-33.97199856775699,-54.993548230372745,86.73347473144531,6.0,180.0
230.53793035324023,-34.033993556887296,-55.1350064050505,86.83377075195312,6.0,180.0
229.62008360056151,-33.91999419412355,-55.23175756571753,86.83377075195312,6.0,180.0
228.58155802961048,-33.645132047681194,-55.49880693078681,86.93401336669922,6.0,180.0
227.3270300379308,-33.50368709772398,-55.8118275129036,87.0328598022461,6.0,180.0
226.0678177238926,-33.609860608488674,-55.89833225767301,87.13313293457031,6.0,180.0
224.9434111412465,-33.858363379294325,-55.74307876738485,87.23365020751953,6.0,180.0
224.297812749461,-34.28047444592476,-55.58653232835098,87.33409118652344,6.0,180.0
224.2456950723621,-34.731446700193494,-55.43984154776149,87.43408966064453,6.0,180.0
224.3300200774218,-35.02869280249997,-55.18781684316092,87.43408966064453,6.0,180.0
224.3493548064849,-35.18800980018729,-55.01019620350122,87.53359985351562,6.0,180.0
224.3783017964471,-35.19090705874038,-54.73771604117102,87.63349151611328,6.0,180.0
224.31667722664537,-35.13552317616368,-54.1406066020339,87.7334213256836,6.0,180.0
224.0729321389536,-35.09374024377727,-53.49108562855883,87.83355712890625,6.0,180.0
223.66186821971843,-34.894352570935574,-52.92875439547232,87.93331909179688,6.0,180.0
223.01260721891785,-34.492849664310775,-52.37282012635804,88.03303527832031,6.0,180.0
222.0174639833238,-34.21137841174958,-51.94683022498497,88.13349914550781,6.0,180.0
220.63567438369543,-34.30269677446814,-51.60917659047233,88.13349914550781,6.0,180.0
219.2355897531749,-34.619170412508744,-51.14890021751725,88.23387908935547,6.0,180.0
218.1531043744313,-34.9441907051266,-50.6227637726294,88.33378601074219,6.0,180.0
217.3715817075046,-35.072187466188616,-50.02994886417783,88.43343353271484,6.0,180.0
217.0218095250381,-35.01197985640818,-49.33743722729733,88.53328704833984,6.0,180.0
216.8782774226042,-34.90618218781461,-48.80770796223062,88.63360595703125,6.0,180.0
216.2320371602146,-34.68909427717865,-48.61778733867928,88.73373413085938,6.0,180.0
215.02873638617675,-34.35508325421906,-48.8516356099167,88.73373413085938,6.0,180.0
213.97772431894305,-33.978386490712744,-49.45768595643402,88.83332824707031,6.0,180.0
213.23072107178152,-33.710411901256464,-49.88715472012,88.93309783935547,6.0,180.0
212.6084641091145,-33.63203822520243,-49.87900315199949,89.03349304199219,6.0,180.0
212.2854273066893,-33.700657839791006,-49.61186075395766,89.13392639160156,6.0,180.0
212.0587849482316,-33.91903278280321,-49.28915645272632,89.2337646484375,6.0,180.0
211.59023489731948,-34.19297723346576,-49.18509477673233,89.33353424072266,6.0,180.0
210.91935314387524,-34.372787477530714,-49.086642876498985,89.43326568603516,6.0,180.0
210.12637264714888,-34.258517483850085,-48.88317536572197,89.43326568603516,6.0,180.0
209.1594823415049,-33.72241352547621,-48.83541885789541,89.53347778320312,6.0,180.0
207.99256989204287,-32.89974088359295,-48.71051704951622,89.63380432128906,6.0,180.0
206.9077809484852,-32.09038359090354,-48.31874952430823,89.73330688476562,6.0,180.0
206.05798590732493,-31.38166595497292,-47.850891553652616,89.83295440673828,6.0,180.0
205.2835788390832,-30.7590123078544,-47.439106500496166,89.93331146240234,6.0,180.0
204.6565826184388,-30.338742335805016,-47.11934534203111,90.03374481201172,6.0,180.0
204.187441308208,-30.05386647288819,-46.8858989981518,90.03374481201172,6.0,180.0
203.7191264277032,-29.861225200302293,-46.74174988968484,90.13387298583984,6.0,180.0
203.2117734359564,-29.828806038021693,-46.74979987281565,90.23348999023438,6.0,180.0
202.5094899957153,-29.908334170263004,-46.83550433242602,90.33313751220705,6.0,180.0
201.5945507405677,-30.11374244038531,-46.67750126234272,90.43344116210938,6.0,180.0
200.71038164270408,-30.60405966749525,-46.31179637776332,90.53370666503906,6.0,180.0
200.04998667653,-31.35314150073735,-46.31363876371851,90.6330795288086,6.0,180.0
199.79578024872785,-31.96369633190139,-46.93883696007276,90.73260498046876,6.0,180.0
199.8451498360585,-32.11612523670608,-47.66574525189552,90.73260498046876,6.0,180.0
199.75172843827625,-31.94371257550632,-47.88110754554055,90.83309173583984,6.0,180.0
199.3602630303455,-31.730317233940774,-47.658518077325525,90.93402099609376,6.0,180.0
198.6178075187404,-31.439909240046752,-47.35842498625487,91.0343780517578,6.0,180.0
197.35194370821264,-30.98794336347684,-47.104277163300495,91.13358306884766,6.0,180.0
195.9281805721768,-30.58932418418288,-46.947753601092735,91.23299407958984,6.0,180.0
194.9736083286241,-30.39302956875068,-46.97582874579845,91.333251953125,6.0,180.0
194.51071035182213,-30.25268249305038,-47.19222464618857,91.43389892578124,6.0,180.0
194.1760708718217,-30.02753962811622,-47.26315052532778,91.43389892578124,6.0,180.0
193.68027012882337,-29.83312083340089,-46.81467174221455,91.53375244140624,6.0,180.0
192.8932872078024,-29.8898906669756,-46.03159380312361,91.6324691772461,6.0,180.0
192.0682008747169,-30.260296722859486,-45.345070690069655,91.73294830322266,6.0,180.0
191.64772197244864,-30.81432473549345,-44.83949068065972,91.83394622802734,6.0,180.0
191.6824300040968,-31.491395226065848,-44.43923073411689,91.93440246582033,6.0,180.0
192.003932951024,-32.151658886816115,-44.232057700931634,92.03363800048828,6.0,180.0
192.3784935758422,-32.43966970494365,-44.29973328904016,92.03363800048828,6.0,180.0
192.47327526980345,-32.34948410301804,-44.64986775091027,92.13270568847656,6.0,180.0
192.4033502021635,-32.2342469808633,-45.21668723794927,92.23324584960938,6.0,180.0
192.4071833104524,-32.26123125860205,-45.75254718468888,92.3339385986328,6.0,180.0
192.1882539162978,-32.347221256502706,-45.87935191168871,92.4335479736328,6.0,180.0
191.60322914066663,-32.37420116732608,-45.534237507081066,92.53256225585938,6.0,180.0
190.87668330038835,-32.43209076802925,-45.03962369873403,92.63307189941406,6.0,180.0
189.920948150596,-32.504424999441405,-44.62645332686997,92.7338409423828,6.0,180.0
188.7677929492013,-32.392849353431856,-44.30469790342804,92.7338409423828,6.0,180.0
187.79316120334136,-32.10962887454172,-43.99168104854683,92.8343734741211,6.0,180.0
187.17450935517112,-31.700639909854065,-43.70745057275386,92.93355560302734,6.0,180.0
186.8348562961881,-31.364582151254726,-43.39855504476686,93.03257751464844,6.0,180.0
186.58016358342783,-31.205646891555464,-42.98358129230424,93.13316345214844,6.0,180.0
186.1867168754963,-31.01994368388131,-42.52319028218764,93.2338409423828,6.0,180.0
185.4829686525808,-30.835139914974192,-42.02252532476447,93.333984375,6.0,180.0
184.52831001955684,-30.84195265899386,-41.5081215298943,93.333984375,6.0,180.0
183.43572179694948,-30.955035160638865,-40.928727281185786,93.43267822265624,6.0,180.0
182.3577034892299,-30.90622527753466,-40.328381476164296,93.53314971923828,6.0,180.0
181.60605133419745,-30.80826050510857,-40.0290992989554,93.63363647460938,6.0,180.0
181.0823578907045,-30.83002658899473,-40.103143819967976,93.73436737060548,6.0,180.0
180.46670529079665,-30.816355222876744,-40.27845834851267,93.83375549316406,6.0,180.0
179.71504911835697,-30.8020201327352,-40.29318746645359,93.9326629638672,6.0,180.0
178.9274595292867,-30.903203730228945,-40.17483595146686,94.0333251953125,6.0,180.0
178.2716357601678,-30.99309308075612,-40.19211504185326,94.0333251953125,6.0,180.0
177.76045851336136,-30.913172274874736,-40.347302641084745,94.13381958007812,6.0,180.0
177.15907371509718,-30.732245213363683,-40.45286372233973,94.2342529296875,6.0,180.0
176.37117491364978,-30.379058871480307,-40.51995756521356,94.33330535888672,6.0,180.0
175.5031368366602,-29.724241128598194,-40.58131795186071,94.43321990966795,6.0,180.0
174.49788089153446,-29.07143450514684,-40.46538166856777,94.53372192382812,6.0,180.0
173.4117655878026,-28.66336419061965,-40.08455197481842,94.63410186767578,6.0,180.0
172.56031929317112,-28.423667481273245,-39.73192878597044,94.63410186767578,6.0,180.0
172.07134129896616,-28.140170730438143,-39.49973743134319,94.73397827148438,6.0,180.0
171.7882951758433,-27.78979970166164,-39.084919601205485,94.833740234375,6.0,180.0
171.47096508662722,-27.587180120953978,-38.446091319337015,94.93351745605467,6.0,180.0
171.13790940486928,-27.52756414661748,-37.850297285777934,95.03363037109376,6.0,180.0
170.71948115891036,-27.49839139836673,-37.441593888886,95.13370513916016,6.0,180.0
170.07372255497287,-27.512389368876114,-37.38289299182506,95.23358917236328,6.0,180.0
169.33108730183267,-27.57644621458348,-37.66868049405788,95.33342742919922,6.0,180.0
168.39832347361246,-27.74323245794028,-37.94621532690983,95.33342742919922,6.0,180.0
167.38704419660027,-27.86187621642774,-38.01469614936232,95.4336166381836,6.0,180.0
166.52312798303348,-27.634048161334547,-37.8050136913285,95.53367614746094,6.0,180.0
165.56091580895097,-27.22556181156918,-37.39824575068173,95.63357543945312,6.0,180.0
164.42049346907532,-27.04882834696999,-36.95744191964676,95.73348236083984,6.0,180.0
163.2025509741934,-27.122017991476778,-36.56581960655804,95.83341217041016,6.0,180.0
161.94644643642758,-27.17274652487088,-36.158764566224605,95.9334945678711,6.0,180.0
160.7640392333705,-27.079139438741624,-35.670097129699045,95.9334945678711,6.0,180.0
159.63707553324844,-26.786244834840325,-35.35642560111605,96.03345489501952,6.0,180.0
158.45608970643318,-26.34123415034196,-35.36467688892864,96.13343811035156,6.0,180.0
157.3098369243386,-25.88797328389548,-35.4668124986568,96.23351287841795,6.0,180.0
156.3949350563255,-25.52874783306813,-35.291470245523286,96.33355712890624,6.0,180.0
155.70975697674754,-25.28364992112754,-34.69393549176284,96.43336486816406,6.0,180.0
155.1306574467071,-25.04167710977492,-34.072575495913334,96.5334014892578,6.0,180.0
154.48862815937497,-24.855102526358223,-33.848809890718215,96.63347625732422,6.0,180.0
153.50387532826514,-24.79196439164179,-33.822087763348506,96.63347625732422,6.0,180.0
152.2643322486258,-24.71884718529067,-33.70986398346937,96.7333984375,6.0,180.0
151.2396189208199,-24.41983943161879,-33.628380536965494,96.83362579345705,6.0,180.0
150.6994457373405,-23.839583676913257,-33.671506948570766,96.9334945678711,6.0,180.0
150.6465944788642,-23.3425158154418,-33.64010623171571,97.0334014892578,6.0,180.0
150.6567784393415,-23.14867241372021,-33.454835855601324,97.1335220336914,6.0,180.0
150.09558839235186,-23.04012968100222,-33.25000162677733,97.23346710205078,6.0,180.0
148.98903574849888,-22.90941344357407,-32.979683149148904,97.3336181640625,6.0,180.0
147.96506295515218,-22.85051642209336,-32.66773927239188,97.3336181640625,6.0,180.0
147.26012339628403,-22.9850381936421,-32.41021394189667,97.43356323242188,6.0,180.0
146.69718974250264,-23.30129427229071,-32.38502076541653,97.53338623046876,6.0,180.0
146.21027787527782,-23.612396165646427,-32.76802851287644,97.6334991455078,6.0,180.0
145.69265122645288,-23.81241318370636,-33.11420533529996,97.7334213256836,6.0,180.0
145.04207809589178,-23.87587638240932,-32.92387011378869,97.83356475830078,6.0,180.0
144.22946043611765,-23.82465409181402,-32.483532620705375,97.93370819091795,6.0,180.0
143.32645623485956,-23.648673535841684,-32.334584865449344,97.93370819091795,6.0,180.0
142.5534469938827,-23.41694488896294,-32.41120325675828,98.03346252441406,6.0,180.0
142.0445778015777,-23.34563246243924,-32.33927426574605,98.13341522216795,6.0,180.0
141.73141968195614,-23.43280514840169,-32.13711468981445,98.23347473144533,6.0,180.0
141.29787440245858,-23.5397251503604,-31.96268289543617,98.3335189819336,6.0,180.0
140.6448408030735,-23.55001078162552,-31.823943554754628,98.43357849121094,6.0,180.0
140.07119894544377,-23.38845750412232,-31.757915809935884,98.53346252441406,6.0,180.0
139.4942059054918,-23.196792482997857,-31.783478947599686,98.6333236694336,6.0,180.0
138.76454000270684,-23.14425694924502,-31.826885369062687,98.6333236694336,6.0,180.0
138.11468128478072,-23.24096292107313,-31.71432432441265,98.73343658447266,6.0,180.0
137.5737741926754,-23.34909828087103,-31.45995875824768,98.8335189819336,6.0,180.0
136.9960300467878,-23.331997481839963,-31.34374416244915,98.93338775634766,6.0,180.0
136.31848697129394,-23.254255010945737,-31.27760475243788,99.03357696533205,6.0,180.0
135.5750322064654,-23.16415926620895,-31.076651773036108,99.13352966308594,6.0,180.0
134.8794484055142,-22.966151105307336,-30.847957625300022,99.23355102539062,6.0,180.0
134.2510028913443,-22.60471142033168,-30.543008133496315,99.23355102539062,6.0,180.0
133.59601977440175,-22.2013589875542,-30.23291003160069,99.3336181640625,6.0,180.0
132.89705027443583,-21.86319518972935,-30.090097438405,99.43341827392578,6.0,180.0
132.19838167134856,-21.6325909955066,-30.100156268360028,99.5333023071289,6.0,180.0
131.37114555647955,-21.491459476111743,-30.238615850047275,99.63356018066406,6.0,180.0
130.24037335465965,-21.339061229562088,-30.392090730925887,99.7334213256836,6.0,180.0
128.81435042499436,-21.16518419329285,-30.55055612654149,99.83090209960938,6.0,180.0
127.30072993691512,-20.93707423936563,-30.70448275128003,99.90985107421876,6.0,180.0
125.94668034687108,-20.687801354281383,-30.691094464955263,99.90985107421876,6.0,180.0
124.90593459422472,-20.57052141923113,-30.58537204542484,99.95884704589844,6.0,180.0
124.17790122080984,-20.731323572408726,-30.452978067764413,99.98019409179688,6.0,180.0
123.5668632792638,-21.171179541226707,-30.05131506997869,99.9900360107422,6.0,180.0
123.0238263474146,-21.491405854632333,-29.441652858503147,99.99508666992188,6.0,180.0
122.63393931185274,-21.43403237867735,-28.918915965907853,99.99756622314452,6.0,180.0
122.26859037982403,-21.31413440939896,-28.58307788834317,99.99879455566406,6.0,180.0
121.8678161937638,-21.338622920592723,-28.52748694866452,99.99879455566406,6.0,180.0
121.54374894753347,-21.362287079595347,-28.6954976209896,99.99942016601562,6.0,180.0
121.24307226673773,-21.321310948355165,-29.027540192375906,99.99972534179688,6.0,180.0
120.75946969306828,-21.26758038304994,-29.50604121851899,99.9999008178711,6.0,180.0
119.94199322040718,-21.19057717317332,-29.87355213725513,99.99998474121094,6.0,180.0
118.95994204140936,-21.087616467167777,-30.09059748638959,100.0000305175781,6.0,180.0
118.1289570587202,-20.93301978026957,-30.331694344831494,100.0000610351562,6.0,180.0
117.59654385091667,-20.634784041581312,-30.493678058706223,100.0000686645508,6.0,180.0
117.35949280638532,-20.23919861621708,-30.33808112171286,100.0000686645508,6.0,180.0
117.2610092634452,-20.078108927896164,-29.77265039658856,100.0000686645508,6.0,180.0
117.21935365095752,-20.25236465743884,-29.071217066132384,100.0000686645508,6.0,180.0
117.28835103906404,-20.33642597632281,-28.54481822626971,100.0000610351562,6.0,180.0
117.41836824180476,-20.28269956900808,-28.31842442367045,100.0000534057617,6.0,180.0
117.44621637632216,-20.406554161848668,-28.44539535140053,100.0000534057617,6.0,180.0
117.14490114495088,-20.52180263210416,-28.658224643437748,100.0000457763672,6.0,180.0
116.48847247822972,-20.339530596254864,-28.698056148966003,100.0000381469727,6.0,180.0
115.81492118863255,-19.958420900125496,-28.594145273992005,100.0000381469727,6.0,180.0
115.50886276827109,-19.52839965055957,-28.43763675153724,100.0000381469727,6.0,180.0
115.55141924596884,-19.184270515575903,-28.26343728371992,100.0000381469727,6.0,180.0
115.587067372205,-19.049122186546704,-28.028271788081284,100.0000305175781,6.0,180.0
115.45817384063938,-19.124514830382907,-27.65724699160648,100.0000305175781,6.0,180.0
115.22474949711729,-19.270266583186523,-27.290935438096213,100.0000228881836,6.0,180.0
115.08647071030774,-19.2208747319117,-27.019450759978376,100.0000228881836,6.0,180.0
115.14308513731044,-18.87449230328412,-26.6368985521046,100.0000228881836,6.0,180.0
115.11927768844834,-18.516923318375948,-26.30813177162937,100.0000228881836,6.0,180.0
114.96076695165534,-18.38191187710409,-26.381665020981384,100.0000152587891,6.0,180.0
114.85684172127232,-18.399704994425765,-26.78822739984264,100.0000152587891,6.0,180.0
114.7399908802546,-18.56688004804715,-27.415731225015417,100.0000152587891,6.0,180.0
114.54900988974964,-18.813589077911367,-28.12343325978317,100.0000076293945,6.0,180.0
114.28648825769406,-18.996515700176115,-28.625888570436267,100.0000076293945,6.0,180.0
113.97323626613338,-19.16961590940941,-28.820657837070097,100.0000076293945,6.0,180.0
113.6045489887726,-19.34510832582488,-28.727050721909443,100.0000076293945,6.0,180.0
113.0707948780438,-19.504891631910912,-28.3862185968191,100.0000076293945,6.0,180.0
112.52322216036114,-19.64964644708036,-27.890767594181835,100.0000076293945,6.0,180.0
112.07091526066732,-19.66649333706154,-27.39409653271861,100.0000076293945,6.0,180.0
111.4047480420332,-19.58243186050358,-27.024010555422343,100.0000076293945,6.0,180.0
110.47919356428535,-19.4957650316412,-26.819217630156164,100.0000076293945,6.0,180.0
109.7012567480342,-19.504528186282027,-26.8605495846864,100.0000076293945,6.0,180.0
109.31455432777862,-19.69600343257856,-27.177258456707577,100.0000076293945,6.0,180.0
109.25582029782184,-19.83977234074216,-27.520793924013034,100.0000076293945,6.0,180.0
109.33695709125762,-19.80245535653034,-27.645303796836465,100.0,6.0,180.0
109.36866498871052,-19.76852745305874,-27.56294299366005,100.0,6.0,180.0
109.31959927602064,-19.810760590169608,-27.46870841869938,100.0000076293945,6.0,180.0
109.203716261928,-19.77533645461626,-27.454538409031976,100.0,6.0,180.0
109.03075341385036,-19.531157505058644,-27.31487467744561,100.0,6.0,180.0
108.83776754189836,-19.221449061258788,-27.086133674118027,100.0,6.0,180.0
108.59865620610802,-18.96245303130052,-26.92306077050266,100.0,6.0,180.0
108.31574097417489,-18.702367679446063,-26.808771023793604,100.0,6.0,180.0
108.07347507820722,-18.39946204538409,-26.833145946297662,100.0,6.0,180.0
107.87635329788672,-18.07898068913753,-26.94726090968049,100.0,6.0,180.0
107.79196125698752,-17.723649554705915,-27.08576974171391,100.0,6.0,180.0
107.98070761246213,-17.333046815826393,-27.3640241705934,100.0,6.0,180.0
108.24346896637356,-17.11708358653367,-27.73321513473884,100.0,6.0,180.0
108.32744515962274,-17.19123644636632,-28.25555040611992,100.0,6.0,180.0
108.19095310647486,-17.445595442550133,-28.95774571205299,100.0,6.0,180.0
107.87190583935276,-17.717119145397803,-29.37537414020845,100.0,6.0,180.0
107.45598646095264,-17.915790486103955,-29.473651748243302,100.0,6.0,180.0
107.0139899839304,-18.04609620153938,-29.61846648355437,100.0,6.0,180.0
106.5274785415036,-18.22785005748354,-29.798437738365987,100.0,6.0,180.0
106.06516734823018,-18.586048956801065,-29.92933163762381,100.0,6.0,180.0
105.90953244099629,-18.978284803418543,-30.151130237468365,100.0,6.0,180.0
106.10912514735186,-19.11279542446588,-30.536583555465345,100.0,6.0,180.0
106.57004389385666,-18.987574690340388,-30.767518734794344,100.0,6.0,180.0
106.95225047162884,-18.869799336257948,-30.58656521704959,100.0,6.0,180.0
106.98158712666496,-18.844054299171315,-30.051302304371475,100.0,6.0,180.0
106.8983008769044,-18.73937834481366,-29.33635656813993,100.0,6.0,180.0
106.74027857912137,-18.611111413582933,-28.85286455847937,100.0,6.0,180.0
106.4716387380108,-18.60387878144085,-28.75519446267936,100.0,6.0,180.0
106.32032535261916,-18.47727362441508,-28.67641247436028,100.0,6.0,180.0
106.36821173049358,-18.335337618726385,-28.42972706118652,100.0,6.0,180.0
106.44222369682323,-18.40278703138735,-28.04058120849669,100.0,6.0,180.0
106.458470571384,-18.38561888036068,-27.596436559886754,100.0,6.0,180.0
106.4647132696365,-18.24611435102538,-27.33198333531129,100.0,6.0,180.0
106.42873984845416,-18.199035464613804,-27.372705875645853,100.0,6.0,180.0
106.26058102105009,-18.193452662511163,-27.67114506876709,100.0,6.0,180.0
106.0224249380342,-18.070576258353896,-28.10396714290017,100.0,6.0,180.0
105.98072233646704,-17.782009924531867,-28.43406379024367,100.0,6.0,180.0
106.07794798121893,-17.50709588234628,-28.64313351898989,100.0,6.0,180.0
106.05921076019476,-17.39599216603469,-28.95529973137901,100.0,6.0,180.0
105.9991115237419,-17.360734273348555,-29.401365597845366,100.0,6.0,180.0
105.9171263614284,-17.40248455174003,-29.77099283620198,100.0,6.0,180.0
105.89161018892638,-17.57090769456842,-29.84612809493069,100.0,6.0,180.0
106.11098567618257,-17.796026319834173,-29.6591149881888,100.0,6.0,180.0
106.38856390494634,-18.095058846876483,-29.34317397215681,100.0,6.0,180.0
106.51039518884032,-18.45193048956814,-28.99305409530632,100.0,6.0,180.0
106.4810631338744,-18.70361257554272,-28.598196277546435,100.0,6.0,180.0
106.23895477293676,-18.7885047947145,-28.194450123630386,100.0,6.0,180.0
105.73917040174936,-18.689296588689544,-28.045933890510018,100.0,6.0,180.0
105.26983724688746,-18.512705071349323,-28.1878587820013,100.0,6.0,180.0
104.93369577084624,-18.40856689613137,-28.20090731322111,100.0,6.0,180.0
104.5184098632335,-18.36086747556429,-27.83100474687197,100.0,6.0,180.0
104.11174556868238,-18.48150364081873,-27.34565333321899,100.0,6.0,180.0
103.8761561149958,-18.838228924329584,-27.051634244478787,100.0,6.0,180.0
103.78760986643704,-19.22722051186376,-26.9694516241427,100.0,6.0,180.0
103.745206900681,-19.437718916251804,-26.88632732075275,100.0,6.0,180.0
103.68577640430732,-19.39374304063384,-26.76762639465817,100.0,6.0,180.0
103.68700028672004,-19.17698494081135,-26.72790118939958,100.0,6.0,180.0
103.8122792994726,-18.984120020605324,-26.762342820692933,100.0,6.0,180.0
103.9617981869736,-18.97348634236769,-26.92454129882682,100.0,6.0,180.0
103.92102710911762,-19.12826908541757,-27.077253480758767,100.0,6.0,180.0
103.64465259462128,-19.33628847804689,-27.03134570286216,100.0,6.0,180.0
103.25455477375108,-19.48054252412949,-27.08692125942158,100.0,6.0,180.0
102.72616336539592,-19.49870718483544,-27.401528107864884,100.0,6.0,180.0
102.17881134777784,-19.478706256874275,-27.471309999834386,100.0,6.0,180.0
101.8852215472048,-19.46386848497304,-27.09874352069131,100.0,6.0,180.0
101.9119601790222,-19.406369428125167,-26.601893168645468,100.0,6.0,180.0
102.22036427462275,-19.26426342949704,-26.18443024149472,100.0,6.0,180.0
102.57606698780826,-19.078737519618848,-25.930706365013187,100.0,6.0,180.0
102.7112494716432,-19.01900621897181,-25.91611339594718,100.0,6.0,180.0
102.6541255860158,-19.083625843296115,-26.1637583968498,100.0,6.0,180.0
102.4313166160625,-19.18183237999427,-26.57040289648796,100.0,6.0,180.0
101.97886675241168,-19.236429101757203,-26.946980033264403,100.0,6.0,180.0
101.36751274705318,-19.176002493041008,-27.22870225623192,100.0,6.0,180.0
100.73597233045948,-19.1619862030773,-27.51945559279403,100.0,6.0,180.0
100.11650137908303,-19.25863445608775,-27.669394071617035,100.0,6.0,180.0
99.56546442708716,-19.33764676814229,-27.53992939514695,100.0,6.0,180.0
99.21994542648063,-19.23838317831025,-27.29531937623666,100.0,6.0,180.0
99.0773057276282,-18.84333513447965,-27.11366785416354,100.0,6.0,180.0
98.93635188367908,-18.33109782980492,-27.07756579995504,100.0,6.0,180.0
98.6698796523696,-17.817517876003507,-27.08056504185031,100.0,6.0,180.0
98.25004288895391,-17.408116418100136,-27.17293471000076,100.0,6.0,180.0
97.76337027901803,-17.28002737982752,-27.41394863116636,100.0,6.0,180.0
97.53407655005084,-17.302626936647513,-27.67415353359192,100.0,6.0,180.0
97.72896641042604,-17.319739682784167,-27.97880572696468,100.0,6.0,180.0
98.25966810167968,-17.245930568353508,-28.35763629109789,100.0,6.0,180.0
98.88066948483166,-17.10881729005719,-28.644140315953017,100.0,6.0,180.0
99.26386988907534,-17.082411398120314,-28.63703247373359,100.0,6.0,180.0
99.33471808591436,-17.270399726207163,-28.48736772552243,100.0,6.0,180.0
99.343631975599,-17.635116114390563,-28.484600629933173,100.0,6.0,180.0
99.51438830724024,-17.881703613715157,-28.601964331887203,100.0,6.0,180.0
99.6669088672554,-17.723760258476585,-28.69748014036305,100.0,6.0,180.0
99.49447989065568,-17.394287718339346,-28.8052041066306,100.0,6.0,180.0
99.2279804139754,-17.282139500531112,-28.960415994177552,100.0,6.0,180.0
99.1473449400478,-17.44158833846374,-28.92307734525549,100.0,6.0,180.0
99.25330037687417,-17.811692765795208,-28.510117444861176,100.0,6.0,180.0
99.59846580401054,-18.23052296743533,-27.882536468395138,100.0,6.0,180.0
100.14496951034003,-18.56142867641841,-27.33246770826995,100.0,6.0,180.0
100.67150764790313,-18.78111437753884,-27.08346252117454,100.0,6.0,180.0
100.7943172328573,-18.85506509487477,-27.211177735246142,100.0,6.0,180.0
100.5166882221507,-18.754436914113487,-27.447295903840285,100.0,6.0,180.0
100.2700369383962,-18.49389023563577,-27.534423368193263,100.0,6.0,180.0
100.26479835366902,-18.214551499276595,-27.55662620792381,100.0,6.0,180.0
100.30029747931306,-18.04546214457759,-27.464099044325685,100.0,6.0,180.0
100.19776612090745,-18.1165904358321,-27.220924401149613,100.0,6.0,180.0
100.04968448795806,-18.266373838577746,-27.08155033112268,100.0,6.0,180.0
100.0330368498726,-18.15783859750472,-27.056248866274856,100.0,6.0,180.0
100.1903463622883,-17.937230499348125,-26.963078968558097,100.0,6.0,180.0
100.26335690868764,-17.82097341002234,-27.02066646014565,100.0,6.0,180.0
100.07950196649584,-17.801743892176205,-27.208196047787304,100.0,6.0,180.0
99.73821261364434,-17.851441367769738,-27.05960383662536,100.0,6.0,180.0
99.4401522322921,-17.918354631528278,-26.635125153088843,100.0,6.0,180.0
99.27063904194608,-17.983060170000556,-26.298196189717483,100.0,6.0,180.0
99.10639485362395,-17.97498016199632,-26.115511483851847,100.0,6.0,180.0
98.83737936143744,-17.918047261784007,-26.092921231727395,100.0,6.0,180.0
98.48046589659998,-17.994230399665888,-26.277875525041804,100.0,6.0,180.0
98.22188461662569,-18.17483712739457,-26.58596392445536,100.0,6.0,180.0
98.15080889511012,-18.30928928959858,-26.97064898815536,100.0,6.0,180.0
98.11301929288013,-18.415502468265927,-27.4185736409884,100.0,6.0,180.0
98.02383311713956,-18.457613004613385,-27.82089636559969,100.0,6.0,180.0
97.9817906935988,-18.281249123652245,-28.140561182891503,100.0,6.0,180.0
98.06469758323465,-17.995196751073113,-28.255779612315177,100.0,6.0,180.0
98.0751952307946,-17.819402002128975,-28.12599519183979,100.0,6.0,180.0
97.92573131768,-17.73028840282067,-28.118820430609567,100.0,6.0,180.0
97.84871824358254,-17.600975635006627,-28.51236961918652,100.0,6.0,180.0
97.91578947234667,-17.47367773676724,-29.01403072548848,100.0,6.0,180.0
98.08067163664634,-17.462105450169926,-29.291158682666108,100.0,6.0,180.0
98.2967437463358,-17.39625670227646,-29.47226838873435,100.0,6.0,180.0
98.4766871672326,-17.141393796258594,-29.599794691233832,100.0,6.0,180.0
98.72049211498638,-16.879834744764025,-29.55798049428034,100.0,6.0,180.0
99.21350029359276,-16.752476294111553,-29.34130378744021,100.0,6.0,180.0
99.77401746358288,-16.791517728289605,-28.95206655840755,100.0,6.0,180.0
99.98268109791933,-17.056118260870914,-28.52794483142022,100.0,6.0,180.0
99.8709788173405,-17.53650798850826,-28.20308974124888,100.0,6.0,180.0
99.6697876276637,-18.05114839414287,-28.14711819858401,100.0,6.0,180.0
99.45324694395634,-18.32009584761516,-28.4039710994656,100.0,6.0,180.0
99.35758206528176,-18.31363454186319,-28.48892690434896,100.0,6.0,180.0
99.41659534955284,-18.18816748816765,-28.205486681987043,100.0,6.0,180.0
99.59563094964908,-17.996424370517204,-28.109368217334183,100.0,6.0,180.0
99.7651630978393,-17.947414248123003,-28.49507122015426,100.0,6.0,180.0
99.83542419285732,-18.11175250162385,-28.94176502257313,100.0,6.0,180.0
99.83138292866356,-18.29637069156716,-29.11115238427812,100.0,6.0,180.0
99.63807988064111,-18.422280407915416,-29.044383991336243,100.0,6.0,180.0
99.3964528651624,-18.38419793262204,-28.911572068220405,100.0,6.0,180.0
99.28073707224664,-18.21308033407648,-28.97801633113337,100.0,6.0,180.0
99.07806048852024,-18.1098032869106,-29.14714734506956,100.0,6.0,180.0
98.69152881080248,-18.088555316733355,-29.10357047027433,100.0,6.0,180.0
98.17119698196409,-18.059751944580125,-28.89238909344416,100.0,6.0,180.0
97.67328209373396,-17.97378397612672,-28.770971152086084,100.0,6.0,180.0
97.36132942196588,-17.877127794675978,-28.802019865126383,100.0,6.0,180.0
97.22663395215844,-17.937402637271948,-28.808969229075625,100.0,6.0,180.0
97.28597856726576,-18.19545116475847,-28.86745162784662,100.0,6.0,180.0
97.39744228289317,-18.37593461729817,-29.109215556749472,100.0,6.0,180.0
97.43706658056546,-18.297542718012785,-29.37892030290218,100.0,6.0,180.0
97.45950845251367,-18.11953256043637,-29.37125370887986,100.0,6.0,180.0
97.2935881451582,-18.04203884024133,-28.982099877643407,100.0,6.0,180.0
96.84077673303956,-18.14291654067257,-28.552676490443744,100.0,6.0,180.0
96.37591669372296,-18.222624508170824,-28.47106048092457,100.0,6.0,180.0
96.07330307902043,-18.130409502863564,-28.829365867526544,100.0,6.0,180.0
95.83837440336396,-17.993555439015235,-29.33117769975436,100.0,6.0,180.0
95.61647237782098,-17.90428421007473,-29.74547117284433,100.0,6.0,180.0
95.42807227700516,-17.929054818403372,-30.01063422877447,100.0,6.0,180.0
95.19769530122912,-17.92174156487433,-30.07547342783006,100.0,6.0,180.0
95.00347988835588,-17.732979057942412,-30.07229685707872,100.0,6.0,180.0
95.0137627728506,-17.500663993556735,-30.024692380987084,100.0,6.0,180.0
95.15520213779548,-17.27681355790259,-29.824442526061816,100.0,6.0,180.0
95.27344185117576,-17.042996012338204,-29.526175376850706,100.0,6.0,180.0
95.26268946224386,-16.861253643731516,-29.352872990656845,100.0,6.0,180.0
95.26894271719104,-16.819246215587448,-29.41279275214797,100.0,6.0,180.0
95.52646607591365,-16.967792087339966,-29.40482055782724,100.0,6.0,180.0
95.80848212175498,-17.24450900579989,-29.224697610393378,100.0,6.0,180.0
95.87792709804636,-17.569378112327303,-29.260070473520425,100.0,6.0,180.0
95.89642750965616,-17.846860686632034,-29.538353985190504,100.0,6.0,180.0
95.89567707726776,-17.925708233077067,-29.831349886263503,100.0,6.0,180.0
95.70933453038096,-17.909645165932496,-30.014190219849105,100.0,6.0,180.0
95.41459507911628,-17.943748286255925,-29.976355612424904,100.0,6.0,180.0
95.2737690673384,-18.01518143530668,-29.7887761367664,100.0,6.0,180.0
95.32021201478068,-18.08431174526483,-29.660056332816573,100.0,6.0,180.0
95.427893310373,-17.99922985010778,-29.779264657744715,100.0,6.0,180.0
95.49221119471038,-17.684140835222106,-30.23314374025012,100.0,6.0,180.0
95.47037247331149,-17.31505928623629,-30.78568479259801,100.0,6.0,180.0
95.38217020936013,-17.23570331759638,-30.90525695027265,100.0,6.0,180.0
95.3017941121929,-17.554179655455474,-30.525835043712974,100.0,6.0,180.0
95.2507253203966,-17.962907685287572,-30.04034199132232,100.0,6.0,180.0
95.28393224049448,-18.143031910305822,-29.75460667485796,100.0,6.0,180.0
95.65583374966248,-18.12440942230982,-29.73995697657486,100.0,6.0,180.0
96.13042683874832,-18.100190023396376,-29.662167110733165,100.0,6.0,180.0
96.31143307405117,-18.153461192860984,-29.43527280217096,100.0,6.0,180.0
96.31786657029068,-18.232523484659115,-29.26383033722793,100.0,6.0,180.0
96.1467134929648,-18.21697546048405,-29.026953508594296,100.0,6.0,180.0
95.75665795085402,-18.12965256310466,-28.800859261613773,100.0,6.0,180.0
95.4458695911372,-18.077817132324512,-28.94294372673468,100.0,6.0,180.0
95.46192035821478,-17.978782091750656,-29.41483988572412,100.0,6.0,180.0
95.65752641370642,-17.867321605075183,-29.80401241176523,100.0,6.0,180.0
95.74051808480549,-17.95010466243011,-29.867822174582702,100.0,6.0,180.0
95.67725994224406,-18.117262893115008,-29.76369561705446,100.0,6.0,180.0
95.64087839836633,-18.27761667885784,-29.73397221536488,100.0,6.0,180.0
95.68750685979631,-18.522633409453366,-29.7993140957598,100.0,6.0,180.0
95.77722403188064,-18.67985250087928,-29.76078948526746,100.0,6.0,180.0
95.9151708523086,-18.59851197508032,-29.63815793861976,100.0,6.0,180.0
96.0374827707601,-18.322776939048943,-29.64639920839,100.0,6.0,180.0
96.1448996524304,-17.958689652145992,-29.75904621329843,100.0,6.0,180.0
96.330850280786,-17.697594039244215,-30.01107913251405,100.0,6.0,180.0
96.68647247146174,-17.435651645059473,-30.451525419645943,100.0,6.0,180.0
97.10864058157578,-17.13004671309881,-30.97015835812201,100.0,6.0,180.0
97.30739135777556,-17.00856298475975,-31.413700222489407,100.0,6.0,180.0
97.18155650832249,-17.022168069280735,-31.62129369891443,100.0,6.0,180.0
96.84675681674024,-17.104890505576584,-31.63745405610316,100.0,6.0,180.0
96.4637229449822,-17.207909314573822,-31.563776303665023,100.0,6.0,180.0
96.05588675169622,-17.23351859234579,-31.23815296210662,100.0,6.0,180.0
95.74855534445442,-17.320652861443936,-30.72769960887876,100.0,6.0,180.0
95.7637218889888,-17.66537322211389,-30.335522487769826,100.0,6.0,180.0
95.95354952672298,-18.166322416372672,-30.020156277210816,100.0,6.0,180.0
96.0808418477518,-18.503626996387567,-29.79880024684012,100.0,6.0,180.0
96.1974498522514,-18.60063641990196,-29.77451618031878,100.0,6.0,180.0
96.3031956650194,-18.60091584620584,-29.764666960199,100.0,6.0,180.0
96.22872213424564,-18.56952040140288,-29.791772017570924,100.0,6.0,180.0
95.97490588117006,-18.558121159584545,-30.08577805706682,100.0,6.0,180.0
95.7460483570357,-18.52109284224758,-30.674364736594978,100.0,6.0,180.0
95.6852844060808,-18.19887352434348,-31.4621263600985,100.0,6.0,180.0
95.78206816442736,-17.573053526999352,-32.195488024873995,100.0,6.0,180.0
96.12574542466484,-16.88489003762301,-32.76816291919825,100.0,6.0,180.0
96.67265875429814,-16.280226938967704,-33.18497124735791,100.0,6.0,180.0
96.99984131502111,-15.936240715333252,-33.333153967425346,100.0,6.0,180.0
96.91932750299576,-15.87305106416061,-33.327492771222545,100.0,6.0,180.0
96.63489821088314,-15.88445172691323,-33.31817535063367,100.0,6.0,180.0
96.3042845605182,-15.761568220571618,-33.45501226670223,100.0,6.0,180.0
95.94303290118692,-15.536617361058925,-33.95347008405582,100.0,6.0,180.0
95.67306915093032,-15.48615584225941,-34.60712621452938,100.0,6.0,180.0
95.6254997925801,-15.578397124268388,-35.021490121932665,100.0,6.0,180.0
95.68646440638476,-15.724642014741622,-35.261741599987104,100.0,6.0,180.0
95.7530222061195,-16.187937355370785,-35.47734940630329,100.0,6.0,180.0
95.76606017474111,-16.978103418574104,-35.53518912716261,100.0,6.0,180.0
95.68141523458978,-17.631190921402258,-35.41353683428014,100.0,6.0,180.0
95.59273897283111,-17.8960499025302,-35.250805707275255,100.0,6.0,180.0
95.55251047939014,-17.97637263792368,-35.23218494300156,100.0,6.0,180.0
95.27940423775344,-18.06233206268572,-35.40460456548043,100.0,6.0,180.0
94.75378051904184,-18.15368812105696,-35.60507684991257,100.0,6.0,180.0
94.42705275634742,-18.25328669359685,-35.7752880367087,99.99999237060548,6.0,180.0
94.22319897117757,-18.42591275317476,-35.95571827565752,100.0,6.0,180.0
93.87994721235104,-18.723339428851308,-36.0860147709309,100.0,6.0,180.0
93.49526009128928,-18.86616107255847,-36.15168756429314,100.0,6.0,180.0
93.18072280129736,-18.56956328157932,-36.13172127675386,100.0,6.0,180.0
93.04733121462334,-18.15119323458407,-35.81821101789727,100.0,6.0,180.0
93.259972185248,-17.997898056503573,-35.330133558839435,100.0,6.0,180.0
93.69246703399286,-18.02670912963277,-34.87070857602984,100.0,6.0,180.0
94.06762984172312,-18.06097603383804,-34.213155178760374,100.0,6.0,180.0
94.4615062724786,-18.11811706092186,-33.441732009528465,100.0,6.0,180.0
94.96728322518882,-18.197481547402248,-32.934769967131416,100.0,6.0,180.0
95.52134740840668,-18.2700988218611,-32.79169523802786,100.0,6.0,180.0
96.03182777128686,-18.23756159895425,-32.99583639508146,100.0,6.0,180.0
96.33368264260172,-18.07233824935104,-33.28542552355852,100.0,6.0,180.0
96.25863395074164,-17.84300661618788,-33.25452094941517,100.0,6.0,180.0
95.8575565957038,-17.60149023665071,-32.89773665455059,100.0,6.0,180.0
95.39287659722058,-17.528343705434438,-32.53330847235,100.0,6.0,180.0
95.06965519399992,-17.627571386496214,-32.52962026874657,100.0,6.0,180.0
94.92894822515773,-17.721938492735205,-33.06225032090176,100.0,6.0,180.0
94.8570387480382,-17.725384514675085,-33.80064911509027,100.0,6.0,180.0
94.85916256642082,-17.62925266341833,-34.35861649531528,100.0,6.0,180.0
95.19244677496508,-17.49632425721632,-34.68824014131533,100.0,6.0,180.0
95.88001907426286,-17.42895387277469,-34.744037790952056,100.0,6.0,180.0
96.41541593890229,-17.46480411367667,-34.5292981477691,100.0,6.0,180.0
96.55690436397184,-17.52971614943596,-34.198266771677915,100.0,6.0,180.0
96.64686507821044,-17.493890913331597,-33.81706358790224,100.0,6.0,180.0
96.72708111385082,-17.298850588744962,-33.39581367522258,100.0,6.0,180.0
96.621888006983,-17.027932789778934,-33.067913325080866,100.0,6.0,180.0
96.36098065357588,-16.899415725248225,-32.87430886247734,100.0,6.0,180.0
96.0118016498636,-17.018614241058593,-32.76762550764441,100.0,6.0,180.0
95.75763986428348,-17.189883292172112,-32.78563545141887,100.0,6.0,180.0
95.7174963917717,-17.27120477863524,-32.87682158940981,100.0,6.0,180.0
95.70344823516746,-17.27445333890981,-33.09889142982519,100.0,6.0,180.0
95.55055025304506,-17.25200761709392,-33.4972780795948,100.0,6.0,180.0
95.23006732042278,-17.20272387140471,-33.753231364323995,100.0,6.0,180.0
94.8873186090827,-17.125294155198578,-33.78826622258726,100.0,6.0,180.0
94.77230097971984,-17.147978666369102,-33.78171225758104,100.0,6.0,180.0
94.7759966307899,-17.358201019919218,-33.60313405613821,100.0,6.0,180.0
94.71475788221002,-17.569459564518194,-33.2575231903363,100.0,6.0,180.0
94.48494155537674,-17.4654885037919,-32.987655874582856,100.0,6.0,180.0
94.20778603603944,-17.069999910814218,-32.76383809773243,100.0,6.0,180.0
94.15760648339256,-16.555551581005936,-32.510083685008446,100.0,6.0,180.0
94.19870027965084,-15.97320843654864,-32.249233808945334,100.0,6.0,180.0
94.18417349845348,-15.451214887986197,-31.97794235377848,100.0,6.0,180.0
94.20595016321955,-15.246121728114211,-31.742729298671662,100.0,6.0,180.0
94.29338571988376,-15.351052689374118,-31.568280859432136,100.0,6.0,180.0
94.35766083815516,-15.393156842921504,-31.58725662108948,100.0,6.0,180.0
94.42472933156654,-15.21732373248483,-31.84995758414773,100.0,6.0,180.0
94.6430278805068,-15.1048078399533,-32.17661676883993,100.0,6.0,180.0
95.00815873535068,-15.251575445132277,-32.47029898819619,100.0,6.0,180.0
95.37517800521351,-15.40101839288332,-32.52888139931321,100.0,6.0,180.0
95.75463589516974,-15.429205001664828,-32.33023546625745,100.0,6.0,180.0
96.2092397823452,-15.515721233949204,-32.28463136813259,100.0,6.0,180.0
96.59280963377628,-15.7238055900573,-32.43580929092316,100.0,6.0,180.0
96.9302233667487,-15.965983955263749,-32.567244225447205,100.0,6.0,180.0
97.35371999956249,-16.12765976870087,-32.68958432351482,100.0,6.0,180.0
97.563674210436,-16.20834017945233,-32.91440669447543,100.0,6.0,180.0
97.41205594358168,-16.33177173862365,-33.26175954747891,100.0,6.0,180.0
97.31274557418556,-16.59545136148114,-33.534865808943714,100.0,6.0,180.0
97.42514471743984,-16.88693413747605,-33.733161971685966,100.0,6.0,180.0
97.52256062003148,-16.99726650992011,-33.84853262099922,100.0,6.0,180.0
97.58301992192874,-17.05571455247347,-33.81356492925817,100.0,6.0,180.0
97.65464239206132,-17.275430829571288,-33.72392328394834,100.0,6.0,180.0
97.5931255014377,-17.549705721117228,-33.61882335474315,100.0,6.0,180.0
97.41641562378491,-17.797697439390532,-33.56137710492649,100.0,6.0,180.0
97.21994150618669,-17.897714147215197,-33.619493071706984,100.0,6.0,180.0
96.91886925210112,-17.771704807466215,-33.8472602917859,100.0,6.0,180.0
96.61131640265435,-17.530170403649592,-34.03576656623435,100.0,6.0,180.0
96.48129858273636,-17.305061208209803,-34.04852298873777,100.0,6.0,180.0
96.58811243883817,-17.107754111732106,-34.11326406228117,100.0,6.0,180.0
96.89523200103396,-16.83019985655266,-34.15739458761189,100.0,6.0,180.0
97.24880109805711,-16.547230004518227,-34.080768891266615,100.0,6.0,180.0
97.53527165490723,-16.33312576966439,-34.12754632850799,100.0,6.0,180.0
97.65212960454214,-16.13160486183292,-34.24875794970387,100.0,6.0,180.0
97.614690355745,-16.050616538437907,-34.30107734128377,100.0,6.0,180.0
97.5423649323631,-16.146600802705443,-34.31246773385352,100.0,6.0,180.0
97.50009472532402,-16.19846097672362,-34.25582947410666,100.0,6.0,180.0
97.47688987569128,-16.293849027013117,-34.224512468635666,100.0,6.0,180.0
97.3134231304546,-16.445864818585882,-34.13616615934447,100.0,6.0,180.0
96.91513641395387,-16.36011212991474,-33.82629009382259,100.0,6.0,180.0
96.52280551091737,-16.151096178167272,-33.41360031730172,100.0,6.0,180.0
96.32430865115926,-15.982001485107247,-33.1082914715113,100.0,6.0,180.0
96.2342135213326,-15.780676303755806,-33.05498663807147,100.0,6.0,180.0
96.21873564653166,-15.6448672003777,-33.16907531721027,100.0,6.0,180.0
96.30251722133146,-15.785869985201536,-33.15364540595612,100.0,6.0,180.0
96.42851587401135,-15.976905139245368,-32.902425098971776,100.0,6.0,180.0
96.3529449046837,-15.858730802375632,-32.718239246750656,100.0,6.0,180.0
96.12487003011476,-15.596028145437288,-32.757882257127704,100.0,6.0,180.0
96.00203438596456,-15.506960538667837,-32.86968332578006,100.0,6.0,180.0
95.92683465860652,-15.573252031676724,-33.0365571783853,100.0,6.0,180.0
95.9508471320264,-15.672609411894788,-33.22149982909567,100.0,6.0,180.0
96.252760132282,-15.899963690018517,-33.41478442723727,100.0,6.0,180.0
96.65730583501116,-16.25365496365495,-33.68390755987729,100.0,6.0,180.0
96.87986204893464,-16.602162340254885,-33.97668656423697,100.0,6.0,180.0
96.94845778402748,-16.91274602368245,-34.192388395942814,100.0,6.0,180.0
96.94177831081868,-17.11064264960936,-34.12064510102233,100.0,6.0,180.0
96.83158606275556,-17.22176160428315,-33.80219513071943,100.0,6.0,180.0
96.61992298485592,-17.311638586778713,-33.55845475041796,100.0,6.0,180.0
96.55321047215594,-17.410560368621297,-33.46372917644711,100.0,6.0,180.0
96.7676898209478,-17.508979632959488,-33.505486562129654,100.0,6.0,180.0
96.97722625529514,-17.518356896583636,-33.659485105590335,100.0,6.0,180.0
97.04539710427962,-17.381911494889525,-33.709083632290245,100.0,6.0,180.0
97.03030193407074,-17.058710733329935,-33.528959653100294,100.0,6.0,180.0
97.02745407043928,-16.751261032271053,-33.27618117787705,100.0,6.0,180.0
97.20487515859656,-16.59490107620603,-33.15140881431268,100.0,6.0,180.0
97.39988849056591,-16.518667183855722,-33.215420643722126,100.0,6.0,180.0
97.35989771730316,-16.729584760528336,-33.446167890868786,100.0,6.0,180.0
97.28984691163126,-17.221725683346037,-33.73655164328656,100.0,6.0,180.0
97.28722371366936,-17.714497916654402,-33.909087162574885,100.0,6.0,180.0
97.1609126120174,-18.118345508441063,-33.90171591280839,100.0,6.0,180.0
96.95684448040288,-18.36784403502148,-33.88886577629528,100.0,6.0,180.0
96.75128034391231,-18.402371710955755,-33.96801285357519,100.0,6.0,180.0
96.49553426169376,-18.09633766099204,-34.042192498991525,100.0,6.0,180.0
96.16893833745792,-17.562266396221585,-34.01393055927646,100.0,6.0,180.0
95.98810641525918,-17.073021673781486,-33.92819609175826,100.0,6.0,180.0
96.15122323968625,-16.664078885550953,-33.97693577784667,100.0,6.0,180.0
96.29782964047514,-16.38664532049895,-34.11101151311618,100.0,6.0,180.0
96.2160123115642,-16.34592634503832,-34.2134906182293,100.0,6.0,180.0
96.17752574654412,-16.49274701514813,-34.18970931649622,100.0,6.0,180.0
96.29550236041555,-16.715355161737662,-34.11050882618349,100.0,6.0,180.0
96.45437665061354,-16.95801716641935,-34.270305710248905,100.0,6.0,180.0
96.52995075872192,-17.037153054843696,-34.52926260162066,100.0,6.0,180.0
96.40488100356993,-16.85454386098452,-34.75753212671693,100.0,6.0,180.0
96.15800786539576,-16.687897965068856,-35.02587240404651,100.0,6.0,180.0
95.98063694945752,-16.785972823499616,-35.02711962581525,100.0,6.0,180.0
95.9004516959754,-16.950592030402635,-34.63087763799729,100.0,6.0,180.0
95.95236443670557,-17.109963639738147,-34.20139603364189,100.0,6.0,180.0
96.03944075377515,-17.33181191859729,-34.02317321575312,100.0,6.0,180.0
96.1039165574705,-17.420242684832157,-34.04954429245617,100.0,6.0,180.0
96.36073107071014,-17.318685784246608,-33.97436643726414,100.0,6.0,180.0
96.66223979373284,-17.20095245515118,-33.60856646914919,100.0,6.0,180.0
96.66411823355476,-17.25958926561689,-33.115711611639256,100.0,6.0,180.0
96.52908585604948,-17.414637777985874,-32.773866979985534,100.0,6.0,180.0
96.4900621277006,-17.443075305486694,-32.69807122579931,100.0,6.0,180.0
96.54771899829872,-17.42994907891752,-32.82647284897579,100.0,6.0,180.0
96.62587646144831,-17.647087662786568,-33.01594777972352,100.0,6.0,180.0
96.54599651019522,-18.109434397856745,-33.282303314974946,100.0,6.0,180.0
96.42423666996618,-18.63766671683885,-33.67455411702558,100.0,6.0,180.0
96.35722890308986,-19.10748174614961,-34.0252287564936,100.0,6.0,180.0
96.20265126226889,-19.233353641909368,-34.239045688049345,100.0,6.0,180.0
96.24475442676246,-18.80711029714977,-34.35969626870656,100.0,6.0,180.0
96.583888169589,-18.22440931975861,-34.446932409355654,100.0,6.0,180.0
96.82577898804747,-17.93642531191349,-34.53166441752958,100.0,6.0,180.0
96.89734992759276,-17.78745639229057,-34.7209320747058,100.0,6.0,180.0
96.92985852079872,-17.493217554281966,-35.08137999054407,100.0,6.0,180.0
97.04805253832323,-17.21820816958811,-35.49319615408868,100.0,6.0,180.0
97.2859872099542,-17.18997472600394,-35.79081216556612,100.0,6.0,180.0
97.5318928990224,-17.27898913136669,-35.84806251312209,100.0,6.0,180.0
97.81482867549022,-17.385365991511893,-35.74370774516401,100.0,6.0,180.0
97.97913230182353,-17.500088756261075,-35.61659475266558,100.0,6.0,180.0
97.8902572126855,-17.53858729385643,-35.425021541946926,100.0,6.0,180.0
97.7878810668068,-17.551197051730043,-35.12077730242612,100.0,6.0,180.0
97.77024565982278,-17.644204776308737,-34.79706260821758,100.0,6.0,180.0
97.83716570047686,-17.667178442022376,-34.67242370156068,100.0,6.0,180.0
97.98422535153516,-17.572113099949654,-34.88361729225303,100.0,6.0,180.0
98.1641375871311,-17.665772432075304,-35.39754601238887,100.0,6.0,180.0
98.43221109994296,-17.93273363060717,-36.0843117444032,100.0,6.0,180.0
98.66418887295544,-18.08985209263125,-36.78050807326376,100.0,6.0,180.0
98.5946459353405,-18.18411466789864,-37.24727962983857,100.0,6.0,180.0
98.3504240692942,-18.388576188616828,-37.27355505606827,100.0,6.0,180.0
98.30300127188993,-18.7397099396177,-37.01125375606677,100.0,6.0,180.0
98.4719064319856,-19.15636349452619,-36.73596878848308,100.0,6.0,180.0
98.58270837725868,-19.39847306450272,-36.6710474774418,100.0,6.0,180.0
98.45949281498378,-19.350966052940272,-36.730013165598486,100.0,6.0,180.0
98.16499832882612,-19.20568092781576,-36.533309023298976,100.0,6.0,180.0
97.86434657864568,-19.26681704524876,-36.210323739599296,100.0,6.0,180.0
97.6176127970687,-19.523263985890253,-36.081411891928816,100.0,6.0,180.0
97.47500599246176,-19.749335524253087,-36.15546160288479,100.0,6.0,180.0
97.58378607465262,-19.98109876760298,-36.38542652714444,100.0,6.0,180.0
97.94083788318756,-20.16352086443994,-36.76543625724659,100.0,6.0,180.0
98.3286981133936,-20.20603234273449,-37.15195931806057,100.0,6.0,180.0
98.61701492540482,-20.187288601920624,-37.35118452108488,100.0,6.0,180.0
98.85125825075085,-20.108465304377823,-37.50689529245709,100.0,6.0,180.0
99.0077616152434,-19.99523121881453,-37.73301427389201,100.0,6.0,180.0
98.96841848046778,-19.941078239629093,-37.94684553868965,100.0,6.0,180.0
98.62590549463508,-19.94359627344923,-38.11537170986519,100.0,6.0,180.0
98.0358275355106,-19.822746800131608,-38.20099748834622,100.0,6.0,180.0
97.49362265951396,-19.46753004160404,-38.132295155837056,100.0,6.0,180.0
97.19258426299922,-18.87571959583101,-37.94958365424985,100.0,6.0,180.0
97.0854775981007,-18.143452600935337,-37.834457693085895,100.0,6.0,180.0
97.14205178622542,-17.51566548666497,-37.69521796123678,100.0,6.0,180.0
97.28487695539124,-17.125600042984935,-37.38679691219735,100.0,6.0,180.0
97.29750687749606,-17.0362488016593,-37.20540252998688,100.0,6.0,180.0
97.13113390213624,-17.106657267670833,-37.23086974861666,100.0,6.0,180.0
96.97351184838884,-17.064287095864163,-37.18192912948064,100.0,6.0,180.0
97.00306684139282,-16.981713708790522,-36.97350753381586,100.0,6.0,180.0
97.12169674037192,-17.036947713733568,-36.682686304094446,100.0,6.0,180.0
97.13330954791972,-17.167255337103963,-36.50554658482766,100.0,6.0,180.0
97.14674596690318,-17.154501580919316,-36.420451004816265,100.0,6.0,180.0
97.4110555785323,-16.93927394641191,-36.28771623314496,100.0,6.0,180.0
97.76767909201172,-16.693828718425383,-36.16655463195714,100.0,6.0,180.0
97.87636406612386,-16.546629206980903,-36.11733632074981,100.0,6.0,180.0
97.81744515627872,-16.529093978866243,-36.05489512493435,100.0,6.0,180.0
97.7765571680747,-16.72390731830836,-36.02004025207299,100.0,6.0,180.0
97.80362491277018,-17.17150231991399,-36.28552555206301,100.0,6.0,180.0
97.91975162404698,-17.535472345798418,-36.74696304088195,100.0,6.0,180.0
98.16008858969994,-17.440417877818966,-37.1669327135609,100.0,6.0,180.0
98.60793585188286,-17.18272246640896,-37.45660531330482,100.0,6.0,180.0
99.22489660489404,-17.123848944928156,-37.46307663879444,100.0,6.0,180.0
99.92084974276688,-17.141125030468267,-37.20858527066562,100.0,6.0,180.0
100.31569028135895,-17.139923415381737,-36.994609265098944,100.0,6.0,180.0
100.20008773698795,-17.143428055244684,-37.17762970254788,100.0,6.0,180.0
100.08476244813582,-17.134551388405185,-37.69580466675979,100.0,6.0,180.0
100.23089426124558,-17.163704693154525,-38.11366058149855,100.0,6.0,180.0
100.4523789052776,-17.336056755667066,-38.26569804230515,100.0,6.0,180.0
100.60633379141238,-17.521668282190397,-38.2906309027801,100.0,6.0,180.0
100.68054483733758,-17.530820007160045,-38.23795612963436,100.0,6.0,180.0
100.67764875589856,-17.296044735573123,-38.04748119652792,99.99999237060548,6.0,180.0
100.48553468407792,-16.88824157464405,-37.746963233038336,99.99999237060548,6.0,180.0
100.03409918774928,-16.5849376034632,-37.48037150617546,100.0,6.0,180.0
99.37475365458243,-16.460298664176683,-37.26776875220671,100.0,6.0,180.0
98.772184568544,-16.36205158394339,-36.956407102670894,100.0,6.0,180.0
98.64446690472056,-16.25261992763231,-36.53635242098907,100.0,6.0,180.0
99.01446552721164,-16.235891331115074,-36.26680054854298,100.0,6.0,180.0
99.51214077541628,-16.425096917794928,-36.42211384098383,100.0,6.0,180.0
99.93562978611068,-16.770891115283682,-36.91206910044513,100.0,6.0,180.0
100.26399438829569,-17.12767390428316,-37.17090568545893,100.0,6.0,180.0
100.4794110641872,-17.361134460548232,-36.94057543238727,100.0,6.0,180.0
100.65704251349052,-17.55624106252713,-36.72853046884084,100.0,6.0,180.0
100.8554841125646,-18.04872593235698,-36.814885166388365,100.0,6.0,180.0
100.99280804852924,-18.82234905736293,-36.94963477546809,100.0,6.0,180.0
100.96052731677446,-19.52253866471684,-37.06589006150505,100.0,6.0,180.0
100.59737837240488,-19.917177836836363,-37.17127827502563,100.0,6.0,180.0
100.03973575423824,-20.01834144112216,-37.17046719675021,100.0,6.0,180.0
99.80920771795324,-20.03258644000656,-37.05926097346807,100.0,6.0,180.0
99.9052554806436,-20.066031508281963,-36.847786314932456,100.0,6.0,180.0
99.95537403241003,-20.08413024541872,-36.73975864889028,100.0,6.0,180.0
99.98472623570032,-20.152638018853995,-36.87292429688023,100.0,6.0,180.0
99.99853112821869,-20.23034831767376,-37.00192355423054,100.0,6.0,180.0
99.90874580981878,-20.195494008809145,-37.03374868141159,100.0,6.0,180.0
99.9529757546006,-20.108475648350137,-37.27300126631164,100.0,6.0,180.0
100.43578786473,-19.993872472853816,-37.99426207427493,100.0,6.0,180.0
101.2170470289474,-19.812364554601267,-38.909579436301456,100.0,6.0,180.0
101.9091332833321,-19.49750976504801,-39.59777808443867,100.0,6.0,180.0
102.39296226400766,-19.091640209419246,-40.14950663720544,100.0,6.0,180.0
102.68629849522134,-18.67883281433737,-40.59071570153468,100.0,6.0,180.0
102.92772203204828,-18.189678652942497,-40.78342014216262,100.0,6.0,180.0
103.2632840910938,-17.699847151463082,-40.742811836537314,100.0,6.0,180.0
103.4843730255216,-17.396974541425514,-40.53693719047409,100.0,6.0,180.0
103.44465256536516,-17.30420663392998,-40.29355853427782,100.0,6.0,180.0
103.41962062475572,-17.435314217353497,-39.93293764859688,100.0,6.0,180.0
103.54618031034636,-17.734969068277433,-39.54174910392429,100.0,6.0,180.0
103.6658384654491,-17.94075437700238,-39.43274723479693,100.0000076293945,6.0,180.0
103.7390585353062,-17.903008748725995,-39.64156745162067,100.0,6.0,180.0
103.76997590654712,-17.671589498237314,-39.90485595345119,100.0,6.0,180.0
103.71259965576463,-17.38886024678982,-39.86288683595096,100.0,6.0,180.0
103.55020488747805,-17.31168513468168,-39.48163376554989,100.0,6.0,180.0
103.28091452543272,-17.646352713632357,-39.10026612750515,100.0,6.0,180.0
103.01681801554474,-18.13649610869664,-39.03246816028503,99.99999237060548,6.0,180.0
102.89087316315216,-18.215487467422413,-39.26704261471952,100.0,6.0,180.0
102.8716969873437,-17.924557373824786,-39.6450267196523,100.0,6.0,180.0
102.8928118635276,-17.78708804745589,-39.99644472108129,100.0,6.0,180.0
102.8917767602362,-17.842845178101708,-40.123168464701536,100.0,6.0,180.0
102.88282813610309,-17.89643799179475,-40.00811142527795,100.0,6.0,180.0
102.96595452994876,-17.88466352859122,-39.66072433519674,100.0,6.0,180.0
103.03396228069748,-17.758093905607726,-39.092484595064,100.0,6.0,180.0
103.0697759825151,-17.639059180008445,-38.64908012210806,99.99999237060548,6.0,180.0
103.2160146918322,-17.640459245519924,-38.6887765401395,100.0,6.0,180.0
103.32593572821432,-17.734551992681652,-39.18566187829425,100.0,6.0,180.0
103.25420087354183,-17.913122830023116,-39.7524973283661,100.0,6.0,180.0
102.966992829583,-18.16628549232871,-40.18733249071269,100.0,6.0,180.0
102.4774927302815,-18.349074544865186,-40.58045964498934,100.0,6.0,180.0
101.99489804342927,-18.278867607308136,-40.91610099632385,100.0,6.0,180.0
101.72907652510844,-18.063275369661586,-41.19813550360608,100.0,6.0,180.0
101.74112219156513,-18.05751891445306,-41.475953497916855,100.0,6.0,180.0
101.9265985201082,-18.38333757373733,-41.69665539364397,100.0,6.0,180.0
102.0584812054087,-18.8037610904072,-41.7506446913911,100.0,6.0,180.0
102.031633878316,-19.20339364093824,-41.66428546130774,100.0,6.0,180.0
101.93114383647136,-19.553860699785808,-41.42431571095072,100.0,6.0,180.0
101.814275937197,-19.68941473826276,-41.18021873248551,100.0,6.0,180.0
101.79518393930816,-19.49393074655809,-41.15744185788191,100.0,6.0,180.0
102.05132838911756,-19.07253458498996,-41.22178494510972,100.0,6.0,180.0
102.50525150420808,-18.721461569381173,-41.29874919850301,100.0,6.0,180.0
102.93899188698728,-18.540324548923564,-41.28963442786933,100.0,6.0,180.0
103.29040116986404,-18.43197292011949,-41.06158670191045,100.0,6.0,180.0
103.59595009566156,-18.286219751378766,-40.8161557628333,100.0,6.0,180.0
103.94093241308036,-17.999287517912354,-40.80405525879754,100.0,6.0,180.0
104.36366465286254,-17.758721290879244,-40.99395322412587,100.0,6.0,180.0
104.73967085313116,-17.74655140970809,-41.22209419543708,100.0,6.0,180.0
105.04159128400292,-17.699304061860943,-41.43042278816529,100.0,6.0,180.0
105.41536063962774,-17.431447365382063,-41.50794824870098,100.0,6.0,180.0
105.68819802616984,-17.071319203970184,-41.40687063375952,100.0,6.0,180.0
105.64656213891864,-16.71757808488489,-41.41786023801017,100.0,6.0,180.0
105.4704169428942,-16.47970764194141,-41.74102273094736,100.0,6.0,180.0
105.2268285516999,-16.417758384844447,-42.12412299816739,100.0,6.0,180.0
104.97094303142131,-16.4058068790618,-42.16817765302724,100.0,6.0,180.0
104.8381232046333,-16.536861005192282,-41.94927677853982,100.0,6.0,180.0
104.84370386616264,-16.806304576818622,-41.94986565852118,100.0,6.0,180.0
104.9481970167582,-16.877166967518164,-42.26709377328199,100.0,6.0,180.0
105.00492934324132,-16.77949587567132,-42.546220043380686,100.0,6.0,180.0
104.8496531961906,-16.85227455848981,-42.60689571348588,100.0,6.0,180.0
104.57936228800634,-17.237775119821144,-42.57776044760007,100.0,6.0,180.0
104.4831349122394,-17.783864624379824,-42.65477782524713,100.0,6.0,180.0
104.56455780700988,-18.26292971128435,-42.94275011372645,100.0,6.0,180.0
104.6744984238693,-18.53226303367529,-43.28764086099485,100.0,6.0,180.0
104.53426264722508,-18.63171311715277,-43.49021488030452,100.0,6.0,180.0
103.82207902486364,-18.60436464887556,-43.51512065481167,100.0,6.0,180.0
102.7110373618884,-18.30735969543697,-43.461862081154976,100.0,6.0,180.0
101.54278398955168,-17.753982806363695,-43.44751396607272,100.0,6.0,180.0
100.30431933737655,-17.165927768692914,-43.33842784862728,100.0,6.0,180.0
98.60631657365016,-16.67990369579671,-42.94046428964176,99.99991607666016,6.0,180.0
96.09966252593848,-16.290122088007912,-42.3868342267057,99.99495697021484,6.0,180.0
92.70253046436922,-15.868084137271495,-41.7950412342303,99.9674835205078,6.0,180.0
88.61250068637948,-15.373703229956227,-40.9731671340104,99.91128540039062,6.0,180.0
84.24245438394355,-14.871633821998948,-39.75701030521447,99.82972717285156,6.0,180.0
79.75293565075322,-14.19148633387112,-38.19723738392357,99.73786926269533,6.0,180.0
75.07852631088723,-13.195838246397049,-36.513565341344,99.73786926269533,6.0,180.0
70.39741950228539,-12.102496585676782,-34.78589035419525,99.64178466796876,6.0,180.0
65.96095833562131,-11.109228773246102,-33.08966234170676,99.54412078857422,6.0,180.0
61.66827575149637,-10.18962512552451,-31.65627475320844,99.4453125,6.0,180.0
57.42789299130013,-9.454565207851656,-30.46351656623168,99.34583282470705,6.0,180.0
53.59665540972839,-9.020802480312788,-29.437041609847487,99.2462158203125,6.0,180.0
50.57774221139982,-8.752823319576377,-28.72297155454213,99.14631652832033,6.0,180.0
48.31640110074026,-8.575116493530842,-28.32067659861439,99.04635620117188,6.0,180.0
46.65601089622224,-8.47219820769525,-27.90446713308601,99.04635620117188,6.0,180.0
45.41650459680692,-8.497236287835445,-27.274561170869774,98.94637298583984,6.0,180.0
44.40931558678163,-8.627176245685725,-26.693429673519795,98.84644317626952,6.0,180.0
43.63989712446664,-8.61782058940444,-26.40299122705512,98.7464828491211,6.0,180.0
43.26243803988602,-8.269490132474578,-26.368906485776154,98.64649200439452,6.0,180.0
43.33058923500965,-7.658978933687867,-26.531751405112907,98.54659271240234,6.0,180.0
43.479486233261504,-7.190585905601981,-26.724634571957782,98.44639587402344,6.0,180.0
43.36767361922799,-6.959550971883943,-26.75822313997811,98.44639587402344,6.0,180.0
43.15703888745514,-6.812585746997785,-26.681750910595994,98.34651184082033,6.0,180.0
43.1751925568088,-6.678721518836973,-26.58427417767648,98.24665069580078,6.0,180.0
43.12857542622192,-6.386454578950575,-26.45087020414457,98.14649963378906,6.0,180.0
42.69671538358448,-6.018221031097259,-26.364841112617665,98.0464096069336,6.0,180.0
42.18233671465326,-5.740464209924582,-26.38879573382753,97.94647979736328,6.0,180.0
41.625196461141925,-5.60907025240388,-26.443644857286223,97.84662628173828,6.0,180.0
40.93595763190682,-5.513890811386901,-26.42794421508814,97.74645233154295,6.0,180.0
40.51103868375879,-5.348427767639305,-26.30951973681287,97.74645233154295,6.0,180.0
40.53159614906142,-5.28937936335061,-26.224077607860465,97.64641571044922,6.0,180.0
40.7373411660568,-5.371391250367647,-26.18332521016028,97.54646301269533,6.0,180.0
40.95794577607632,-5.493096319354511,-26.025224499075915,97.44654846191406,6.0,180.0
41.131517037818,-5.577499375089825,-25.830533823498484,97.34684753417967,6.0,180.0
41.34928320947372,-5.686438528625201,-25.77816970886703,97.2467269897461,6.0,180.0
41.68400123925975,-5.91478083380135,-25.883148458183303,97.14634704589844,6.0,180.0
41.833163984580224,-6.0944252005370085,-25.947173172002675,97.14634704589844,6.0,180.0
41.7276328283434,-6.154212925392173,-25.818737971115794,97.04623413085938,6.0,180.0
41.63925220182043,-6.173865010175483,-25.65795035159851,96.94644927978516,6.0,180.0
41.5589396395888,-6.13738499790616,-25.545258315879,96.84652709960938,6.0,180.0
41.44022028213016,-6.257379716705504,-25.38770800897899,96.7467041015625,6.0,180.0
41.44153731201828,-6.650192676138667,-25.164206575529207,96.64653778076172,6.0,180.0
41.45587418698153,-7.052257962104764,-24.923395324477266,96.5464324951172,6.0,180.0
41.41061933268875,-7.414834934015992,-24.68670018767378,96.44666290283205,6.0,180.0
41.688032455778725,-7.899093412907053,-24.45049224168672,96.44666290283205,6.0,180.0
42.310759604542405,-8.546060381448637,-24.440357579257864,96.34674072265624,6.0,180.0
42.72003714596402,-9.171263408624435,-24.72642693127908,96.24665832519533,6.0,180.0
42.78118027429608,-9.458169128411736,-24.9758114958952,96.14644622802734,6.0,180.0
42.828568328186925,-9.257292230039765,-24.95377141610176,96.04649353027344,6.0,180.0
42.93036165006432,-8.700986417630055,-24.72921813352904,95.9465103149414,6.0,180.0
43.26459625702433,-8.219336561245994,-24.65619943180735,95.84642028808594,6.0,180.0
43.778099505198576,-8.150645240397719,-24.7220830484515,95.84642028808594,6.0,180.0
43.898482738574415,-8.24844928040611,-24.520819359859853,95.74649810791016,6.0,180.0
43.6706665403952,-8.232144671583523,-24.154149990303523,95.6465835571289,6.0,180.0
43.59080428201625,-8.242500029159238,-23.936303993834805,95.54651641845705,6.0,180.0
43.82874514755393,-8.354218460646791,-23.81455714265276,95.4469757080078,6.0,180.0
44.29099514452541,-8.38230794369234,-23.74586918677626,95.34661865234376,6.0,180.0
44.65712410912158,-8.37269928690834,-23.794398259819832,95.24641418457033,6.0,180.0
44.66829637923512,-8.527940429922628,-23.959725201550533,95.14654541015624,6.0,180.0
44.51368116970102,-8.764183119968953,-24.100420561016207,95.14654541015624,6.0,180.0
44.3784511424534,-8.944632067956576,-23.99617438767783,95.04637908935548,6.0,180.0
44.197632971930986,-9.10001615487674,-23.68207150178523,94.9463882446289,6.0,180.0
44.12063196472456,-9.136309452772789,-23.452129260782367,94.84645080566406,6.0,180.0
44.36842307557786,-8.82779653973796,-23.354209528724287,94.74640655517578,6.0,180.0
44.76438573895092,-8.298491465297559,-23.245771979985,94.64654541015624,6.0,180.0
45.011871908958966,-7.828387710158742,-23.186918392297216,94.54650115966795,6.0,180.0
44.852724213818135,-7.39279055918217,-23.293671534131008,94.54650115966795,6.0,180.0
44.19657266862325,-6.87117481164452,-23.545965626180788,94.446533203125,6.0,180.0
43.29251372421496,-6.363511955040036,-23.581914419130875,94.34632873535156,6.0,180.0
42.34681063730757,-6.052662091042686,-23.19605575354042,94.24647521972656,6.0,180.0
41.5793410348028,-6.174431776467268,-22.573269725801097,94.14646911621094,6.0,180.0
41.14136762751038,-6.644119662841634,-21.92546737592967,94.0464324951172,6.0,180.0
40.79976436803911,-6.874823400168603,-21.33471365545578,93.94652557373048,6.0,180.0
40.38458564925215,-6.657865696845105,-20.65964823059757,93.84644317626952,6.0,180.0
39.97054597864787,-6.213050516242809,-19.92864888359825,93.84644317626952,6.0,180.0
39.74195783161339,-5.780492443334494,-19.3172295540935,93.74655151367188,6.0,180.0
39.94511141605872,-5.716126496745259,-18.88563898019422,93.6466064453125,6.0,180.0
40.470042967350544,-6.229674757560412,-18.68679026207672,93.54644012451172,6.0,180.0
41.01259891570943,-7.021293532902732,-18.64427854184508,93.44649505615234,6.0,180.0
41.59887264765529,-7.628199691083165,-18.77384900966103,93.3463897705078,6.0,180.0
42.14986201121607,-7.933112114860464,-19.10859384478885,93.2464828491211,6.0,180.0
42.44040042558156,-8.068395841760214,-19.396726120909783,93.14657592773438,6.0,180.0
42.86836943248447,-8.11875328169424,-19.509071799382824,93.14657592773438,6.0,180.0
43.61377895221988,-8.173053132706166,-19.60428954244598,93.04644012451172,6.0,180.0
44.185842180439415,-8.351115848439747,-19.686524545583165,92.94645690917967,6.0,180.0
44.40985486266874,-8.533149930100945,-19.42758147869837,92.84654998779295,6.0,180.0
44.27462209747706,-8.50809334477096,-18.94866557955175,92.74651336669922,6.0,180.0
43.806557946149326,-8.33428486206682,-18.705286453711388,92.64665985107422,6.0,180.0
43.133461475533046,-8.164555219041471,-18.61650038724416,92.54669952392578,6.0,180.0
42.324251061312296,-8.032465529599738,-18.591483569444403,92.54669952392578,6.0,180.0
41.56142709327797,-8.05940001020287,-18.80047329748794,92.44646453857422,6.0,180.0
41.12382540816768,-8.372590439639525,-19.15719864382424,92.34649658203124,6.0,180.0
41.22884951077435,-8.863309701192673,-19.53935352431078,92.2464370727539,6.0,180.0
42.17916384022256,-9.51202748533206,-20.05636330875588,92.14639282226562,6.0,180.0
44.10292785289067,-10.226020337626316,-20.729392063924823,92.0464859008789,6.0,180.0
46.26137762955418,-10.62631324076938,-21.39162218613596,91.94645690917967,6.0,180.0
47.95722684304974,-10.67661150939165,-22.02792337951901,91.8465576171875,6.0,180.0
49.46762087294852,-10.618528377880226,-22.4677639649456,91.8465576171875,6.0,180.0
51.05099275292623,-10.550335269650873,-22.393478913889336,91.74657440185548,6.0,180.0
52.45111835672934,-10.55654969777682,-21.995754797698044,91.64645385742188,6.0,180.0
53.83380297253775,-10.787755518803598,-21.96739390786144,91.54646301269533,6.0,180.0
55.6660964505018,-11.3000882379915,-22.60555655371988,91.44652557373048,6.0,180.0
57.599702032951015,-11.908113875684244,-23.23059915652543,91.3464126586914,6.0,180.0
58.76433585368104,-12.413127460318872,-23.33979446523709,91.2465362548828,6.0,180.0
58.9989853948918,-12.786825256923452,-23.34601020149702,91.2465362548828,6.0,180.0
58.86368359859098,-13.089513586110376,-23.54987003677596,91.146484375,6.0,180.0
58.79711499696327,-13.323408213936467,-23.635331621021766,91.04655456542967,6.0,180.0
59.12774738267312,-13.371745124260825,-23.503580223827257,90.94660949707033,6.0,180.0
59.90324393680199,-13.26201327430528,-23.441309847120376,90.84645080566406,6.0,180.0
60.7806831318172,-13.199282689281596,-23.4111881216935,90.74652099609376,6.0,180.0
61.473241942596495,-13.220207053552787,-23.1244826728792,90.64649200439452,6.0,180.0
61.75437677874552,-13.196719661218903,-22.572145717030427,90.54646301269533,6.0,180.0
61.69470847517468,-13.037013956036828,-21.94751109181963,90.54646301269533,6.0,180.0
61.58002069084735,-12.798511472845776,-21.487543994117736,90.4465103149414,6.0,180.0
61.37733164722949,-12.693651916532303,-21.29302668419486,90.346435546875,6.0,180.0
60.90981348636024,-12.765009757961336,-21.08408514285162,90.2465591430664,6.0,180.0
60.31003817669315,-12.83866006537495,-20.528458348370144,90.14655303955078,6.0,180.0
59.88565665960351,-12.8020184004347,-19.742730181290792,90.04662322998047,6.0,180.0
59.9798147128522,-12.816567911678863,-19.227694456098792,89.94656372070312,6.0,180.0
61.196730589538376,-13.158443668975927,-19.28226279901856,89.94656372070312,6.0,180.0
64.05774987833905,-13.790478484657672,-19.677115187702807,89.84652709960938,6.0,180.0
67.77818950675001,-14.343176969731305,-20.064457441598925,89.74655151367188,6.0,180.0
70.94448246298244,-14.612192737996908,-20.273978120216416,89.6464614868164,6.0,180.0
73.38326361579229,-14.759256303735729,-20.295675254710098,89.54652404785156,6.0,180.0
75.12789126257985,-15.005095558065292,-20.329774902965784,89.44642639160156,6.0,180.0
75.99147577462446,-15.335944284901338,-20.42496712739201,89.34639739990234,6.0,180.0
76.6913487679312,-15.563266572220057,-20.483315596103527,89.24650573730469,6.0,180.0
77.76280167125812,-15.640865076617375,-20.759653714443694,89.24650573730469,6.0,180.0
78.72183602653953,-15.609295560406984,-21.301618282397115,89.14649963378906,6.0,180.0
79.07819074920418,-15.589770839202686,-21.64888995376714,89.04658508300781,6.0,180.0
78.80027111245589,-15.806568582435562,-21.678002349486547,88.9465560913086,6.0,180.0
78.10316153811937,-16.293897809661033,-21.66628308951457,88.84654998779297,6.0,180.0
77.62564126775361,-16.899348265058247,-21.75961921049397,88.74649810791016,6.0,180.0
78.00824091008494,-17.400932749823756,-21.910776811465745,88.646484375,6.0,180.0
79.00549214410977,-17.708782571488538,-22.078346834765828,88.54660034179688,6.0,180.0
80.10540448580822,-18.008867042060803,-22.197106017070965,88.54660034179688,6.0,180.0
81.31049786464507,-18.37432824662236,-22.14597655657852,88.44639587402344,6.0,180.0
82.4963743992722,-18.78304159948513,-21.83767162550868,88.34640502929688,6.0,180.0
83.32787656128893,-19.09501398433625,-21.28628462909267,88.2464599609375,6.0,180.0
84.14961932668002,-19.21141989222551,-20.73602824209351,88.14653015136719,6.0,180.0
85.41215944896257,-19.298901250508,-20.354833021042698,88.04670715332031,6.0,180.0
86.59957579958702,-19.327655379696488,-20.07303562918226,87.94642639160156,6.0,180.0
87.2189068333663,-19.14991328385328,-19.8309902358743,87.94642639160156,6.0,180.0
87.50161844561352,-18.79060239217477,-19.598517838231658,87.84649658203125,6.0,180.0
87.59937730608105,-18.592456143270866,-19.448253974389768,87.74649810791016,6.0,180.0
87.47457242431044,-18.904268639632463,-19.46111861654758,87.64664459228516,6.0,180.0
87.25301268316046,-19.54568093932877,-19.55623067611457,87.54669952392578,6.0,180.0
87.04308951850419,-20.07418669535405,-19.73738817321125,87.446533203125,6.0,180.0
86.7480906394374,-20.35163809527963,-20.04252403579268,87.34657287597656,6.0,180.0
86.32126936134411,-20.550686600087424,-20.31835882251798,87.24647521972656,6.0,180.0
86.08451840637294,-20.75458940016358,-20.45958060838279,87.24647521972656,6.0,180.0
86.45781119800438,-20.96560451361804,-20.60193448448575,87.14656829833984,6.0,180.0
87.3318575177978,-21.11540384854332,-20.83034735584543,87.0466079711914,6.0,180.0
88.36009976818008,-21.1294813645118,-21.034709980010025,86.94645690917969,6.0,180.0
89.61128446052054,-21.24557403279857,-21.07701917354415,86.84642028808594,6.0,180.0
91.07221518903488,-21.518176894359755,-20.853853077236785,86.74652862548828,6.0,180.0
92.43762036932222,-21.752739974558253,-20.540578443873965,86.6466293334961,6.0,180.0
93.6013743835384,-21.99532243736781,-20.379861454982148,86.6466293334961,6.0,180.0
94.5388491652219,-22.19093225913969,-20.40057390664584,86.54656219482422,6.0,180.0
95.12873190576298,-22.16779567653814,-20.5225587986471,86.446533203125,6.0,180.0
95.35468638361432,-22.00708282457032,-20.59947493068245,86.34645080566406,6.0,180.0
95.41065257589256,-21.837198432169668,-20.582285725537755,86.24640655517578,6.0,180.0
95.70512418529022,-21.775431410717648,-20.46338751328953,86.14654541015625,6.0,180.0
96.668073775494,-21.98052331461825,-20.42862426579716,86.0464859008789,6.0,180.0
98.0431331120094,-22.312184868181745,-20.72324556503064,85.94631958007812,6.0,180.0
99.3735601209918,-22.673440017950576,-21.16736462862649,85.94631958007812,6.0,180.0
100.93143829237138,-23.36752282406461,-21.621627432659185,85.84640502929688,6.0,180.0
102.60943623132712,-24.31361931156693,-22.100478851440645,85.74639129638672,6.0,180.0
103.69863696175943,-24.936864212392983,-22.44259262657607,85.64653778076172,6.0,180.0
104.12842863223534,-25.09836143920605,-22.345531232438823,85.54663848876953,6.0,180.0
104.34225173399253,-25.152476494682176,-21.691739850116047,85.44637298583984,6.0,180.0
104.6089619324356,-25.25940302006864,-20.969573619800883,85.34654235839844,6.0,180.0
105.04484706881556,-25.44205745098398,-20.58409695283447,85.34654235839844,6.0,180.0
105.62026013676936,-25.649502319492505,-20.3631929144057,85.2464828491211,6.0,180.0
106.2330204668093,-25.629584832818388,-20.15133384810894,85.1465835571289,6.0,180.0
107.17173276056336,-25.39241186775905,-20.099461844752337,85.04652404785156,6.0,180.0
108.35042460107792,-25.078958512168832,-20.27279171086224,84.94644165039062,6.0,180.0
109.1496421980961,-24.72064746588469,-20.42821468945308,84.84654998779297,6.0,180.0
109.66790850173,-24.49715332422963,-20.39720197509368,84.74658203125,6.0,180.0
110.16636613433914,-24.47951337431616,-20.170665546418064,84.6465835571289,6.0,180.0
110.53491068727888,-24.515065469496253,-19.796187501201388,84.6465835571289,6.0,180.0
111.02971738134322,-24.62965710833553,-19.48467229526298,84.54647064208984,6.0,180.0
111.7821615930399,-24.93858286739987,-19.402441003507,84.44635009765625,6.0,180.0
112.43265858552246,-25.362832529491307,-19.356975755954505,84.34638977050781,6.0,180.0
112.96016646098276,-25.72297838732507,-19.10853387612625,84.24642944335938,6.0,180.0
113.67751790120568,-25.95534760838468,-18.75339086673594,84.14654541015625,6.0,180.0
114.49651063200932,-26.07504547463792,-18.45344900610716,84.04644012451172,6.0,180.0
115.25513262367326,-25.99414072278012,-18.27431766867068,83.94654846191406,6.0,180.0
116.21813610687536,-25.77762021906441,-18.217392624480173,83.94654846191406,6.0,180.0
117.41876327171045,-25.69068357707646,-18.449168982601048,83.84649658203125,6.0,180.0
118.55260459969996,-25.7976963028942,-19.08885740304684,83.7464828491211,6.0,180.0
119.40270171073736,-26.050163477004325,-19.63474233717044,83.64662170410156,6.0,180.0
120.09267689977544,-26.48554837828368,-19.906671266801208,83.54640197753906,6.0,180.0
120.74270821966988,-27.057897692801376,-20.231597665110844,83.44647979736328,6.0,180.0
121.0996937352412,-27.5619097461579,-20.636251018984243,83.34647369384766,6.0,180.0
121.3876770091238,-27.91779586161531,-21.155394861416543,83.34647369384766,6.0,180.0
122.02742168309636,-28.17342025634712,-21.682550574122804,83.24649810791016,6.0,180.0
122.81562352768228,-28.407271995751607,-21.78101558836369,83.14671325683594,6.0,180.0
123.6224830758938,-28.77712100547033,-21.45466315527,83.04654693603516,6.0,180.0
124.43972980933356,-29.25073455448501,-21.17379644893745,82.94652557373047,6.0,180.0
124.98000990858398,-29.694295871414194,-20.92949181490647,82.84654998779297,6.0,180.0
125.19283149593451,-30.082990197085845,-20.487334764348127,82.74657440185547,6.0,180.0
125.34095663789007,-30.48831707331981,-20.02583600222448,82.64663696289062,6.0,180.0
125.69077745670744,-30.88413759665836,-19.772477878668283,82.64663696289062,6.0,180.0
126.22088279219926,-31.10075055330165,-19.721089567189207,82.54656219482422,6.0,180.0
126.7777732943048,-31.31195942538929,-19.7330791923401,82.44658660888672,6.0,180.0
127.414327012043,-31.61207780955062,-19.752631237688785,82.3465576171875,6.0,180.0
127.92914776729226,-31.709691067776056,-19.648297007507946,82.24656677246094,6.0,180.0
128.12890308742635,-31.49411937914033,-19.37798514555914,82.14654541015625,6.0,180.0
128.36648185222828,-31.07773093814996,-19.162962436109936,82.04644775390625,6.0,180.0
128.88396822665646,-30.69268645647485,-19.05182075577324,82.04644775390625,6.0,180.0
129.75556846218635,-30.421517853733388,-19.07815827543574,81.94648742675781,6.0,180.0
131.12681178691048,-30.320036450653344,-19.263967323730697,81.84642028808594,6.0,180.0
132.6333768587057,-30.37203356613909,-19.367216223100005,81.74655151367188,6.0,180.0
133.89145142924724,-30.393430938101574,-19.290324980828697,81.64656066894531,6.0,180.0
135.07015642008906,-30.436414689295983,-19.19764375467156,81.54642486572266,6.0,180.0
136.17779418378248,-30.5044127210549,-19.226462067024265,81.44657135009766,6.0,180.0
137.2154668014097,-30.514244991612355,-19.398997977133543,81.346435546875,6.0,180.0
138.42927630124152,-30.499083785056968,-19.54824768879752,81.346435546875,6.0,180.0
139.63234521282067,-30.530315166679536,-19.50485444317008,81.24653625488281,6.0,180.0
140.41769118528654,-30.74510798198701,-19.360130878015973,81.14665222167969,6.0,180.0
140.87091081700717,-31.12598024956184,-19.22063071995048,81.04659271240234,6.0,180.0
141.4311217733852,-31.499036329833576,-18.98972089412236,80.94660186767578,6.0,180.0
142.20188972493418,-31.89329312978821,-18.63793697086673,80.84649658203125,6.0,180.0
142.9285684926838,-32.370453600375726,-18.250939356374584,80.74658966064453,6.0,180.0
143.43860626600895,-32.86816151966527,-17.910832991521488,80.74658966064453,6.0,180.0
143.87878207272823,-33.38723690422243,-17.602592121124736,80.64656829833984,6.0,180.0
144.2360126382295,-33.85170891678977,-17.39079028544706,80.5462875366211,6.0,180.0
144.31820853478484,-34.11134072643215,-17.451575174600123,80.4464340209961,6.0,180.0
144.63631544498682,-34.18620886665717,-17.708476749403992,80.34640502929688,6.0,180.0
145.49585809485666,-34.1057606979115,-18.053868609129964,80.24641418457031,6.0,180.0
146.40134353308562,-33.89141282295726,-18.465433399428345,80.14642333984375,6.0,180.0
147.2361889920998,-33.752233782056095,-18.978448805348776,80.04637145996094,6.0,180.0
148.20513172941935,-33.80555514641737,-19.587490342152293,80.04637145996094,6.0,180.0
149.2233766656418,-33.956391976170146,-20.1185663880615,79.94647216796875,6.0,180.0
150.31800944349862,-34.18069619248037,-20.568063794396725,79.84646606445312,6.0,180.0
151.2589591551913,-34.47455088852597,-20.898674838871127,79.74653625488281,6.0,180.0
151.6274679759047,-34.74173559431692,-20.93378093564561,79.64653015136719,6.0,180.0
151.7185644902412,-34.941898067539846,-20.69613342905513,79.54656219482422,6.0,180.0
151.83491522770916,-35.18579328566199,-20.359220545933564,79.44660949707031,6.0,180.0
152.1441913957402,-35.606401602147045,-20.111979515883107,79.44660949707031,6.0,180.0
152.9480651678588,-36.094784669174,-19.99960292724826,79.34648895263672,6.0,180.0
153.98437020521555,-36.52336552182243,-19.95355930868693,79.24654388427734,6.0,180.0
154.92012308210496,-36.92913388074463,-19.91200072579732,79.14657592773438,6.0,180.0
156.00546346981054,-37.39260435422362,-19.9663078611299,79.04644012451172,6.0,180.0
157.34515470193762,-37.94917336133616,-20.19205928616949,78.94642639160156,6.0,180.0
158.61631610704123,-38.33295972943795,-20.376553028206903,78.84646606445312,6.0,180.0
159.65972288328672,-38.35231916542391,-20.40477610733985,78.74652099609375,6.0,180.0
160.50194587441968,-38.1735364317092,-20.37512514504828,78.74652099609375,6.0,180.0
161.15686832058282,-38.01165875134571,-20.201910906131225,78.6465072631836,6.0,180.0
161.6550954763526,-38.01213025633068,-19.810426508739525,78.54649353027344,6.0,180.0
162.10815306746997,-38.04647100285177,-19.409513783568087,78.4463882446289,6.0,180.0
162.7986698167255,-37.969235708588826,-19.07974097267749,78.34638977050781,6.0,180.0
163.82437593865086,-37.906364444732674,-18.78152684290034,78.24635314941406,6.0,180.0
165.0010104782637,-37.95467973876522,-18.58032179561824,78.14643096923828,6.0,180.0
166.30463196760311,-38.09998072258809,-18.525889697992028,78.04676818847656,6.0,180.0
167.7953596533277,-38.28690919545252,-18.682789392809216,78.04676818847656,6.0,180.0
169.269491560476,-38.58397354178138,-18.85678513051904,77.94673919677734,6.0,180.0
170.52160970575653,-39.019850713582606,-18.88082385339182,77.84661865234375,6.0,180.0
171.5199361350211,-39.4385890411487,-18.95468055869063,77.74649047851562,6.0,180.0
172.22233694150506,-39.753796778040325,-19.2067580746728,77.6463851928711,6.0,180.0
172.7732357121186,-39.97812613587595,-19.60518011032504,77.54666137695312,6.0,180.0
173.54363971850748,-40.12524104173211,-20.1073584179851,77.44648742675781,6.0,180.0
174.5676095719418,-40.15008229333944,-20.57930763328581,77.44648742675781,6.0,180.0
175.7086603598737,-40.06654917613724,-20.731207732237817,77.34648132324219,6.0,180.0
177.0177672430534,-39.92853011800271,-20.5719881093415,77.24659729003906,6.0,180.0
178.19867744366627,-39.91681992544359,-20.28291005990282,77.1464614868164,6.0,180.0
179.21717326644057,-40.28605206323026,-19.95574480438137,77.04651641845703,6.0,180.0
180.4987837212276,-40.91165917537822,-19.703881505613342,76.94646453857422,6.0,180.0
181.60939086721652,-41.38935209784567,-19.520979387614258,76.84644317626953,6.0,180.0
182.06448536941565,-41.63603567814579,-19.35671915319794,76.74651336669922,6.0,180.0
182.3930693812981,-41.830502698179245,-19.264510576405137,76.74651336669922,6.0,180.0
182.86689199416264,-42.06478673748808,-19.228633050093578,76.6464614868164,6.0,180.0
183.3750692417865,-42.26177336767421,-19.03533257393148,76.54649353027344,6.0,180.0
184.1386149455801,-42.35076206842229,-18.83693028870404,76.44654083251953,6.0,180.0
185.0834051641254,-42.39274774649116,-18.83615521410725,76.3464584350586,6.0,180.0
186.1026176655643,-42.209710188324486,-18.84824194687185,76.24649047851562,6.0,180.0
187.53740734225065,-41.94468668047843,-18.766107928045773,76.14649963378906,6.0,180.0
189.0374352219657,-41.9667017024567,-18.5495558857852,76.14649963378906,6.0,180.0
189.889671145798,-41.99638126545913,-18.348538472699857,76.04658508300781,6.0,180.0
190.62709157934512,-41.94863672889623,-18.31457005057785,75.94664764404297,6.0,180.0
191.87799449981443,-42.1456180567669,-18.437759517420428,75.84646606445312,6.0,180.0
193.16635973601865,-42.57765121160008,-18.622203676465624,75.74640655517578,6.0,180.0
194.0708230311533,-43.03467321291353,-18.72724405567722,75.64653015136719,6.0,180.0
194.76530372776327,-43.4517260049934,-18.83338301881113,75.5465316772461,6.0,180.0
195.6469488403473,-43.90240636552281,-18.84298393970749,75.44650268554688,6.0,180.0
196.9382053136995,-44.422949125722745,-18.62320752960729,75.44650268554688,6.0,180.0
198.3298427588472,-44.93439732243084,-18.450961442462287,75.34651947021484,6.0,180.0
199.4997853898065,-45.38742196386835,-18.531550554937432,75.24646759033203,6.0,180.0
200.43457917106548,-45.910129302199536,-18.637425110635675,75.14661407470703,6.0,180.0
201.1199256642456,-46.48485901053978,-18.44172598772871,75.04661560058594,6.0,180.0
201.56724995353457,-46.90566157350533,-18.096451937548967,74.94644165039062,6.0,180.0
201.76137900445875,-47.05290889119502,-17.916759815200713,74.84651184082031,6.0,180.0
201.9569353978434,-47.10531104452743,-17.928935281286552,74.84651184082031,6.0,180.0
202.44173707153607,-47.35422771183937,-18.153142636651857,74.7464599609375,6.0,180.0
203.05909397897497,-47.6932193464725,-18.52906734580021,74.64649200439453,6.0,180.0
203.6605380376834,-47.97398984802848,-18.85890708296956,74.54644775390625,6.0,180.0
204.34803444112453,-48.21551264161499,-19.14391647482809,74.44650268554688,6.0,180.0
204.9215180929695,-48.40223518744084,-19.482679233696167,74.34662628173828,6.0,180.0
205.07516045521012,-48.5436232711514,-19.92826722935629,74.24656677246094,6.0,180.0
205.1788194909185,-48.64455914110772,-20.391737555737816,74.14649200439453,6.0,180.0
205.51323130401968,-48.67527748114291,-20.480382518003672,74.14649200439453,6.0,180.0
205.89599338139573,-48.660032894227626,-20.043793437662824,74.04644775390625,6.0,180.0
206.27175154224017,-48.65917472296348,-19.46425720941404,73.94649505615234,6.0,180.0
206.79319441006652,-48.66319259303352,-19.084178146091983,73.84654235839844,6.0,180.0
207.6429263549576,-48.72416802467532,-18.88411407279392,73.74649047851562,6.0,180.0
208.6699264806585,-48.940655157090745,-18.709988149607582,73.64654541015625,6.0,180.0
209.53728724714853,-49.41669118712751,-18.512188480653325,73.5464859008789,6.0,180.0
210.37575897302,-50.11950535470217,-18.49334703433092,73.44649505615234,6.0,180.0
211.3385893685212,-50.84565813018848,-18.772281847208653,73.44649505615234,6.0,180.0
212.14844614691629,-51.36349429801616,-19.014024322228583,73.3465576171875,6.0,180.0
212.67803167317047,-51.6036780821273,-19.083559432182845,73.24652099609375,6.0,180.0
213.0110912005744,-51.85591020042786,-19.057675136947523,73.14664459228516,6.0,180.0
213.42030081086384,-52.17682828164424,-18.8762151748758,73.04654693603516,6.0,180.0
214.04336502045496,-52.36516150780692,-18.76889401863372,72.94634246826172,6.0,180.0
214.8434284594253,-52.54237592999705,-18.794652045023746,72.84652709960938,6.0,180.0
216.0000448233792,-52.77787600904831,-18.745744459460965,72.84652709960938,6.0,180.0
217.3798149538842,-53.00433403160757,-18.534210735439284,72.74658203125,6.0,180.0
218.89470355060172,-53.21460971708285,-18.13207807629681,72.64646911621094,6.0,180.0
220.43714201607932,-53.25732159372234,-17.848640165124227,72.54652404785156,6.0,180.0
221.6018139914745,-53.14751629242514,-17.928763820298368,72.4464340209961,6.0,180.0
222.4647123783376,-53.149669180254186,-18.14469920759064,72.3465347290039,6.0,180.0
223.30815604486864,-53.39693530828838,-18.23145922526413,72.24664306640625,6.0,180.0
224.3487867636108,-53.85364881080275,-18.191126210084,72.14657592773438,6.0,180.0
225.5989933265696,-54.41358080544843,-18.16574402049809,72.14657592773438,6.0,180.0
226.9521902824151,-54.970711236327205,-18.2988594479086,72.04643249511719,6.0,180.0
228.3783251315742,-55.40853831407247,-18.4189701598034,71.94646453857422,6.0,180.0
229.6254702246835,-55.72074162194544,-18.30233071650384,71.84644317626953,6.0,180.0
230.5483632128865,-56.01054469230933,-18.108735724910805,71.74654388427734,6.0,180.0
231.4196930936041,-56.27704391839226,-17.811970405770793,71.64656066894531,6.0,180.0
232.5399936796067,-56.41511736651477,-17.375412314836687,71.54654693603516,6.0,180.0
233.71793420347183,-56.28630828541876,-17.104828655526255,71.54654693603516,6.0,180.0
234.6304336396261,-55.85764537226473,-17.246327354426604,71.44647216796875,6.0,180.0
235.3961159164741,-55.2798016132118,-17.654683134930146,71.34649658203125,6.0,180.0
236.19003926171945,-54.92265819839415,-17.931475285421016,71.24657440185547,6.0,180.0
237.0296293010192,-54.9848132124676,-18.046966131488425,71.146484375,6.0,180.0
238.0234326086544,-55.350640281397546,-18.15885738843283,71.04647827148438,6.0,180.0
239.0917769388207,-55.914748659713,-18.144383927128032,70.9465560913086,6.0,180.0
239.98165452424192,-56.428760166920654,-17.944424878389796,70.84638977050781,6.0,180.0
240.8701602931073,-56.73089982878433,-17.76125083163947,70.84638977050781,6.0,180.0
241.9647462218296,-56.99450450125572,-17.72242960008193,70.74651336669922,6.0,180.0
242.9919506298349,-57.389011006451526,-17.86822585682686,70.64659118652344,6.0,180.0
243.8191447999864,-57.84240531469403,-18.18112476254921,70.54649353027344,6.0,180.0
244.5506526083286,-58.06706363238959,-18.40582082761637,70.44654083251953,6.0,180.0
245.2454386100124,-58.04766058426288,-18.354500828383163,70.34642028808594,6.0,180.0
245.9790733414206,-58.15675627445019,-18.14254153661362,70.24651336669922,6.0,180.0
246.70875720843105,-58.46410479935759,-17.843653602705935,70.24651336669922,6.0,180.0
247.41160065813992,-58.76660501461474,-17.471850570294727,70.14649200439453,6.0,180.0
248.16889209849512,-58.993062641614365,-17.186570576609608,70.04642486572266,6.0,180.0
248.975678479327,-59.04677631189288,-16.977726770225782,69.94657897949219,6.0,180.0
249.90577888913248,-58.92565095391085,-16.741081005695367,69.84651184082031,6.0,180.0
250.9053338051674,-58.79837724412888,-16.496905312734206,69.7464828491211,6.0,180.0
251.7797349186771,-58.75152750611328,-16.21378105353797,69.64654541015625,6.0,180.0
252.69091229442265,-58.98416925242137,-15.83089449335692,69.54650115966797,6.0,180.0
253.77388409584464,-59.58348765329946,-15.404686223089842,69.54650115966797,6.0,180.0
254.9517548950589,-60.17708667814846,-15.114542382475983,69.44651794433594,6.0,180.0
255.9457862316717,-60.57022347635754,-15.051710818916986,69.34646606445312,6.0,180.0
256.6216045453246,-60.90187019535573,-15.101184174257687,69.24658203125,6.0,180.0
257.25320445624635,-61.246217104644295,-15.133811841987388,69.14659881591797,6.0,180.0
257.80704021376613,-61.64561698028279,-15.22244934976282,69.04650115966797,6.0,180.0
258.41226544417765,-62.05883575331262,-15.34374178360475,68.94642639160156,6.0,180.0
259.28972628564946,-62.41036811887224,-15.426695943871271,68.8464126586914,6.0,180.0
260.1631042644648,-62.72796630154212,-15.574693948840652,68.8464126586914,6.0,180.0
261.0255172749774,-62.95191517693721,-15.795818334913488,68.74644470214844,6.0,180.0
261.8536333906927,-63.0028552427262,-15.952739866881696,68.64657592773438,6.0,180.0
262.5416590632762,-63.015684375561854,-15.850724328717943,68.54654693603516,6.0,180.0
263.2548004280366,-63.12144158554601,-15.574486691391414,68.44644927978516,6.0,180.0
263.987577197543,-63.3306559677089,-15.343951843364088,68.34675598144531,6.0,180.0
264.7084122478202,-63.63371629976813,-15.179940527300465,68.2466049194336,6.0,180.0
265.28260302548523,-64.02027271020606,-15.084513846641835,68.2466049194336,6.0,180.0
265.68536457799587,-64.41708040804333,-14.913863271399304,68.14649963378906,6.0,180.0
266.3991083400156,-64.72390209944615,-14.542054895587963,68.04644775390625,6.0,180.0
267.82040342752964,-65.08604622802326,-14.153893947131571,67.9464111328125,6.0,180.0
269.64555024906724,-65.5397971084398,-13.983460214787822,67.84647369384766,6.0,180.0
271.2219105196722,-65.89639473108672,-14.0321484533356,67.74652099609375,6.0,180.0
272.27656219871665,-66.2322726951731,-14.017881919437563,67.64662170410156,6.0,180.0
272.9397064366629,-66.5810169124718,-13.754086623540486,67.54645538330078,6.0,180.0
273.53117020004845,-66.87563954600486,-13.461904795767088,67.54645538330078,6.0,180.0
274.2234337013683,-67.09460571332373,-13.35961284981322,67.44639587402344,6.0,180.0
275.0131876734354,-67.10688052714993,-13.277213955542852,67.34661865234375,6.0,180.0
275.9603570934381,-67.0355771588327,-13.09764093215928,67.2465591430664,6.0,180.0
277.0235375137466,-67.03610594730178,-12.897733364392383,67.14646911621094,6.0,180.0
278.1194787812391,-67.0979510376308,-12.701349954638186,67.0465087890625,6.0,180.0
279.33113069864766,-67.28806032678537,-12.660019351145705,66.94644165039062,6.0,180.0
280.5824340938846,-67.64555634560621,-12.91543798743056,66.94644165039062,6.0,180.0
281.83690610930915,-68.19586651788251,-13.257267877622011,66.84661102294922,6.0,180.0
283.1448883205689,-68.86161815363516,-13.331099505026929,66.74649047851562,6.0,180.0
284.276854390846,-69.4853928054251,-13.137450267544356,66.646484375,6.0,180.0
285.32666959433936,-69.99719070585776,-12.853571619218693,66.5466079711914,6.0,180.0
286.36201895322364,-70.33607425394858,-12.469368483334687,66.44649505615234,6.0,180.0
287.0747418953322,-70.38291073286749,-12.015553555274597,66.34652709960938,6.0,180.0
287.54422243044235,-70.37360127414631,-11.71952571946742,66.24649810791016,6.0,180.0
288.1868273523394,-70.67077830887278,-11.62088251749077,66.24649810791016,6.0,180.0
289.00088018071784,-70.99062959821627,-11.37170441457402,66.14659118652344,6.0,180.0
289.73964424835793,-71.10253844517983,-10.91445277809803,66.04662322998047,6.0,180.0
290.4975688211108,-71.20051500934993,-10.552558813971736,65.94644927978516,6.0,180.0
291.302210002941,-71.20213996756648,-10.471748380618276,65.84654998779297,6.0,180.0
292.0813601313246,-71.06618755998585,-10.656915255131834,65.74649810791016,6.0,180.0
293.045359258196,-71.1347732274465,-11.119770091078257,65.6467514038086,6.0,180.0
294.14810575817586,-71.45487044297413,-11.77270333761968,65.6467514038086,6.0,180.0
294.96272868321773,-71.70156378019232,-12.088924658688008,65.54651641845703,6.0,180.0
295.72329262143074,-71.87863723834755,-11.940569487680245,65.44634246826172,6.0,180.0
296.6634290266014,-72.1458034388012,-11.764050872728,65.3464126586914,6.0,180.0
297.28871859701815,-72.51905972456822,-11.763766843730105,65.2464599609375,6.0,180.0
297.62802538076414,-72.93341374249074,-11.7290021277132,65.14646911621094,6.0,180.0
298.0785329395361,-73.12429019360367,-11.496488788913926,65.04647827148438,6.0,180.0
298.77610186807993,-73.09993859423707,-11.315896886619042,64.9464111328125,6.0,180.0
299.9603663434621,-73.25430477981088,-11.391201857965076,64.9464111328125,6.0,180.0
301.56601646043885,-73.64284682386369,-11.49383503868776,64.84654235839844,6.0,180.0
303.14236811543674,-73.95757076620674,-11.321589764615366,64.74649810791016,6.0,180.0
304.5845573306754,-74.14784174475257,-10.95195655004159,64.64657592773438,6.0,180.0
305.8861547792874,-74.44583449160974,-10.722618938759684,64.54660034179688,6.0,180.0
307.01374561734804,-75.00289806353621,-10.705304947303858,64.44644165039062,6.0,180.0
308.1531028191607,-75.72147915935771,-10.58570187523881,64.34644317626953,6.0,180.0
309.2924920099852,-76.27584158443607,-10.370206544842317,64.34644317626953,6.0,180.0
310.0967164461647,-76.46626712053525,-10.259252483151815,64.24644470214844,6.0,180.0
310.53282406498573,-76.46373817349493,-10.132785441919143,64.14640045166016,6.0,180.0
311.0628541069629,-76.54198653351601,-9.945575053277588,64.04640197753906,6.0,180.0
311.7559131038616,-76.65693594041743,-9.773581252555584,63.94647979736328,6.0,180.0
312.3180602423273,-76.5950391196699,-9.643368652843352,63.84652328491211,6.0,180.0
312.9513466811505,-76.4100892584162,-9.509321629715114,63.74647903442383,6.0,180.0
313.8114440556908,-76.23512104432672,-9.325435471058796,63.64666366577148,6.0,180.0
314.5675433416859,-76.09211653758783,-9.040677575657774,63.64666366577148,6.0,180.0
315.1736467730211,-76.08774490736585,-8.721159547633077,63.54650497436523,6.0,180.0
316.1745851053003,-76.38337662174162,-8.633194279883538,63.44644927978516,6.0,180.0
317.6812993876232,-76.83449418529949,-8.684487229135645,63.34646987915039,6.0,180.0
318.9542393030308,-77.20019924092934,-8.7713200396447,63.24640655517578,6.0,180.0
319.71146304248214,-77.55689518526059,-9.09911865076594,63.14663314819336,6.0,180.0
320.2453500501123,-77.96987196625454,-9.490187133707073,63.04651260375977,6.0,180.0
320.8715131321083,-78.19432655808927,-9.594961988280724,62.94651794433594,6.0,180.0
321.8995102223323,-78.1293935800165,-9.391499218660645,62.94651794433594,6.0,180.0
323.11913770110954,-78.08298117604133,-9.106870888690093,62.84657287597656,6.0,180.0
324.05933378235346,-78.24262001055375,-8.909035290821699,62.74652481079102,6.0,180.0
324.8344506098476,-78.55177672327447,-8.796455046348228,62.64659881591797,6.0,180.0
325.8171190726377,-78.87730570479444,-8.699796427678224,62.54652786254883,6.0,180.0
327.0188622581249,-79.16917572079406,-8.551328914382239,62.44647216796875,6.0,180.0
328.1167206937023,-79.49616670074748,-8.354486402859871,62.34648513793945,6.0,180.0
328.99870987921,-79.97132158013272,-8.133286351268124,62.34648513793945,6.0,180.0
330.0962864076153,-80.63093420012794,-8.036605895910878,62.24654388427734,6.0,180.0
331.4500519975413,-81.2548711117045,-8.174948761614651,62.14654922485352,6.0,180.0
332.7469498899992,-81.72123537002282,-8.376952080024004,62.04659652709961,6.0,180.0
334.0831612421415,-82.04500217531314,-8.503133613729648,61.94654083251953,6.0,180.0
335.4721707331403,-82.1350784618835,-8.533681456260364,61.84647369384766,6.0,180.0
336.5685729924318,-82.00919698743299,-8.388211276904798,61.74651718139648,6.0,180.0
337.2341839924626,-81.81607523204815,-8.172296575767202,61.64648818969727,6.0,180.0
337.6514249982414,-81.7383714754081,-7.984405526554367,61.64648818969727,6.0,180.0
337.9521239827377,-81.93980499170773,-7.823975671312345,61.54637908935547,6.0,180.0
338.07548045693454,-82.36777051235663,-7.845992983228311,61.44639205932617,6.0,180.0
338.1006001627157,-82.8702589298019,-7.943739009597445,61.34634780883789,6.0,180.0
338.5269318146188,-83.36386724033139,-7.687102880362324,61.24650955200195,6.0,180.0
339.4843305561544,-83.63441176729395,-6.966727989273425,61.14657974243164,6.0,180.0
340.6290192189168,-83.5368641412323,-6.314011652723133,61.04643630981445,6.0,180.0
341.7633375061805,-83.34231018879439,-6.190780977027073,61.04643630981445,6.0,180.0
342.9660459205478,-83.4342581550096,-6.501125828517656,60.9466667175293,6.0,180.0
344.4805884131398,-83.78965714362948,-6.938217892046403,60.84659194946289,6.0,180.0
346.1259673769333,-84.1573641498353,-7.258934766486046,60.74662399291992,6.0,180.0
347.54076736602235,-84.59301884236078,-7.259344869133356,60.64649963378906,6.0,180.0
348.6890858467531,-85.18964724769582,-6.855998425466633,60.54636001586914,6.0,180.0
349.68121399175067,-85.78147894244172,-6.2302943391559085,60.44652938842773,6.0,180.0
350.65234690010544,-86.24297992546215,-5.693990018943039,60.34647369384766,6.0,180.0
351.6488977323244,-86.59841953265831,-5.338683664028113,60.34647369384766,6.0,180.0
352.6484556285238,-86.89190691251864,-4.892269167682046,60.24654388427734,6.0,180.0
353.5244230357405,-87.17146777583459,-4.2516972880318615,60.14656066894531,6.0,180.0
354.34645207457834,-87.37420814879094,-3.778147778342026,60.04645919799805,6.0,180.0
355.23213981792395,-87.38872410319372,-3.7477865409291455,59.94646072387695,6.0,180.0
356.02785940715137,-87.32396771321342,-3.666632593893549,59.84648513793945,6.0,180.0
356.6624908374271,-87.29106095943291,-3.035582376048489,59.74654769897461,6.0,180.0
357.130064017687,-87.20315295428418,-2.395016837939945,59.74654769897461,6.0,180.0
357.5248056240609,-87.11042067041859,-2.182502400583571,59.64656448364258,6.0,180.0
358.1295773025609,-87.20512850384705,-2.0639326115169307,59.54655075073242,6.0,180.0
358.9351261574592,-87.43359790220883,-1.8929182823794344,59.446533203125,6.0,180.0
359.7079032391239,-87.69450330585839,-1.7724172423429545,59.34645462036133,6.0,180.0
360.6412983679063,-88.02217819130016,-1.963261731009414,59.24653244018555,6.0,180.0
361.7691071543055,-88.33798761132303,-2.6303598631315728,59.14655685424805,6.0,180.0
362.7321272770656,-88.54170697656282,-3.3245888788618307,59.04656982421875,6.0,180.0
363.5873290423592,-88.81207152769343,-3.701415356014672,59.04656982421875,6.0,180.0
364.6582718833497,-89.27594790857599,-3.817180827391653,58.94647598266602,6.0,180.0
365.737617429352,-89.79704711624491,-3.701902081805711,58.84653472900391,6.0,180.0
366.5322058792064,-90.27283741933374,-3.566006429128338,58.74643707275391,6.0,180.0
367.2267965262732,-90.59874197645372,-3.5669142100472424,58.64651107788086,6.0,180.0
367.9628698129841,-90.72634546969384,-3.6212035565778793,58.54653930664062,6.0,180.0
368.87835675509103,-90.83675712658852,-3.5744436488690194,58.44654083251953,6.0,180.0
370.0375170889016,-91.18062763005344,-3.3638678475131405,58.3465461730957,6.0,180.0
371.3610278810042,-91.68072786945416,-3.393998294068388,58.3465461730957,6.0,180.0
372.7733125870215,-91.99036682917698,-3.660746889789885,58.24640274047852,6.0,180.0
374.0344995265977,-92.07465171417184,-3.852857360942223,58.14658355712891,6.0,180.0
374.8155422578711,-92.18150592106994,-4.008036471872675,58.04655075073242,6.0,180.0
375.09537459849946,-92.42105557722309,-4.1348025021677,57.94636917114258,6.0,180.0
375.2759186774507,-92.7232604593655,-4.238807711778763,57.84646606445312,6.0,180.0
375.7082480731166,-92.91488129345048,-4.119699664410386,57.74641036987305,6.0,180.0
376.58029916909686,-92.8929880803718,-3.681945328601352,57.74641036987305,6.0,180.0
377.8543379730743,-92.76481629274087,-3.1289067219035305,57.64656066894531,6.0,180.0
379.17657888093305,-92.7592719187884,-2.957883238330606,57.54667663574219,6.0,180.0
380.3227722938152,-92.992830895664,-3.271812818996527,57.44651412963867,6.0,180.0
381.20614860407136,-93.2190090342772,-3.5350159016543694,57.34646606445312,6.0,180.0
381.9781619485618,-93.27458409351392,-3.5631871638927626,57.24648284912109,6.0,180.0
382.92662926291615,-93.4680081951088,-3.5302748012588294,57.146484375,6.0,180.0
383.8834406142466,-93.90007655942416,-3.553139657557728,57.04653167724609,6.0,180.0
384.76780638283424,-94.4002466718154,-3.4232394671912454,57.04653167724609,6.0,180.0
385.7716338400068,-94.78190193379484,-3.0948721752097006,56.94652557373047,6.0,180.0
386.8339572239392,-95.01960376504704,-2.5532497879739964,56.8465576171875,6.0,180.0
387.7570152185048,-95.31782443917896,-1.7366166061576358,56.74654006958008,6.0,180.0
388.5708095872024,-95.61210787508509,-0.8865123149341239,56.64649963378906,6.0,180.0
389.49284206017535,-95.84776221949474,-0.3174918545072875,56.54651260375977,6.0,180.0
390.6139265160883,-96.15768270390303,-0.117816994508531,56.44652557373047,6.0,180.0
391.6552564947807,-96.49889105151853,-0.0565019666332871,56.44652557373047,6.0,180.0
392.2662254988513,-96.7194997348768,-0.0947573478276693,56.34648513793945,6.0,180.0
392.6307557414408,-96.7063633416663,-0.1529066293299674,56.24653625488281,6.0,180.0
393.2286615015561,-96.53663649049066,-0.1278156852758147,56.1464958190918,6.0,180.0
394.1430406118259,-96.45499734921913,-0.2135197887172726,56.04659652709961,6.0,180.0
395.2392593259788,-96.45016065206462,-0.5388353601905971,55.94655609130859,6.0,180.0
396.5587936063218,-96.39633579149508,-0.7983954156297557,55.84640121459961,6.0,180.0
398.0738680139877,-96.4072183105817,-0.8329838857504157,55.74649047851562,6.0,180.0
399.7101182406271,-96.52152054957544,-0.8681168997863393,55.74649047851562,6.0,180.0
401.364555852148,-96.64576258496116,-0.9511202730698588,55.64649963378906,6.0,180.0
402.7907824966276,-96.91152170447972,-1.1341465565382478,55.54650115966797,6.0,180.0
403.85678983300704,-97.42387867009852,-1.377579469814184,55.44654846191406,6.0,180.0
404.58766811121546,-97.98682133811562,-1.418721324942391,55.34647369384766,6.0,180.0
405.08919877354737,-98.4195990199038,-1.1527212949706929,55.24658966064453,6.0,180.0
405.7571364959576,-98.619979972198,-0.9530293325866852,55.14639282226562,6.0,180.0
406.6983497321617,-98.67616801023811,-0.8687547513081917,55.14639282226562,6.0,180.0
407.5608051409016,-98.8756963933224,-0.7060088797268227,55.04648208618164,6.0,180.0
408.42749085972576,-99.235334885397,-0.5430895610882178,54.94654083251953,6.0,180.0
409.55232407421977,-99.55370781142985,-0.3309591051123828,54.84647750854492,6.0,180.0
410.81282387070894,-99.9511870733878,-0.1174718237826883,54.7464599609375,6.0,180.0
411.7512342234312,-100.60702305176513,0.0496548689425155,54.64641952514648,6.0,180.0
411.93069079360697,-101.3292601384368,0.4235917449987205,54.54650497436523,6.0,180.0
411.7136433553673,-101.98353981854456,1.3038266181141278,54.44653701782227,6.0,180.0
411.7840388070918,-102.59159231266617,2.327919162172261,54.44653701782227,6.0,180.0
412.1570016364772,-102.99730839052086,2.944225868977383,54.34645080566406,6.0,180.0
412.3764284761071,-103.02415040741872,3.1201826010039726,54.24652099609375,6.0,180.0
412.248182652148,-102.82402666973567,3.211703000361876,54.14646148681641,6.0,180.0
412.4138198176751,-102.55648977451897,3.311550140844286,54.04652786254883,6.0,180.0
413.26687141429727,-102.2113018192652,3.20776302303276,53.94649124145508,6.0,180.0
414.3788538386797,-102.04537559750572,3.075263734439008,53.84640121459961,6.0,180.0
415.4669663927075,-102.25219018846413,2.958760522663286,53.74652481079102,6.0,180.0
416.30191616588667,-102.61462480196586,2.8281830828610177,53.74652481079102,6.0,180.0
416.7510025460347,-103.01270790393724,2.855749783558637,53.64654541015625,6.0,180.0
417.1594216659105,-103.41151992438668,2.898598120029204,53.54659652709961,6.0,180.0
417.804504304038,-103.71507607047508,2.739015050928087,53.44662857055664,6.0,180.0
418.80654769468896,-103.98072714475802,2.571755588008723,53.34640884399414,6.0,180.0
420.18932619448447,-104.22123379038943,2.616263579907878,53.24645614624023,6.0,180.0
421.5107201238868,-104.40605312935864,2.7059183970773724,53.14650726318359,6.0,180.0
422.4343532224681,-104.59066952291172,2.6786510772419287,53.14650726318359,6.0,180.0
423.1005449873237,-104.70829521710245,2.768019421849285,53.04658508300781,6.0,180.0
423.572621725729,-104.66499011689868,3.193877810651183,52.946533203125,6.0,180.0
423.7007058170464,-104.55426885069193,3.624347351983033,52.84646606445312,6.0,180.0
423.4172584354892,-104.5137487898408,3.8044040230581615,52.74649047851562,6.0,180.0
422.8244845331626,-104.52513256257782,4.013971375795285,52.64649200439453,6.0,180.0
422.13588699084806,-104.46329021457085,4.2558483712107895,52.54671096801758,6.0,180.0
421.4431593708312,-104.25679415864298,4.25599155643557,52.44664764404297,6.0,180.0
421.06409743380993,-103.99275658806448,4.097935025694159,52.44664764404297,6.0,180.0
421.376028037553,-103.96635510965264,4.027504906450268,52.34652709960938,6.0,180.0
422.45662484043646,-104.38466299153237,4.146580562565046,52.24662399291992,6.0,180.0
424.1375747930842,-104.98011201118824,4.576148945730097,52.14649963378906,6.0,180.0
425.6998678247477,-105.47241299815268,5.18840485085898,52.0464973449707,6.0,180.0
426.7459943710791,-105.92733933670615,5.542936561285214,51.94651794433594,6.0,180.0
427.6334849878323,-106.2846438567541,5.5043701515923695,51.84653472900391,6.0,180.0
428.4745938717452,-106.34179833085102,5.101401249135585,51.84653472900391,6.0,180.0
429.0101143717481,-106.1511742656202,4.606079255397289,51.74652099609375,6.0,180.0
429.41335443248977,-106.08643628672294,4.255676379811435,51.64656448364258,6.0,180.0
430.3967342832503,-106.37094879616906,3.792804965475538,51.5465087890625,6.0,180.0
431.91877494718295,-106.73362324577728,3.330689226613557,51.44652938842773,6.0,180.0
432.9838459918264,-106.92141089157845,3.16087362342045,51.34663391113281,6.0,180.0
433.6552483823688,-107.06083311457596,3.146031225145342,51.24661254882812,6.0,180.0
434.5294084201447,-107.1512821307422,3.138997281414793,51.14636611938477,6.0,180.0
435.55339521177865,-107.20755567915674,3.0188571733819485,51.14636611938477,6.0,180.0
436.775851335806,-107.39375969265583,2.8569991315209435,51.04643249511719,6.0,180.0
438.2398576834345,-107.63243856006588,2.924312621214047,50.94641876220703,6.0,180.0
439.85995929839686,-107.89214237281166,3.0819139055349245,50.84645462036133,6.0,180.0
441.41864096175465,-108.09258678399922,3.0217775665488373,50.74654388427734,6.0,180.0
442.470549506888,-108.17804099069936,2.846802806960412,50.64657974243164,6.0,180.0
442.9214442568377,-108.2033769905486,2.5973813084053807,50.5464973449707,6.0,180.0
443.2198563271177,-108.13589393469668,2.230006554447751,50.5464973449707,6.0,180.0
443.5238223933818,-108.06591477977,2.0712312752191666,50.44644165039062,6.0,180.0
443.8874260121954,-108.15478134756054,2.3413236725068884,50.34648895263672,6.0,180.0
444.5081549443292,-108.35574562433416,2.8963786632627144,50.24646377563477,6.0,180.0
445.2808311416509,-108.409255952815,3.442979454425007,50.14644241333008,6.0,180.0
446.115485166354,-108.34642768852812,3.814173912646917,50.04644012451172,6.0,180.0
446.9613866686656,-108.4514389526822,4.029030706546898,49.94646072387695,6.0,180.0
447.8019288349779,-108.81147026963971,4.039926251137438,49.84653091430664,6.0,180.0
448.84138408319126,-109.42734958622772,3.905987591514248,49.84653091430664,6.0,180.0
450.18428955979454,-110.07103965670356,3.82451798479803,49.74655151367188,6.0,180.0
451.6779281844819,-110.35431285990497,3.794401772968509,49.64646530151367,6.0,180.0
453.11336961794575,-110.35165742099284,3.870627637322932,49.54650115966797,6.0,180.0
454.2018562604135,-110.35315254930552,4.24622404937523,49.44669342041016,6.0,180.0
454.7977756993433,-110.3742613736094,4.88976947396152,49.34650802612305,6.0,180.0
455.1207889916912,-110.38146959195925,5.644078209333046,49.24636459350586,6.0,180.0
455.4291288479764,-110.56391267625794,6.286741292377738,49.24636459350586,6.0,180.0
455.76299250642114,-110.93484454427822,6.533163512643893,49.14641571044922,6.0,180.0
456.0784591220473,-111.07833822788268,6.440747139558607,49.04648208618164,6.0,180.0
456.38820333705337,-110.93236599744088,6.338289236715924,48.94651412963867,6.0,180.0
456.8417103108772,-110.90476997667996,6.298936976122222,48.84647750854492,6.0,180.0
457.47298129967726,-111.0180687302287,6.198490526253925,48.74650955200195,6.0,180.0
458.2166938076496,-111.06450934372846,6.084833101144956,48.64651870727539,6.0,180.0
459.1155087166608,-111.16568831869634,6.233686384027929,48.54656219482422,6.0,180.0
460.1002923190501,-111.44869344906118,6.590750475339301,48.54656219482422,6.0,180.0
461.184307293427,-111.8552099719181,6.791692156223653,48.44647598266602,6.0,180.0
462.1819041223294,-112.1560112479757,6.889314841251209,48.34644317626953,6.0,180.0
462.87823148871655,-112.2334077137928,7.078783599727666,48.24641036987305,6.0,180.0
463.39716438914576,-112.44624058577465,7.233496502917752,48.14653778076172,6.0,180.0
463.757996801858,-112.97345602143044,7.121490964204502,48.04665374755859,6.0,180.0
464.08109562647104,-113.51640060267287,6.789471170928207,47.94651412963867,6.0,180.0
464.5898522294736,-113.7677928379487,6.516590333097195,47.84658050537109,6.0,180.0
465.4294992053431,-113.84926837031676,6.4861088580701285,47.84658050537109,6.0,180.0
466.6053639001813,-114.04863832394554,6.6001647010443625,47.74650573730469,6.0,180.0
467.9426636589872,-114.38038066408174,6.571759851214311,47.64651870727539,6.0,180.0
469.1732821562864,-114.8519211755767,6.45601977436179,47.54659271240234,6.0,180.0
470.0004026994607,-115.39308414528792,6.477506925885445,47.44656372070312,6.0,180.0
470.54474754086993,-115.91012872536014,6.594519978843031,47.34653854370117,6.0,180.0
471.10975390774365,-116.45963426431084,6.774988213194891,47.24654006958008,6.0,180.0
471.73345545668286,-116.99956956332066,6.993237669696293,47.24654006958008,6.0,180.0
472.3527377227877,-117.2959320607482,7.25286587114248,47.14646911621094,6.0,180.0
472.8682718868513,-117.1614271014394,7.663495238280643,47.04656219482422,6.0,180.0
473.22362140948206,-116.80835037302904,8.069873087344725,46.94657516479492,6.0,180.0
473.5650644072375,-116.538968097447,8.214461800157881,46.84635162353516,6.0,180.0
474.1443036370956,-116.208158130673,8.169814507405134,46.74650192260742,6.0,180.0
474.9873565634207,-115.8377270494862,8.065791565534607,46.64654159545898,6.0,180.0
475.88190051005,-115.78157594521154,7.873482739877869,46.54660034179688,6.0,180.0
476.6512405653852,-115.9669222744931,7.606000682735084,46.54660034179688,6.0,180.0
477.3147375257881,-116.22308008795616,7.345266755311171,46.44655227661133,6.0,180.0
478.11267714098153,-116.5698119258036,7.148417255580576,46.34643936157227,6.0,180.0
479.0390519408036,-116.89338775284936,7.129955480330535,46.24650955200195,6.0,180.0
479.8918824218949,-117.14901103844134,7.371443299369998,46.14651870727539,6.0,180.0
480.7010093122678,-117.42759966894508,7.776943925268628,46.04659271240234,6.0,180.0
481.36442686127714,-117.63901975536854,8.13973888873463,45.94660186767578,6.0,180.0
481.7042022843682,-117.55647051262122,8.248801567148478,45.94660186767578,6.0,180.0
481.70826237913866,-117.20867123353764,8.122154180924518,45.8465461730957,6.0,180.0
481.6233912708558,-116.91840619088843,7.957757870962708,45.74659729003906,6.0,180.0
481.7178398202264,-116.81052272537524,7.746056760641861,45.64662170410156,6.0,180.0
482.1734174937901,-116.83725195252192,7.167160149072493,45.54654693603516,6.0,180.0
482.9332189620123,-116.91344171767383,6.2461032024808425,45.44639587402344,6.0,180.0
483.6347734210343,-116.9181557928935,5.66093437102773,45.34642028808594,6.0,180.0
484.1158691527124,-116.90655882609244,5.639761547741401,45.24632263183594,6.0,180.0
484.4440313345887,-116.93214108194348,5.729117500046379,45.24632263183594,6.0,180.0
484.8061983103223,-117.0419266486744,5.766777916464316,45.14632415771484,6.0,180.0
485.1608957811824,-117.2302879087162,5.763549378770656,45.04648208618164,6.0,180.0
485.4224851381784,-117.34670919331651,5.547869000501667,44.94643020629883,6.0,180.0
485.7784618297511,-117.4167288134201,5.283240102367628,44.84647369384766,6.0,180.0
486.3518711744192,-117.65469958730928,5.331937509725426,44.74655532836914,6.0,180.0
487.1424174077922,-118.08817111895549,5.527630020514787,44.64639663696289,6.0,180.0
487.9271257792608,-118.509740526178,5.74427074472559,44.64639663696289,6.0,180.0
488.43138208802014,-118.86355625298928,6.163486555696674,44.54645919799805,6.0,180.0
488.82069894674,-119.21931537288565,6.60537571380613,44.44650268554688,6.0,180.0
489.3379977014247,-119.56539731498782,6.790466865457379,44.34643173217773,6.0,180.0
490.0149010962312,-119.97065889319865,6.871737344804898,44.24661636352539,6.0,180.0
490.5985310684223,-120.41058595253055,7.093548409057259,44.14644622802734,6.0,180.0
490.8468509100379,-120.77246047980518,7.230622942327643,44.04648971557617,6.0,180.0
490.9778820675074,-121.06552777796512,7.074601284639653,43.94658279418945,6.0,180.0
491.12385035783376,-121.1418293114089,6.693130778875516,43.94658279418945,6.0,180.0
491.2910452794479,-120.86207476078238,6.080196935181601,43.8465576171875,6.0,180.0
491.4368448889213,-120.36169611769232,5.435616366155134,43.74668502807617,6.0,180.0
491.3686564435292,-119.85315623841208,4.981476650714041,43.64661407470703,6.0,180.0
491.5011354594542,-119.38764398891068,4.755358301832692,43.54655456542969,6.0,180.0
492.4040037539757,-118.9926465275039,4.69051499122493,43.44667816162109,6.0,180.0
493.7467385558845,-118.75365813721127,4.609143312838142,43.34650802612305,6.0,180.0
494.8025257599643,-118.72094675769785,4.637334925874826,43.24644088745117,6.0,180.0
495.2814752697344,-118.94517904691683,4.963155161723488,43.24644088745117,6.0,180.0
495.2912045455808,-119.31956243995978,5.371798494404762,43.14643478393555,6.0,180.0
494.8995310888224,-119.6225502825246,5.656809515646908,43.04640579223633,6.0,180.0
493.9732511619507,-119.6864791158195,5.879364426065022,42.9465217590332,6.0,180.0
492.2003574352792,-119.56909287609436,6.119803868962497,42.84663772583008,6.0,180.0
489.6136841913504,-119.32000783968688,6.53666108179938,42.74662017822266,6.0,180.0
487.1442317610423,-118.88640772175688,7.000693767958018,42.6463737487793,6.0,180.0
485.9180337579132,-118.52277430630993,6.954534118610723,42.6463737487793,6.0,180.0
485.7502168454001,-118.32764735050289,6.375030033908869,42.54638290405273,6.0,180.0
485.76040251247946,-118.07022310133196,5.59266560675845,42.44651412963867,6.0,180.0
486.0663852099081,-117.8698761127475,4.637368805503908,42.34662246704102,6.0,180.0
487.12886441134617,-118.01467316040905,3.699873740778616,42.24648666381836,6.0,180.0
488.6647696711033,-118.44040701794614,3.2018805219542656,42.14635467529297,6.0,180.0
490.1585449993817,-118.84634730427884,3.2783785641398504,42.04656982421875,6.0,180.0
491.6071727759374,-119.05196286200872,3.536622496466652,41.94670486450195,6.0,180.0
492.9876804168471,-119.15187028653412,3.602192266402268,41.94670486450195,6.0,180.0
493.908518998394,-119.28092413528124,3.7178281575993326,41.84654235839844,6.0,180.0
494.2168562480333,-119.38336451519596,4.004000037650439,41.74649810791016,6.0,180.0
494.1206689277496,-119.46183029136292,4.165491901740342,41.64641571044922,6.0,180.0
493.72590598098566,-119.6183668649048,4.301931921945956,41.54640197753906,6.0,180.0
492.9300393685258,-119.8304509192848,4.484957564423365,41.44644165039062,6.0,180.0
491.6638152372834,-119.91052390679232,4.281631154373605,41.34646987915039,6.0,180.0
490.1592775732055,-119.74935453303767,3.7293279466906935,41.34646987915039,6.0,180.0
489.3398418784285,-119.6156801076087,3.0594055680733017,41.24650955200195,6.0,180.0
490.0807483207431,-119.68931110514752,2.1857978206502544,41.14648056030273,6.0,180.0
491.98084911446495,-119.89847082596128,1.4347800768028591,41.04649353027344,6.0,180.0
493.9765728547713,-120.26650151599658,0.96674337369872,40.94668960571289,6.0,180.0
495.6249910473989,-120.7003239907428,0.6905131688890558,40.84646224975586,6.0,180.0
497.0362381701955,-120.98105200280747,0.712500286535577,40.74637603759766,6.0,180.0
498.3829841577916,-121.0678547078637,0.8126957751184145,40.64664840698242,6.0,180.0
499.5002424325767,-121.03272688413054,0.7535129858596008,40.64664840698242,6.0,180.0
500.37800477945706,-120.82329812526734,0.4595393382068211,40.54650115966797,6.0,180.0
501.3766722651677,-120.4408898615118,-0.066458530214863,40.44650650024414,6.0,180.0
502.8025049964534,-120.18509895858084,-0.743255718068963,40.34656524658203,6.0,180.0
504.6762284717147,-120.24603388549532,-1.6066872855835452,40.24639129638672,6.0,180.0
506.4117356752967,-120.64200072800564,-2.5586257423938203,40.14652633666992,6.0,180.0
507.6864075485079,-121.31301791028584,-3.433476967890333,40.04655456542969,6.0,180.0
508.6173829034309,-121.92124476226898,-4.006946038340812,40.04655456542969,6.0,180.0
509.2870154207317,-122.37711415624958,-4.177129052480974,39.94649124145508,6.0,180.0
509.80465096106025,-122.88122809393332,-4.132482627129561,39.84651565551758,6.0,180.0
510.1445008704362,-123.34619111145568,-4.090727370396856,39.74645614624023,6.0,180.0
510.1252169766999,-123.62970166770089,-4.26987436932354,39.64645767211914,6.0,180.0
510.0816682844016,-123.75956079027736,-4.706499528943618,39.54651260375977,6.0,180.0
510.3767038875837,-123.70730313318194,-5.284895191674921,39.44627380371094,6.0,180.0
510.6585551435661,-123.56102532509438,-5.750866342844348,39.34639358520508,6.0,180.0
510.85918645061855,-123.4604247493304,-5.915271141155937,39.34639358520508,6.0,180.0
511.05757065775,-123.24421036456066,-5.965975336130164,39.24646377563477,6.0,180.0
511.3832515064115,-122.87181257796576,-6.079378298337219,39.14654159545898,6.0,180.0
512.0854258439423,-122.67392823900693,-6.20902788952327,39.04655456542969,6.0,180.0
513.0513459331735,-122.86640930438492,-6.310108639606932,38.94672393798828,6.0,180.0
514.1106987830698,-123.3275777863668,-6.487704232233249,38.84662628173828,6.0,180.0
515.0820915095945,-123.78966501945632,-6.752757748875705,38.74654006958008,6.0,180.0
515.752214154031,-124.03589082160175,-6.768539327605331,38.646484375,6.0,180.0
516.0147510670558,-124.04157144862394,-6.504208774849956,38.646484375,6.0,180.0
515.9691538788851,-124.03274314822929,-6.359023688764027,38.54648590087891,6.0,180.0
515.7447854474574,-124.08371261038,-6.438691045028564,38.44659805297852,6.0,180.0
515.503778604829,-123.90810923388,-6.718807520361261,38.34655380249023,6.0,180.0
515.3657158402966,-123.44622770973892,-7.093325935547383,38.24648666381836,6.0,180.0
515.1294026005402,-122.94558389359966,-7.414789177584246,38.14665603637695,6.0,180.0
514.72110983236,-122.53007496025494,-7.810487874875243,38.04647827148438,6.0,180.0
514.4876098145774,-122.24048249878236,-8.31334193370073,38.04647827148438,6.0,180.0
514.7295102817541,-122.15062450666532,-8.788829161976754,37.94644927978516,6.0,180.0
515.464198423155,-122.23220281255078,-9.099665752680128,37.8464241027832,6.0,180.0
516.2213390985318,-122.32139339592806,-9.270208309761438,37.74642562866211,6.0,180.0
516.2831872907597,-122.31622136146537,-9.488909741091051,37.64658737182617,6.0,180.0
515.8726617335527,-122.3088743967446,-9.898149503578434,37.54653549194336,6.0,180.0
515.5723359854571,-122.37091897709644,-10.379418069416529,37.44643402099609,6.0,180.0
515.4079268637133,-122.37717897012205,-10.643221333985782,37.34649658203125,6.0,180.0
515.3448809640738,-122.23756392062596,-10.683697555328363,37.34649658203125,6.0,180.0
515.4529501291161,-122.00002459648748,-10.57431764080984,37.24657440185547,6.0,180.0
515.8622976699421,-121.73316293759562,-10.322512058442006,37.14657211303711,6.0,180.0
516.6798616382132,-121.5025932310418,-10.023201545830965,37.04655456542969,6.0,180.0
517.8142536222884,-121.40811461220008,-9.893831977112464,36.94656753540039,6.0,180.0
519.0734904945322,-121.64470140723532,-10.32176393171274,36.8465690612793,6.0,180.0
520.4231886577619,-122.25734202346771,-11.292206060831464,36.74653625488281,6.0,180.0
521.6393384573129,-122.98260837959944,-12.13208777919476,36.74653625488281,6.0,180.0
522.2729842804406,-123.41816277629847,-12.460733593244395,36.64668655395508,6.0,180.0
522.2644608340356,-123.275019514318,-12.482504334773395,36.54660415649414,6.0,180.0
521.7209363279603,-122.81184225168424,-12.396277829310444,36.44650268554688,6.0,180.0
520.6649438660223,-122.4179599404171,-12.2372575103004,36.34651184082031,6.0,180.0
519.5535642169132,-122.10515768895335,-12.058767152134385,36.24650192260742,6.0,180.0
518.8890882295188,-121.93410686981788,-12.039482047674312,36.14664077758789,6.0,180.0
518.6254366733199,-121.93899949773731,-12.323200572709972,36.04649353027344,6.0,180.0
518.7237126635184,-122.01895626674398,-12.804171787763444,36.04649353027344,6.0,180.0
519.0897133847179,-122.20286108145147,-13.345604241299291,35.94639205932617,6.0,180.0
519.2868782812166,-122.49949207610553,-13.969581213373598,35.84638214111328,6.0,180.0
519.1976098240895,-122.72525440522077,-14.579188018944688,35.74642944335938,6.0,180.0
518.98595206837,-122.82178674393124,-15.025130280914988,35.64656829833984,6.0,180.0
518.6990756409465,-122.97230157992205,-15.294388422138391,35.54647827148438,6.0,180.0
518.3637030562688,-123.07004604548952,-15.330659726267946,35.44649505615234,6.0,180.0
517.8436609589681,-122.87050443642414,-15.2578532027918,35.44649505615234,6.0,180.0
517.2055565534401,-122.39453073665432,-15.367120235934136,35.34648895263672,6.0,180.0
516.6414642104548,-121.8897097410433,-15.66240465150146,35.24637985229492,6.0,180.0
515.9586509224914,-121.600686391556,-16.217330382492477,35.14641952514648,6.0,180.0
515.318956897585,-121.42715896267808,-17.131698037898108,35.04651641845703,6.0,180.0
515.1303432074933,-121.27025534058154,-18.21052159949477,34.94654083251953,6.0,180.0
515.3495846471253,-121.21608655915594,-19.42817487217308,34.84650421142578,6.0,180.0
515.8827820261835,-121.25923773535835,-20.79848935543148,34.7465705871582,6.0,180.0
516.4664005262296,-121.37352008346774,-21.968731450690303,34.7465705871582,6.0,180.0
516.9131565476952,-121.55007190300954,-22.71876963504133,34.64648818969727,6.0,180.0
517.4394376150518,-121.5723855473984,-23.09165887789528,34.5464973449707,6.0,180.0
517.6914957615533,-121.27966808203831,-23.168809694971085,34.44643783569336,6.0,180.0
517.0942775538352,-120.9682304939358,-23.1291241410342,34.34636306762695,6.0,180.0
515.9342072064427,-120.95283622113443,-23.216108039732497,34.24654388427734,6.0,180.0
514.9246309811338,-121.05861231547986,-23.53325248336024,34.14658355712891,6.0,180.0
514.3203166363359,-120.89879376847304,-23.799833493309567,34.14658355712891,6.0,180.0
513.9329574858787,-120.46722106292329,-23.88280404637059,34.04643249511719,6.0,180.0
513.7691450344007,-120.11734826685708,-23.9870869381839,33.94656372070312,6.0,180.0
513.9317257882403,-120.09879727144124,-24.21789361697112,33.84649276733398,6.0,180.0
514.26349626224,-120.30752164515113,-24.46401517480205,33.74655532836914,6.0,180.0
514.6063580832396,-120.50958010052229,-24.641244388878096,33.64665222167969,6.0,180.0
514.9101477348903,-120.62311010013627,-24.938520444676456,33.54641342163086,6.0,180.0
515.1562802822673,-120.62858985123108,-25.45502677467861,33.44649887084961,6.0,180.0
515.2922163704371,-120.6177969639923,-25.930092734225514,33.44649887084961,6.0,180.0
515.2898233453773,-120.68083759595372,-26.14978976850155,33.34647369384766,6.0,180.0
515.0967040623062,-120.69115276942608,-26.17999576720144,33.24656677246094,6.0,180.0
514.5010492545337,-120.60850522285222,-26.271183442619765,33.14667510986328,6.0,180.0
513.4387601155433,-120.51566384418278,-26.52718644538992,33.0465087890625,6.0,180.0
512.1499519834512,-120.45359730688185,-26.762887857348023,32.94647216796875,6.0,180.0
511.15478559265296,-120.43579055461784,-27.020289095003594,32.84644317626953,6.0,180.0
510.7177087104509,-120.5005317027336,-27.39450000620284,32.74649429321289,6.0,180.0
510.7315256857905,-120.61291849153092,-27.83962051958548,32.74649429321289,6.0,180.0
510.9841415481869,-120.61041179219812,-28.393284422449977,32.64650344848633,6.0,180.0
511.1779173538061,-120.29848584201244,-29.027672572082736,32.5464973449707,6.0,180.0
511.35036326202027,-119.65509289221286,-29.570316923038067,32.44645690917969,6.0,180.0
511.6130996234691,-119.06270499780358,-29.89041832104402,32.34653472900391,6.0,180.0
511.8295392475168,-118.74594001462827,-30.14029310380805,32.2466926574707,6.0,180.0
511.771720652828,-118.51920426020769,-30.465168797177803,32.14651489257812,6.0,180.0
511.357050207296,-118.26706448638662,-30.81411932842332,32.14651489257812,6.0,180.0
510.6807156198503,-118.09557521718835,-31.24049274419136,32.04643249511719,6.0,180.0
509.9896351933081,-118.078151547016,-31.856363268589103,31.94646644592285,6.0,180.0
509.4425345771946,-118.05926333194816,-32.538269202323555,31.84647750854492,6.0,180.0
508.78728635170745,-117.97487164366652,-33.06754507728542,31.74655723571777,6.0,180.0
507.8243877721108,-117.81541519050606,-33.46476260916081,31.64660835266113,6.0,180.0
506.6618508796766,-117.47206479838992,-33.813559878847265,31.54652214050293,6.0,180.0
505.6726205202907,-117.04149808425228,-34.03990263019939,31.44653701782227,6.0,180.0
505.2087927531079,-116.68286648827475,-34.184718320207864,31.44653701782227,6.0,180.0
505.0947442225747,-116.45050552113564,-34.28070507248031,31.34648132324219,6.0,180.0
504.9964697943706,-116.27904285916011,-34.177383709485014,31.24661064147949,6.0,180.0
504.7724034897184,-116.0073629432636,-33.93334149081797,31.14661407470703,6.0,180.0
504.26816706034174,-115.70866570187296,-33.694821857477706,31.04640960693359,6.0,180.0
503.36211605665,-115.47376821322854,-33.4049079172417,30.9465217590332,6.0,180.0
502.0192793588627,-115.2369244976036,-33.15427337380533,30.84635734558105,6.0,180.0
500.4151509968838,-115.0951298864297,-33.26671630430439,30.84635734558105,6.0,180.0
499.13163125301946,-115.1447492055002,-33.69521972733681,30.74656295776367,6.0,180.0
498.38304351849854,-115.28752507009833,-34.06813781388856,30.64679908752441,6.0,180.0
497.9307986802868,-115.3021536287545,-34.31377417079225,30.54665946960449,6.0,180.0
497.7443075492209,-115.21665497366058,-34.474907306760855,30.44665718078613,6.0,180.0
497.6617773834248,-115.25263229479214,-34.61124980276707,30.34667015075684,6.0,180.0
497.45792753020135,-115.261954840968,-34.85639647072279,30.24637603759766,6.0,180.0
497.0860946749056,-115.11414575978316,-35.0493416124708,30.14635848999023,6.0,180.0
496.599683286083,-115.0346229101266,-35.02380699787523,30.14635848999023,6.0,180.0
495.9411103212815,-115.0519519162733,-34.92250177909265,30.04642486572266,6.0,180.0
494.8978036671493,-114.96507756973914,-34.82955882530394,29.94653701782227,6.0,180.0
493.5594829995152,-114.75593138106892,-34.77901819539507,29.84643173217773,6.0,180.0
492.37558762347845,-114.51121896628796,-34.783723127105496,29.74642753601074,6.0,180.0
491.6302115047824,-114.27328881453552,-34.86207865685432,29.64641380310059,6.0,180.0
491.2492167933663,-113.98838265374062,-35.294543200458705,29.54660606384277,6.0,180.0
491.1339702806808,-113.64890357710118,-36.16810036769394,29.54660606384277,6.0,180.0
491.1081098492821,-113.33848452090189,-37.079466874897896,29.44649696350098,6.0,180.0
491.0347181553845,-113.06217637649236,-37.60369914893415,29.34641647338867,6.0,180.0
490.9094637295672,-112.83098716113548,-37.760615829670726,29.24641799926758,6.0,180.0
490.62589936481015,-112.65026028317244,-37.76216029810455,29.14645767211914,6.0,180.0
490.1149637398402,-112.4285445347298,-37.65181812344741,29.04651069641113,6.0,180.0
489.3914912706791,-112.00911447064126,-37.43631974809996,28.94652366638184,6.0,180.0
488.60408884133807,-111.39861752453886,-37.3154913295024,28.84643745422363,6.0,180.0
487.6834451509213,-110.72700268531209,-37.47323189257416,28.84643745422363,6.0,180.0
486.3378883406455,-110.08747162160036,-37.71410302495405,28.7464771270752,6.0,180.0
484.6325552053433,-109.55351581372888,-37.952893475700805,28.64653205871582,6.0,180.0
482.98577410413753,-108.974979494199,-38.30788120170576,28.54644584655762,6.0,180.0
481.8038299135157,-108.3830679430496,-38.65441542316771,28.44654083251953,6.0,180.0
481.06358742799193,-108.17428555366914,-38.8924468097235,28.34647941589355,6.0,180.0
480.5418773609193,-108.44762246050362,-39.19107475630376,28.2465705871582,6.0,180.0
480.1367517339069,-108.8719401465377,-39.5981811095881,28.1465015411377,6.0,180.0
479.7044227570158,-109.23315084359687,-39.86701319551958,28.1465015411377,6.0,180.0
479.034578815941,-109.46355726182809,-39.81325627159553,28.04642295837402,6.0,180.0
478.10418462568464,-109.50261573535744,-39.62747472963744,27.94650459289551,6.0,180.0
476.914738152634,-109.46398360503602,-39.58876458806128,27.84650993347168,6.0,180.0
475.50770004033967,-109.33123141855806,-39.55816085162272,27.74653053283691,6.0,180.0
473.9406646203341,-108.99692801098524,-39.34657873100966,27.64648056030273,6.0,180.0
472.0181611431245,-108.60829785492392,-39.02677393910076,27.54648399353027,6.0,180.0
469.9059870616846,-108.33761606526392,-38.889751842383575,27.54648399353027,6.0,180.0
468.0588040209983,-108.10420222616663,-39.34679288888525,27.44653129577637,6.0,180.0
466.6064771693753,-107.83110629635516,-40.25794361872598,27.34648895263672,6.0,180.0
465.4435611582261,-107.5290183568665,-41.17254022213772,27.24652481079102,6.0,180.0
464.4834892020476,-107.24641945715224,-42.04767329967474,27.14646148681641,6.0,180.0
463.7771623702852,-107.18650994717784,-42.861907312203705,27.04658508300781,6.0,180.0
463.2405294397228,-107.20824214780892,-43.43487391837704,26.94663047790527,6.0,180.0
462.4271251317249,-106.9241376968567,-43.74011097006282,26.84654998779297,6.0,180.0
461.2775148818801,-106.55753435096268,-44.02971194976813,26.84654998779297,6.0,180.0
460.2024245318564,-106.39472204402148,-44.630573310155874,26.74658584594727,6.0,180.0
459.2405697347758,-106.22305582293072,-45.39169447227965,26.64647483825684,6.0,180.0
458.200063373328,-105.85952724150326,-45.898123849785925,26.54648399353027,6.0,180.0
456.9522690215932,-105.25453609546514,-46.09117035869095,26.44650268554688,6.0,180.0
455.5181382288012,-104.4563328441249,-46.2370216637959,26.34639549255371,6.0,180.0
454.1747241121646,-103.54458604248453,-46.393386269389936,26.24654960632324,6.0,180.0
453.01713468683937,-102.70971384090184,-46.44077602990669,26.24654960632324,6.0,180.0
451.9095571029853,-102.3331974001712,-46.65611983105634,26.14652252197266,6.0,180.0
450.83823884873857,-102.31306730027448,-47.0277073589354,26.04646873474121,6.0,180.0
449.82607152078486,-102.11473423483754,-47.126690383540655,25.94652938842773,6.0,180.0
448.8967039862159,-101.61340205052258,-47.08238313630279,25.84644317626953,6.0,180.0
447.8986822364421,-100.9796298200968,-47.23881152384769,25.74646186828613,6.0,180.0
446.50800242286033,-100.31966922918892,-47.55281329497967,25.64644813537598,6.0,180.0
444.7480000661477,-99.75747651547044,-47.69154007398839,25.54652786254883,6.0,180.0
443.04008420996,-99.33517190829822,-47.35538489651808,25.54652786254883,6.0,180.0
441.6452898706141,-98.9765452024436,-46.65518879771732,25.44658851623535,6.0,180.0
440.3366559898233,-98.66270901714071,-46.02156314161186,25.34661102294922,6.0,180.0
438.93653902151794,-98.55241954885769,-45.78996571658578,25.24655723571777,6.0,180.0
437.6781080065935,-98.7740052181526,-45.97989068992938,25.14651298522949,6.0,180.0
436.5540715922549,-99.06144567498453,-46.34776148591276,25.04642677307129,6.0,180.0
435.3745093536478,-99.0942233190058,-46.76978712464216,24.94652366638184,6.0,180.0
434.1907878284286,-98.94371935296095,-47.280406944959125,24.94652366638184,6.0,180.0
433.0180946452527,-98.83596112007504,-47.668345982922666,24.84657669067383,6.0,180.0
431.7936821782704,-98.8077379140834,-47.73541046241571,24.74658203125,6.0,180.0
430.36799439842713,-98.73068147366584,-47.658456636313005,24.64648818969727,6.0,180.0
428.4997722928392,-98.59369956141065,-47.54887956473244,24.54645156860352,6.0,180.0
426.3129886643662,-98.46111579280618,-47.285600524139504,24.44648551940918,6.0,180.0
424.143836044985,-98.27544708932317,-46.80842106882676,24.34649467468262,6.0,180.0
422.1621169790782,-98.06550148110708,-46.36658878245602,24.24653244018555,6.0,180.0
420.5105915805095,-97.87798497631611,-46.36568499902757,24.24653244018555,6.0,180.0
419.2200651628011,-97.51739000513416,-46.79739551877704,24.14645004272461,6.0,180.0
418.1921240204458,-97.01518227429386,-47.36599012003016,24.04648399353027,6.0,180.0
417.1764805303095,-96.43945051438568,-47.916847126134776,23.94650840759277,6.0,180.0
415.99527894583065,-95.68533189046047,-48.54818001639695,23.84659576416016,6.0,180.0
414.7696120635183,-94.89477280111316,-49.11166907643479,23.74654579162598,6.0,180.0
413.66945698223134,-94.2289381381898,-49.197505579772816,23.64650344848633,6.0,180.0
412.4826559866968,-93.9201113773944,-48.85697621448303,23.54652404785156,6.0,180.0
410.8507062200006,-93.97427578087412,-48.40392591521972,23.54652404785156,6.0,180.0
408.9837861399282,-93.92981384792895,-48.06445056964032,23.44647979736328,6.0,180.0
407.20578023590673,-93.64616579354409,-47.821450256996805,23.34661483764648,6.0,180.0
405.42673943955816,-93.27183186451614,-47.48929580125496,23.24648284912109,6.0,180.0
403.6074341165814,-92.775538386492,-47.077064710286365,23.14647102355957,6.0,180.0
401.9132729930987,-92.11114399358694,-46.71306586189157,23.04657554626465,6.0,180.0
400.1962473947413,-91.4396129392345,-46.40314176555444,22.94650077819824,6.0,180.0
398.2219113253514,-90.9033419779649,-46.13311206994687,22.94650077819824,6.0,180.0
396.20848675727007,-90.33240972551752,-45.99466164616478,22.8465747833252,6.0,180.0
394.3319577774935,-89.75708527405708,-46.11819488220557,22.74635314941406,6.0,180.0
392.4407997453733,-89.35995334230763,-46.50773989272204,22.64638137817383,6.0,180.0
390.53978697619806,-89.14802056170232,-46.990427512264986,22.54648971557617,6.0,180.0
388.7497329173525,-89.07564723367243,-47.555550142804286,22.44639015197754,6.0,180.0
386.9759144888527,-88.79549505299246,-48.2770912231463,22.34655380249023,6.0,180.0
385.1124152514362,-88.14296053250264,-49.01562224967161,22.24640464782715,6.0,180.0
383.217329969945,-87.39458404777393,-49.48063418964749,22.24640464782715,6.0,180.0
381.4651495058905,-86.69499433005433,-49.5322705782517,22.14640808105469,6.0,180.0
379.69582615286976,-86.01037956289856,-49.24361584399394,22.04651832580566,6.0,180.0
377.4495629897439,-85.37971391171271,-48.72981967403304,21.94655799865723,6.0,180.0
374.956818624854,-84.82701875260686,-48.21063522773437,21.84674835205078,6.0,180.0
372.7923240025421,-84.45545386476476,-47.75247853654529,21.74674224853516,6.0,180.0
371.02143949649314,-84.4373487172178,-47.30058919754849,21.64654731750488,6.0,180.0
369.4333718014638,-84.55286404667757,-47.13185309759942,21.64654731750488,6.0,180.0
367.830574858124,-84.42246033748005,-47.34798698438854,21.54644584655762,6.0,180.0
366.1183242765631,-83.9575279367581,-47.580232131691176,21.44651412963867,6.0,180.0
364.26206366671096,-83.19867079095712,-47.66515094061241,21.34659194946289,6.0,180.0
362.3195696188873,-82.28924453132544,-47.6790739729175,21.24648666381836,6.0,180.0
360.4136753701408,-81.49999720592724,-47.69116090925548,21.14652061462402,6.0,180.0
358.5180312544004,-80.87950921706539,-47.66851989532449,21.04649925231934,6.0,180.0
356.49518996292267,-80.5137278039446,-47.60020878918653,20.94658279418945,6.0,180.0
354.32210526072964,-80.47352102198863,-47.39427753597287,20.94658279418945,6.0,180.0
352.07253051405763,-80.4755191467565,-46.79210578179698,20.84656524658203,6.0,180.0
349.83533357746364,-80.39336915162892,-46.13169598489922,20.74645233154297,6.0,180.0
347.6470675399448,-80.15332517358962,-45.89794779429097,20.6465015411377,6.0,180.0
345.51857429973103,-79.62495815767365,-45.80393677580003,20.54640579223633,6.0,180.0
343.4997372833081,-79.00523598377637,-45.65320781089865,20.44649124145508,6.0,180.0
341.5444622756292,-78.57356348498621,-45.62552865687761,20.34654998779297,6.0,180.0
339.52640093057005,-78.23105548786056,-45.582036628832206,20.34654998779297,6.0,180.0
337.5572375171893,-77.8445096069966,-45.58597157077709,20.24643135070801,6.0,180.0
335.8018814825137,-77.59201139257735,-45.85812544204251,20.14651489257812,6.0,180.0
334.0265666741796,-77.42578560124723,-46.28983417505298,20.04648590087891,6.0,180.0
332.0005218975904,-77.20488218932806,-46.737583458333816,19.94645309448242,6.0,180.0
329.7095130313081,-77.00435118667512,-46.95761037039467,19.84658050537109,6.0,180.0
327.14560696050137,-76.94965804505858,-46.98874086316968,19.74648475646973,6.0,180.0
324.4184119525784,-76.93650377289889,-47.10537753309492,19.64633941650391,6.0,180.0
321.81196497059125,-76.61521535841807,-47.25950652367085,19.64633941650391,6.0,180.0
319.44669747464184,-76.04300334348399,-47.38141894645129,19.5464038848877,6.0,180.0
317.1184273632672,-75.35106514750805,-47.37268182146765,19.44643592834473,6.0,180.0
314.6775491882238,-74.40387069809898,-46.96889479811946,19.3465576171875,6.0,180.0
312.1590918077956,-73.32277796846545,-46.09498322861965,19.2465877532959,6.0,180.0
309.50360544318863,-72.32511792158772,-45.086800356442254,19.14652252197266,6.0,180.0
306.73705184643,-71.48638067292971,-44.52128435313806,19.04656219482422,6.0,180.0
304.1847704554769,-70.77838399549955,-44.510726321598696,19.04656219482422,6.0,180.0
301.9313539547869,-70.17592517221073,-44.53584818067596,18.94643211364746,6.0,180.0
299.729870800419,-69.63386902844597,-44.41198474337234,18.84641265869141,6.0,180.0
297.48369181916064,-69.01129892402273,-44.29592676883932,18.74651336669922,6.0,180.0
295.2087373387444,-68.48509573992983,-44.24338650671014,18.6464958190918,6.0,180.0
292.8441062695709,-68.30295246973739,-44.26554255704949,18.54660034179688,6.0,180.0
290.2663066449762,-68.18703902748469,-44.22831277377015,18.44646263122559,6.0,180.0
287.5212543431509,-67.90692792004299,-44.24625139858944,18.34651947021484,6.0,180.0
284.8238109048256,-67.6535911079409,-44.36307357474381,18.34651947021484,6.0,180.0
282.256062184328,-67.57994135547344,-44.12318257075881,18.24656105041504,6.0,180.0
279.834162290591,-67.56161535843873,-43.44241877442148,18.14656066894531,6.0,180.0
277.38009889876105,-67.29647344459119,-42.72689147507419,18.04656600952148,6.0,180.0
274.8042143458293,-66.8139613983651,-42.25187572997432,17.9465160369873,6.0,180.0
272.39154316669635,-66.34566908246117,-41.858543159973,17.8465576171875,6.0,180.0
270.1022957097197,-65.85978207241392,-41.26897323100725,17.74651145935059,6.0,180.0
267.72826711244824,-65.30232410309044,-40.49101027806363,17.64652252197266,6.0,180.0
265.3072708685468,-64.77505227920686,-39.691736764895104,17.64652252197266,6.0,180.0
262.7500914328411,-64.38275091737478,-39.061539623237074,17.54654884338379,6.0,180.0
259.91551867360374,-64.01971805093844,-38.604135759298856,17.44646835327148,6.0,180.0
257.0035269184846,-63.48133233631806,-38.21333772293181,17.34652328491211,6.0,180.0
254.29279420903515,-62.72861239059228,-37.81512796488814,17.24654197692871,6.0,180.0
251.59332648939943,-61.88428628252343,-37.25834116442506,17.14653205871582,6.0,180.0
248.62962490233744,-61.0210874334814,-36.47766674954726,17.04660606384277,6.0,180.0
245.6393107404764,-60.23020140290757,-35.588917809347265,17.04660606384277,6.0,180.0
242.961659386681,-59.59990441719346,-34.773391314901794,16.94650459289551,6.0,180.0
240.53453014956185,-58.98001450759229,-34.19429493708758,16.84643173217773,6.0,180.0
238.1631076419995,-58.27231110958181,-33.911349830768,16.74655342102051,6.0,180.0
235.74216234158388,-57.51230011848375,-33.91227627290729,16.64655494689941,6.0,180.0
233.05701004717736,-56.82186712170297,-34.00970122980386,16.54658126831055,6.0,180.0
230.0266862030839,-56.38082607636751,-34.15329124837333,16.44648551940918,6.0,180.0
226.8842130472752,-56.12930252553858,-34.450140685052475,16.34645080566406,6.0,180.0
223.7111963246745,-56.00614663473413,-34.66629895317785,16.34645080566406,6.0,180.0
220.5198990736082,-55.9936944242676,-34.61059746090994,16.24663925170898,6.0,180.0
217.49129019027765,-55.830794654655165,-34.44639972688076,16.14652633666992,6.0,180.0
214.6469884491943,-55.36333680701446,-34.24972966432691,16.04651260375977,6.0,180.0
211.81579417549915,-54.87246979217465,-33.94054669293779,15.94645595550537,6.0,180.0
208.8252285312288,-54.565670025807385,-33.73301929724525,15.84642887115479,6.0,180.0
205.7591491050132,-54.20552318911659,-33.724239811939846,15.74655532836914,6.0,180.0
202.78032227764749,-53.57977820648068,-33.623915372273174,15.74655532836914,6.0,180.0
199.8947469998496,-52.70147831402779,-33.514467311744255,15.64657115936279,6.0,180.0
197.1559690300411,-51.80009098989125,-33.63016989672521,15.54645347595215,6.0,180.0
194.545709387808,-51.110381410834506,-33.769647394903615,15.44642353057861,6.0,180.0
191.8828994023515,-50.514131379083445,-33.68298570943064,15.34640789031982,6.0,180.0
188.8970923740269,-49.84396739828109,-33.19931396353703,15.24649620056152,6.0,180.0
185.7155582239644,-49.07783155501294,-32.36235638024842,15.14653015136719,6.0,180.0
182.6342134334898,-48.306201215450095,-31.51123200892853,15.0465259552002,6.0,180.0
179.5159636600946,-47.51713296492604,-30.67806031580765,15.0465259552002,6.0,180.0
176.3396257228428,-46.574687644087085,-29.820372288652376,14.9464864730835,6.0,180.0
173.2996467026823,-45.59226958043696,-29.14785478021664,14.84651184082031,6.0,180.0
170.242595788426,-44.76072410483332,-28.63422281329847,14.74670505523682,6.0,180.0
167.0463793997218,-44.06201860766134,-28.141887199140925,14.64669227600098,6.0,180.0
164.02807974316548,-43.51187475194528,-27.611789594567227,14.54665470123291,6.0,180.0
161.30114358094698,-43.13079764001021,-26.95559325073903,14.4465799331665,6.0,180.0
158.69515341589153,-42.66095154541888,-26.352338683019084,14.4465799331665,6.0,180.0
156.0620316964554,-42.10036002867772,-25.960934318524544,14.34641647338867,6.0,180.0
153.21527580687533,-41.794375627137,-25.630617132874,14.24640274047852,6.0,180.0
150.1250469589182,-41.71678148661852,-25.395022182757145,14.14642715454102,6.0,180.0
147.01447008717065,-41.54863132450098,-25.24640208742461,14.04645729064941,6.0,180.0
143.8295736611459,-41.216472880682986,-24.931137305759208,13.94651031494141,6.0,180.0
140.4350105405252,-40.63030575102191,-24.357043462494865,13.84644985198975,6.0,180.0
137.00273565422464,-39.60320837374169,-23.584076116354392,13.74650382995605,6.0,180.0
133.4666007883145,-38.5047284715538,-22.83037645975831,13.74650382995605,6.0,180.0
129.76268213158798,-37.71757679343914,-22.137777524554064,13.64658069610596,6.0,180.0
126.0316367832445,-37.02435014969501,-21.24870469692011,13.54651069641113,6.0,180.0
122.36551918322864,-36.390258902626414,-20.29318367912344,13.44647693634033,6.0,180.0
118.8628987006576,-35.94943373777693,-19.62370670543472,13.34644508361816,6.0,180.0
115.51402819254534,-35.61103357971905,-19.290577352387963,13.24638080596924,6.0,180.0
112.2533355535179,-35.31490700139986,-19.148837307484843,13.14651870727539,6.0,180.0
109.12851132710976,-35.01534157667879,-18.99643117689212,13.04652881622314,6.0,180.0
106.23911306806048,-34.67645459238821,-18.732077495044862,13.04652881622314,6.0,180.0
103.42576389421195,-34.27876035895408,-18.34505615617488,12.94649314880371,6.0,180.0
100.49853292494362,-33.847761765553074,-17.761346093157073,12.84653472900391,6.0,180.0
97.45459574898034,-33.45652193733481,-16.912552260398765,12.74646854400635,6.0,180.0
94.2844272161797,-32.96821042695902,-15.958181398426657,12.64657211303711,6.0,180.0
90.9453781789461,-32.3558789698109,-15.250798793195257,12.54646873474121,6.0,180.0
87.26825331070057,-31.78377409968469,-14.836844025137683,12.44636058807373,6.0,180.0
83.34512213608167,-30.99749503031557,-14.614095271608951,12.44636058807373,6.0,180.0
79.49022290665357,-29.8636328926543,-14.575997714861966,12.3464527130127,6.0,180.0
75.69617272161167,-28.76882867778832,-14.4799762016854,12.24656772613525,6.0,180.0
71.9235087915761,-27.92031643450263,-14.179465471505534,12.14659214019775,6.0,180.0
68.1680082182754,-27.178389328423528,-13.761912869027256,12.04656219482422,6.0,180.0
64.44753135426612,-26.55413048688789,-13.277496776092654,11.94655227661133,6.0,180.0
60.97188326730176,-26.118861879652663,-12.795113546577046,11.8464937210083,6.0,180.0
57.63942054832685,-25.710865989772422,-12.460251864745176,11.7465763092041,6.0,180.0
54.14138916882754,-25.26029119111156,-12.38234519701225,11.7465763092041,6.0,180.0
50.437517550409645,-24.7846547959486,-12.289316460364788,11.64657306671143,6.0,180.0
46.65774149151224,-24.38297043670469,-11.856633465348398,11.54645347595215,6.0,180.0
43.013452751423806,-23.99109638937521,-11.234783692869968,11.44647884368896,6.0,180.0
39.65839495948422,-23.39309251514188,-10.682495051651076,11.34647941589355,6.0,180.0
36.36804794932869,-22.59158529336528,-10.236334563288308,11.24660873413086,6.0,180.0
32.78435687853169,-21.517748079439443,-9.765322844544968,11.14656352996826,6.0,180.0
28.9220030953815,-20.11857646796799,-9.135972066963816,11.14656352996826,6.0,180.0
25.029835774936814,-18.644375012822387,-8.427998132413434,11.04646873474121,6.0,180.0
21.33841239146249,-17.429546470800503,-7.738650315715342,10.94651889801025,6.0,180.0
17.910095423825318,-16.467967002604972,-7.039736031936116,10.84640693664551,6.0,180.0
14.640248831057292,-15.58552128684522,-6.429413972469177,10.74654865264893,6.0,180.0
11.39946949837968,-14.799406914118329,-5.9893105700655696,10.64657783508301,6.0,180.0
8.012900772005054,-14.1670872734954,-5.410797271982327,10.54640102386475,6.0,180.0
4.448856741222244,-13.60874828524776,-4.473141884915135,10.44655895233154,6.0,180.0
0.7876181531296638,-13.153886324797652,-3.454132170521177,10.44655895233154,6.0,180.0
-2.9996438172719166,-12.913726311994104,-2.4960336143784314,10.34644889831543,6.0,180.0
-6.913723909708935,-12.532238465304156,-1.6199348711739416,10.24643421173096,6.0,180.0
-10.973296385439866,-11.669695373500092,-1.0079737625510825,10.146409034729,6.0,180.0
-15.211704318117532,-10.559170939503032,-0.6142860020317187,10.046462059021,6.0,180.0
-19.58865181338768,-9.49021460701505,-0.338625685539009,9.94654941558838,6.0,180.0
-23.812987443729675,-8.451001738204583,-0.194502214857609,9.846508026123049,6.0,180.0
-27.652010718667547,-7.552383229473104,-0.0813704165807447,9.846508026123049,6.0,180.0
-31.22375521510908,-6.929569941734037,0.1491170662546874,9.746533393859863,6.0,180.0
-34.690594728666866,-6.322886028669865,0.4534324609683597,9.64652156829834,6.0,180.0
-38.25015158031415,-5.677988857083156,0.6427108767911189,9.54659938812256,6.0,180.0
-41.857298965592975,-5.09710150609026,0.7456598353339503,9.446599006652832,6.0,180.0
-45.458967324683485,-4.635426471397375,1.0114539144706765,9.346400260925291,6.0,180.0
-49.23578887313767,-4.400927316841164,1.603833522626018,9.24658489227295,6.0,180.0
-53.1237708685792,-4.162890727569579,2.337516115544488,9.146527290344238,6.0,180.0
-57.08794131595124,-3.6495038614584328,2.9650761566961394,9.146527290344238,6.0,180.0
-61.256324911477634,-2.803092115504331,3.5339496393138665,9.046493530273438,6.0,180.0
-65.42103345117644,-1.733561983060591,4.060190635294888,8.946467399597168,6.0,180.0
-69.53166676486556,-0.6912882117014281,4.504626372805715,8.846476554870605,6.0,180.0
-73.9754216298859,0.3405203990483016,5.023542888532543,8.746519088745117,6.0,180.0
-78.67143473831673,1.4107026268603242,5.72980811858084,8.646605491638184,6.0,180.0
-83.24596553030597,2.322423509839915,6.424153380210511,8.546550750732422,6.0,180.0
-87.5523615251213,3.0945879637672924,6.93157017216128,8.446513175964355,6.0,180.0
-91.661362330159,3.953561378238176,7.389226081202777,8.446513175964355,6.0,180.0
-95.64415205739436,4.951123919544671,8.13297793378122,8.346549034118652,6.0,180.0
-99.50823804904626,5.898393505383613,9.374747418162288,8.246435165405273,6.0,180.0
-103.4197399464376,6.703269852875639,10.638227611239438,8.146512985229492,6.0,180.0
-107.46295711649668,7.513928843574231,11.398371240211269,8.04653549194336,6.0,180.0
-111.58520896201516,8.305975447778753,11.919672842204667,7.946468830108643,6.0,180.0
-115.7086543400448,9.00220882267978,12.544394975368151,7.846498012542725,6.0,180.0
-119.86503749678238,9.780585952877209,13.294199020910836,7.846498012542725,6.0,180.0
-124.05629190892591,10.623635830828237,14.203355675438551,7.746455669403076,6.0,180.0
-128.264919617906,11.337068447501393,15.169418971330073,7.646470069885254,6.0,180.0
-132.38347413120013,12.019084156740629,16.121141028470316,7.546484470367432,6.0,180.0
-136.2521058917717,12.805454261613322,17.087678325006756,7.446493148803711,6.0,180.0
-140.11861179029387,13.6693171807971,17.895968541810042,7.346476078033447,6.0,180.0
-144.1363245539452,14.591621986813507,18.637087652072267,7.246505737304688,6.0,180.0
-148.19878153660903,15.549021777868605,19.5226518255307,7.146493911743164,6.0,180.0
-152.35168396488814,16.53189014252432,20.396883868298417,7.146493911743164,6.0,180.0
-156.54541476810377,17.512793960294307,21.077395394969507,7.046570777893066,6.0,180.0
-160.59947815286847,18.41317067550624,21.64235854686458,6.946550846099854,6.0,180.0
-164.54842753411356,19.166704282285,22.38746107672251,6.846496105194092,6.0,180.0
-168.62243144662807,19.783936197593576,23.448304392466927,6.746543884277344,6.0,180.0
-173.0234846801929,20.42462600674254,24.55944085959484,6.646544456481934,6.0,180.0
-177.65549043974084,21.026814182377752,25.485951720378,6.546613216400146,6.0,180.0
-182.2571654205161,21.43298487943088,26.33078548163068,6.546613216400146,6.0,180.0
-186.76019236482583,21.94456687729814,27.163184786071508,6.446675777435303,6.0,180.0
-191.10663154347617,22.81249997455824,27.77103247500071,6.346458435058594,6.0,180.0
-195.1896038194988,23.834750076279686,28.27605209736257,6.246493816375732,6.0,180.0
-199.2142806683304,24.794281397940026,28.99330018003669,6.146429061889648,6.0,180.0
-203.38499857927172,25.62050936266608,29.928199451259623,6.046548843383789,6.0,180.0
-207.6202992071142,26.392368467327657,31.082648329451786,5.946468353271484,6.0,180.0
-211.94449264528976,27.315715059937137,32.25150352692448,5.846464157104492,6.0,180.0
-216.27875997698675,28.3188427771599,33.15467579304077,5.846464157104492,6.0,180.0
-220.51978070541537,29.198033314238707,33.81630428846666,5.746443748474121,6.0,180.0
-224.8832571076196,29.78544489537193,34.41440896413771,5.646427154541016,6.0,180.0
-229.3807428019623,29.9729296232148,35.19698655076231,5.546539306640625,6.0,180.0
-233.85390928207795,30.11109187861172,36.32877187844984,5.446485996246338,6.0,180.0
-238.38891427502472,30.52518419786234,37.75506709871801,5.346428394317627,6.0,180.0
-243.00679356476184,31.17104284542357,39.19622599875803,5.246522426605225,6.0,180.0
-247.6070147437046,32.0482371033616,40.37409154561116,5.246522426605225,6.0,180.0
-252.2247064803268,33.13891310125174,41.23858358641464,5.14656925201416,6.0,180.0
-256.9960041533422,34.31432445500415,41.96264877132007,5.046648025512695,6.0,180.0
-261.7694512901232,35.42370427945743,42.88330850369539,4.94653844833374,6.0,180.0
-266.1773025540164,36.46240019961584,43.94997976654646,4.846529006958008,6.0,180.0
-270.29359687176554,37.61214666864368,44.821228696940565,4.746561527252197,6.0,180.0
-274.48374779729977,38.96401225471452,45.46693152544497,4.646490573883057,6.0,180.0
-278.94230251712804,40.33405899509624,45.910601127284224,4.546485900878906,6.0,180.0
-283.70746502753343,41.42813259282772,46.1808306078244,4.546485900878906,6.0,180.0
-288.6751326907616,42.2603602229432,46.56881207479649,4.446559429168701,6.0,180.0
-293.70298402696574,43.10364760720988,47.32667216235159,4.346499443054199,6.0,180.0
-298.6266829082174,44.11996521777435,48.28547768142075,4.246579647064209,6.0,180.0
-303.37317084866595,45.10167359233438,49.19469125367397,4.146519184112549,6.0,180.0
-308.2435837134267,45.94967200602349,50.00247127822331,4.046417713165283,6.0,180.0
-313.4037874759156,46.78563065807951,50.72312644404935,3.946567058563232,6.0,180.0
-318.5573436624059,47.54665634256985,51.51494904514485,3.946567058563232,6.0,180.0
-323.5776698868739,48.40673849404845,52.4924674460797,3.846584796905518,6.0,180.0
-328.4367085268628,49.49891558430191,53.45789492197645,3.746335744857788,6.0,180.0
-332.96528506028926,50.58238510187411,54.33953011358484,3.646477460861206,6.0,180.0
-337.49810119980106,51.51730824446344,55.2354539991262,3.546427488327026,6.0,180.0
-342.36765528139614,52.454417733319765,56.09239311104863,3.446555614471436,6.0,180.0
-347.2655298972875,53.61595167547906,56.92951969302773,3.346667528152466,6.0,180.0
-351.89626183734407,55.04305587697404,57.76399397594497,3.24638843536377,6.0,180.0
-356.21236929144874,56.52863443651742,58.53630357975893,3.24638843536377,6.0,180.0
-360.4197483262684,57.91221539694025,59.25704387311934,3.146511316299438,6.0,180.0
-364.7870854412882,59.27766336484182,60.00798614988558,3.046467781066895,6.0,180.0
-369.39794262541056,60.546579316581045,60.95032276625462,2.946559906005859,6.0,180.0
-374.24575827946194,61.53150754602993,62.08628487728773,2.846562147140503,6.0,180.0
-379.18989633998046,62.25824532702006,63.25936717383097,2.746492385864258,6.0,180.0
-384.1604508909509,62.97608297547592,64.39318228036605,2.646576404571533,6.0,180.0
-389.1231860910407,63.97413928606606,65.35644015379299,2.546506881713867,6.0,180.0
-393.79343711762255,65.16744816118349,66.12795431695184,2.546506881713867,6.0,180.0
-397.9944513467846,66.25645047472409,66.81996887158203,2.446501016616821,6.0,180.0
-401.8687366649806,67.1627714341609,67.3839134392822,2.346445083618164,6.0,180.0
-405.5461254387348,68.02386382389642,67.91106832016814,2.246427059173584,6.0,180.0
-409.0932061051664,68.94204651907899,68.48898706220275,2.146437644958496,6.0,180.0
-412.6473544766615,69.7911128963062,69.03207968384164,2.046561479568481,6.0,180.0
-416.3898432653604,70.48879670959153,69.70586289493913,1.946627378463745,6.0,180.0
-420.2992984599549,71.08014550959557,70.66355035456778,1.946627378463745,6.0,180.0
-424.3710762354647,71.75224821683577,71.7814023308309,1.846514582633972,6.0,180.0
-428.7008234967227,72.70031844278755,72.9263475985418,1.746498227119446,6.0,180.0
-433.051055127049,73.67884872978448,74.14627364622066,1.64646589756012,6.0,180.0
-437.2906433625908,74.54723886621244,75.54753720367,1.546550750732422,6.0,180.0
-441.4579852807024,75.3472872304788,76.92373470334252,1.446642279624939,6.0,180.0
-445.4618569329967,75.95091524298945,77.98952517387563,1.346584677696228,6.0,180.0
-449.33958133573327,76.44448423659954,78.78473858312313,1.246505618095398,6.0,180.0
-453.184400160564,77.03564916311007,79.39829247646102,1.246505618095398,6.0,180.0
-456.9307952311305,77.74836339636768,79.79891266859765,1.146477580070496,6.0,180.0
-460.55922874847806,78.30306874440822,80.1375424650924,1.046464443206787,6.0,180.0
-464.1629239143596,78.4246254838304,80.68617204682208,0.94663667678833,6.0,180.0
-467.71281377032,78.33402569134428,81.45784705214014,0.8464487195014954,6.0,180.0
-471.1641027115088,78.55678269705574,82.20798388046872,0.746441125869751,6.0,180.0
-474.3829970221191,79.22219891569281,82.81712434122929,0.6464763879776001,6.0,180.0
-477.1892329151643,79.87269527539657,83.50806218280712,0.6464763879776001,6.0,180.0
-479.5441539524898,80.19176417652203,84.46089093692905,0.5465220808982849,6.0,180.0
-481.480607162511,80.25724664220972,85.57652755003524,0.4465292692184448,6.0,180.0
-483.0884300359984,80.26398923532255,86.54311192775444,0.3463750183582306,6.0,180.0
-484.528601415476,80.36015345891744,87.18651417096511,0.246378168463707,6.0,180.0
-485.91196992060577,80.37696344207868,87.7328754331452,0.1511511355638504,6.0,180.0
-487.1652885173665,80.2496610384228,88.32213899605019,0.0781301409006118,6.0,180.0
-488.3064740416229,80.29616802164895,88.8693797226843,0.0353399142622947,6.0,180.0
-489.3853009305984,80.56671966015674,89.38726702222804,0.0353399142622947,6.0,180.0
-490.3407311614425,80.86930098265411,89.68177934138046,0.0170510224997997,6.0,180.0
-491.18064335717145,81.16788768442295,89.56181223615232,0.0084044635295867,6.0,180.0
-492.0055441922891,81.48714471588653,89.35464351986471,0.0044383597560226,6.0,180.0
-493.1052788097155,81.77231726167737,89.25141752745307,0.0024003263097256,6.0,180.0
-494.8278363233781,82.0263055257228,89.09724684359934,0.0013464801013469,6.0,180.0
-497.04660096761984,82.41181138976933,88.93579302963951,0.0006546623189933,6.0,180.0
-499.3614785091905,83.02329391662593,88.9627420830724,0.0006546623189933,6.0,180.0
-501.7307909413811,83.61130191231426,89.1126555237656,0.0003330757608637,6.0,180.0
-504.2022521805191,84.06659208911832,89.17968983364518,0.00015114233247,6.0,180.0
-506.7980998527017,84.73504722177687,89.10240328583062,5.034364221501164e-05,6.0,180.0
-509.4129363241963,85.51549326160449,89.13580552843564,-1.350852926407242e-06,6.0,180.0
-511.7801831703213,86.08376226248281,89.5460447776079,-2.977447002194822e-05,6.0,180.0
-513.9901208263807,86.52205795601341,90.22982740896246,-4.954984251526184e-05,6.0,180.0
-515.969348998653,86.87908564702728,90.9841016553797,-5.5538159358548e-05,6.0,180.0
-517.5166729382254,87.18514867832421,91.66382793884551,-5.5538159358548e-05,6.0,180.0
-518.9728785116406,87.50613109087149,92.320135207817,-6.316978397080675e-05,6.0,180.0
-520.6032271141436,87.80754488343467,92.950840567017,-6.177715113153681e-05,6.0,180.0
-522.2600735524323,88.0732775211365,93.47476542796424,-5.26275580341462e-05,6.0,180.0
-523.5895110723372,88.20465923422306,93.87633123158928,-4.90067177452147e-05,6.0,180.0
-524.2910625798103,88.02833819207791,94.0002798841146,-4.760015872307122e-05,6.0,180.0
-524.5686435499396,87.75242318302917,93.8415812489199,-4.563654511002824e-05,6.0,180.0
-524.84301421226,87.82959393136846,93.57038947968434,-4.368686131783761e-05,6.0,180.0
-525.1754415596756,88.26175666415867,93.19271034899124,-4.368686131783761e-05,6.0,180.0
-525.6125425906893,88.8726965350394,92.62739762173888,-3.715541970450431e-05,6.0,180.0
-526.2979318062825,89.64679910281099,92.02899730699453,-4.122190512134694e-05,6.0,180.0
-527.0538215710993,90.442283693508,91.72694056235557,-3.425874456297606e-05,6.0,180.0
-527.7603266540676,91.16279098569422,91.6730995018159,-3.519180609146133e-05,6.0,180.0
-528.5750940530357,91.74766652047568,91.61517936001228,-3.080501846852712e-05,6.0,180.0
-529.5290500257331,92.03852662680929,91.8351858256534,-2.595865771581884e-05,6.0,180.0
-530.5218792268487,92.07648977453196,92.49034432430044,-2.595865771581884e-05,6.0,180.0
-531.6582138691573,91.99937563043495,93.06875501255448,-2.566620605648495e-05,6.0,180.0
-533.2148958735538,91.8162443596762,93.4836365288788,-2.451032196404412e-05,6.0,180.0
-535.3098552573887,91.68586316296582,94.16642963392948,-2.391148882452399e-05,6.0,180.0
-537.7357560742643,91.71882142904444,95.04083090243232,-2.162757300538942e-05,6.0,180.0
-540.142797970087,91.71112898366492,95.76973430637328,-1.813206654333044e-05,6.0,180.0
-542.4719735696335,91.7780607783686,96.40875574178848,-1.679514025454409e-05,6.0,180.0
-544.8650881297658,92.0602176416946,97.13174150959308,-1.637735113035887e-05,6.0,180.0
-547.2105279849862,92.35574999990702,97.78995344340112,-1.637735113035887e-05,6.0,180.0
-549.2338597886064,92.57617333669164,98.20263374964074,-1.54442877828842e-05,6.0,180.0
-550.9081311829086,92.68651873154649,98.46980477259184,-1.562532997922972e-05,6.0,180.0
-552.2754539200332,92.84440275928584,98.72771880470884,-1.275650811294327e-05,6.0,180.0
-553.3290245796587,93.24531461999965,99.08620615252508,-1.058400266629178e-05,6.0,180.0
-554.1881368600658,93.77310623283668,99.53789539950662,-9.609159860701766e-06,6.0,180.0
-554.8657598611431,94.10795926107136,99.75376144227576,-1.016621263261186e-05,6.0,180.0
-555.2520210904011,94.23651054647536,99.58468351803276,-1.016621263261186e-05,6.0,180.0
-555.291557857061,94.37920656031444,99.47928945967077,-1.295147649216233e-05,6.0,180.0
-555.156179747866,94.41159152979763,99.63796758670247,-1.114105543820187e-05,6.0,180.0
-555.1705239883217,94.22861891879538,99.62565550379205,-1.098786560760345e-05,6.0,180.0
-555.4628363260329,94.05999289997538,99.29558678769249,-6.155432856758125e-06,6.0,180.0
-555.9167899732786,94.09609863460504,99.00366411360312,-8.425422493019141e-06,6.0,180.0
-556.4678650800945,94.23219300905396,98.75312134586426,-7.046717655612156e-06,6.0,180.0
-557.2674487687492,94.43470384725576,98.3985582792326,-6.044022484275047e-06,6.0,180.0
-558.3517953580506,94.80914266644706,98.21694160875413,-6.044022484275047e-06,6.0,180.0
-559.5591056772764,95.254253743682,98.27347975935338,-8.59253850649111e-06,6.0,180.0
-560.8136821077055,95.57402915973766,98.47912529900012,-7.673401341889985e-06,6.0,180.0
-562.2710768265392,95.79406360289728,98.86169522570108,-8.007633368833922e-06,6.0,180.0
-564.0333062628459,96.10302252533532,99.26311293630116,-6.016170118527953e-06,6.0,180.0
-565.8561209254027,96.56610308836504,99.654495094818,-7.046717655612156e-06,6.0,180.0
-567.6056378514386,97.1214227401412,100.15870268356858,-7.784812623867765e-06,6.0,180.0
-569.4128997818166,97.64507724224568,100.65531229031944,-7.784812623867765e-06,6.0,180.0
-571.3127737471307,97.9997593539044,101.02310894558698,-4.219674792693695e-06,6.0,180.0
-573.1939928850452,98.22462205575133,101.43342629203634,-6.54536961519625e-06,6.0,180.0
-574.9941914254644,98.4068158287291,102.06185985793611,-6.113654308137484e-06,6.0,180.0
-576.683430198781,98.47638230844376,102.82587363544508,-6.573222890438046e-06,6.0,180.0
-578.082932284152,98.39272321758912,103.58018607587944,-5.584453901974484e-06,6.0,180.0
-579.1959067530926,98.21180466924612,104.25490202575484,-3.105569248873508e-06,6.0,180.0
-580.1645838234126,98.07142961226948,104.64475614907352,-6.266843229241204e-06,6.0,180.0
-580.8007483201559,98.1847622302794,104.66851435062031,-6.266843229241204e-06,6.0,180.0
-580.9054264767381,98.5155175647149,104.51356396275088,-3.481579824438086e-06,6.0,180.0
-580.8242992183752,98.84560073585916,104.29831871663704,-4.150043423578609e-06,6.0,180.0
-580.8688863889581,99.11979094844526,103.95684103727233,-3.676548203657148e-06,6.0,180.0
-580.8157698629441,99.32813355746288,103.48682908391989,-4.748874744109344e-06,6.0,180.0
-580.6683434569752,99.43363822830057,103.2040204631153,-4.623538188752718e-06,6.0,180.0
-580.6724332989929,99.49077415381176,103.26475794850292,-3.022011242137523e-06,6.0,180.0
-580.813989516684,99.62040608215447,103.45258205033478,1.072326540452195e-06,6.0,180.0
-581.0621198335002,99.78771669703389,103.61474885517616,1.072326540452195e-06,6.0,180.0
-581.5849612711552,99.9616626854946,103.77414607571733,-1.935758291438106e-06,6.0,180.0
-582.5272764154192,100.223884197708,103.90242871043714,-2.729558673308929e-06,6.0,180.0
-583.8875469681723,100.53248659840648,103.94262443853464,-3.495506007311633e-06,6.0,180.0
-585.5483766998626,100.93171001319912,104.08348814789684,-2.116800487783621e-06,6.0,180.0
-587.285024440657,101.4239795759357,104.39658122516188,-1.15588454718818e-06,6.0,180.0
-589.0890467185576,101.81736842515426,104.6397787511111,-5.152738140168367e-06,6.0,180.0
-590.9382737732626,101.97106600055773,104.81851719544336,-5.152738140168367e-06,6.0,180.0
-592.5857723358696,101.92377547121558,105.08448824361378,3.620841653173557e-07,6.0,180.0
-594.0798663721998,102.05039772676191,105.3180536777662,-2.952379645648762e-06,6.0,180.0
-595.5449299171489,102.4988937928834,105.47267174071128,-2.757411266429699e-06,6.0,180.0
-596.7865106489611,102.930197701001,105.69752195381328,-3.467653414190863e-06,6.0,180.0
-597.7580763717814,103.22756335526756,106.07244813066372,-2.785263859550469e-06,6.0,180.0
-598.6479915395964,103.50516331504387,106.56508213869934,-8.912845714803552e-07,6.0,180.0
-599.3077556423516,103.75292573496252,106.95118927937398,-1.657231905483059e-06,6.0,180.0
-599.5782409697063,103.93737300279923,107.14854772147883,-1.657231905483059e-06,6.0,180.0
-599.7141667856304,104.08991486050796,107.2850483726043,-8.912845714803552e-07,6.0,180.0
-599.8801412832381,104.27945923720424,107.35510054860929,-2.771337449303246e-06,6.0,180.0
-600.0857762060148,104.48694988745568,107.37184964634936,-7.102423751348397e-07,6.0,180.0
-600.4260135816106,104.53214682286422,107.39396620077976,5.849053650308633e-07,6.0,180.0
-600.9888447544483,104.40175654763216,107.35331684974388,-1.406558340022457e-06,6.0,180.0
-601.7317722319383,104.24809161180322,107.17541203937306,-1.072326540452195e-06,6.0,180.0
-602.4622462090686,104.0886806106468,106.92467639868752,-1.072326540452195e-06,6.0,180.0
-602.9761229808391,103.8385919882234,106.76001782662698,-3.314464038339793e-06,6.0,180.0
-603.3400966655503,103.57687668450998,106.7471422780411,-2.659927076820168e-06,6.0,180.0
-603.8551360296381,103.51379749821318,106.89064276744853,-1.768642505339812e-06,6.0,180.0
-604.7328885910576,103.5944281782233,107.31270751492696,-4.386790351418313e-06,6.0,180.0
-605.9795184431923,103.77830702798072,107.90895060491948,-1.295147740165703e-06,6.0,180.0
-607.3963275817531,104.09646954873988,108.51613124905064,-5.431265890365466e-07,6.0,180.0
-608.9009319678913,104.46105466937254,109.25218344818202,-3.969001227233093e-06,6.0,180.0
-610.536778564122,104.87033930258492,109.96790897996564,-3.969001227233093e-06,6.0,180.0
-612.156684860203,105.34745193154184,110.4865687004061,-8.773581612331327e-07,6.0,180.0
-613.5989742659697,105.85103577881006,110.99347822947294,-2.01931629817409e-06,6.0,180.0
-614.8392327976316,106.3423765236681,111.54542245987668,-1.57367412612075e-06,6.0,180.0
-615.8045092284369,106.76112759918436,112.15277199069348,-3.495506007311633e-06,6.0,180.0
-616.46272039311,106.94792708223832,112.8314558414112,-1.712937319098273e-06,6.0,180.0
-616.977290024099,107.03574566780502,113.32446818029278,-2.590295480331406e-06,6.0,180.0
-617.5148259414464,107.23921513555062,113.3815161226713,-2.590295480331406e-06,6.0,180.0
-618.0251084128557,107.47903875243604,113.16666233411436,-3.509432417558855e-06,6.0,180.0
-618.4015393892703,107.7610417301926,112.96930522163456,-3.620843926910311e-07,6.0,180.0
-618.7683174802812,108.05453339300396,112.7495522770275,-1.211589733429719e-06,6.0,180.0
-619.1772129860556,108.2280998695984,112.64346906890174,-1.114105998567538e-07,6.0,180.0
-619.4727383550519,108.29098877297167,112.79855431210017,-1.12803195406741e-06,6.0,180.0
-619.68388682888,108.37367077100184,112.9048048812764,-3.509432417558855e-06,6.0,180.0
-619.902284361806,108.59839943054976,112.8764369851701,-1.086252950699418e-06,6.0,180.0
-620.0444319132118,108.93875706483408,112.79230907773538,-1.086252950699418e-06,6.0,180.0
-620.1259315168575,109.29847431106924,112.67470131539308,-3.370169224581332e-06,6.0,180.0
-620.364913750998,109.59339168966838,112.72073433084188,-1.462263526263996e-06,6.0,180.0
-620.837357227759,109.6716753783516,112.96575568701064,-1.963611111932551e-06,6.0,180.0
-621.4338226077543,109.60407001379734,113.13412266072324,-1.629379312362289e-06,6.0,180.0
-622.1794437315534,109.65029041398816,113.06975235822556,-1.378705746901687e-06,6.0,180.0
-623.2390081692423,109.83705077373736,112.94955537944264,-2.339621687497129e-06,6.0,180.0
-624.5312487544384,110.22557950907708,112.91932082860362,-2.339621687497129e-06,6.0,180.0
-625.7486587587159,110.80575338985533,112.98109896659216,-3.370169224581332e-06,6.0,180.0
-626.9401565640484,111.230255516994,113.12072581943715,3.760105755645782e-07,6.0,180.0
-628.2053623954533,111.3601233152308,113.23000423463374,-2.43710587710666e-06,6.0,180.0
-629.317596806794,111.43407400978973,113.40135677866478,1.114103724830784e-07,6.0,180.0
-630.3146954917678,111.65460193140076,113.91168146590736,1.114103724830784e-07,6.0,180.0
-631.3678671860141,112.00468821063572,114.71553739436544,-2.478884880474652e-06,6.0,180.0
-632.3609836063973,112.39886608059146,115.44056263187689,-1.53189603224746e-07,6.0,180.0
-633.1487833874637,112.76627170170664,115.78280803985464,-1.53189603224746e-07,6.0,180.0
-633.5625954149114,113.0231277246111,115.75618800919524,-1.54582153299998e-06,6.0,180.0
-633.7650990217732,113.11522274434704,115.46471125902583,-1.12803195406741e-06,6.0,180.0
-634.2463566197739,112.91059059474244,115.11296845028448,-3.495506007311633e-06,6.0,180.0
-634.8445002127578,112.61399168556106,114.92490764598192,-2.228211087640375e-06,6.0,180.0
-635.0731677254546,112.74681813234884,114.9117802315166,-1.044473947331426e-06,6.0,180.0
-634.8974808222928,113.1709394933833,115.02605692167069,-3.453727231317316e-06,6.0,180.0
-634.4937167012199,113.45163538242927,115.2839530647926,-1.53189603224746e-07,6.0,180.0
-634.1015696346351,113.51655541526978,115.66520937894197,-1.53189603224746e-07,6.0,180.0
-633.9923005242802,113.40397346487887,116.03465834463678,-1.072326540452195e-06,6.0,180.0
-634.2669171437832,113.24627609117849,116.25591250226236,-1.587600308994297e-06,6.0,180.0
-634.8027002436322,113.19164276257295,116.25400259514146,7.938001544971485e-07,6.0,180.0
-635.4801868046836,113.13634175233736,116.08420878835778,7.380947408819338e-07,6.0,180.0
-636.3646471324588,112.97654527774054,116.01402550394818,1.490116119384766e-06,6.0,180.0
-637.531874777655,112.9288866007197,116.06632608814355,-2.40925328398589e-06,6.0,180.0
-638.8517494300877,113.13979416684016,116.02166923833872,-2.40925328398589e-06,6.0,180.0
-640.1584538070855,113.49909434484108,116.00729761503112,-2.548516476963414e-06,6.0,180.0
-641.59024333385,113.93191865266456,116.17894178042012,-1.141958136940957e-06,6.0,180.0
-643.3385654890606,114.3504126669622,116.48188739509482,-4.066485416842625e-06,6.0,180.0
-645.1122579498308,114.5735792029859,116.7473124051442,-2.367474280617898e-06,6.0,180.0
-646.4977817765034,114.6145904287265,116.82804541381898,-2.381400690865121e-06,6.0,180.0
-647.5184625329252,114.66174515119954,116.8383614753217,-1.838274101828574e-06,6.0,180.0
-648.3363717814518,114.70022397408276,117.06365058396304,-2.102874304910074e-06,6.0,180.0
-649.0344042632067,114.6430055675043,117.65816821435168,-2.102874304910074e-06,6.0,180.0
-649.5915336472447,114.64802569083156,118.40595371838596,-1.866126694949344e-06,6.0,180.0
-649.9112484736012,114.8285396129172,118.87729902668552,-8.495055681123631e-07,6.0,180.0
-649.9264064615606,114.85967127287893,118.971081488745,-1.490116119384766e-06,6.0,180.0
-649.5288052766798,114.50330695626602,118.95549430607146,-9.748418960953133e-08,6.0,180.0
-648.8281859351946,114.09844952251484,119.01128159319563,-8.355791578651406e-07,6.0,180.0
-648.229503811539,113.948626728406,119.22449994614888,2.924525688285939e-07,6.0,180.0
-647.9288415917592,113.97818270122828,119.56973227919312,2.924525688285939e-07,6.0,180.0
-647.7727607014084,114.06840753405372,119.78020700134525,8.634317509859102e-07,6.0,180.0
-647.6706175952976,114.1066798682115,119.60099760653353,-1.239442553924164e-06,6.0,180.0
-647.7585761495321,114.11770682613135,119.04341668429852,-1.323000333286473e-06,6.0,180.0
-648.102682034235,114.31694246361616,118.4116202310208,-1.712937319098273e-06,6.0,180.0
-648.7106150496119,114.71725660416676,117.92585986481808,-3.370169224581332e-06,6.0,180.0
-649.7081620766298,115.137871575057,117.51551966291235,1.128031726693735e-06,6.0,180.0
-651.1049038489001,115.50697460414212,117.2703401185585,-1.852200512075797e-06,6.0,180.0
-652.6678628974211,115.86975469359967,117.42400355788745,-1.852200512075797e-06,6.0,180.0
-654.0737098183338,116.31402203416926,117.89388942012091,-2.785263859550469e-07,6.0,180.0
-655.2071867540187,116.84665157920855,118.32367040957328,-1.141958136940957e-06,6.0,180.0
-656.2411539974869,117.3713589447251,118.55665395839516,-1.086252950699418e-06,6.0,180.0
-657.4146622994106,117.8699683398084,118.74730005666896,-2.088947894662851e-07,6.0,180.0
-658.8227921582971,118.35474526581518,118.8675245395932,-2.506737473595422e-06,6.0,180.0
-660.1817905612116,118.6837490855224,118.72933077567026,2.534590066716191e-06,6.0,180.0
-661.1696805062868,118.84699063061558,118.52605180485354,2.534590066716191e-06,6.0,180.0
-661.905612271851,119.1538553113482,118.64813631787317,1.225515916303266e-06,6.0,180.0
-662.5493676727438,119.65826658141182,119.06046628185643,-7.380949682556093e-07,6.0,180.0
-663.0220938534461,120.03680530826436,119.42613368541171,-2.088947894662851e-07,6.0,180.0
-663.1078454460625,120.09337941648069,119.73452157650166,1.044473947331426e-06,6.0,180.0
-662.821402499287,120.02718943394362,120.24930627474852,2.005389887926867e-06,6.0,180.0
-662.5727276540481,119.98428490439004,120.69474690113658,2.924525688285939e-07,6.0,180.0
-662.51569517073,119.84821170980769,120.7371526736186,-2.228211997135077e-07,6.0,180.0
-662.3726299396317,119.73754101605276,120.68967906141566,-2.228211997135077e-07,6.0,180.0
-662.0148878203335,119.74281871444916,120.67814298583129,-9.33063347474672e-07,6.0,180.0
-661.7427150745427,119.8236558258272,120.6537094456302,8.773579338594573e-07,6.0,180.0
-661.7069440697327,120.02873536246187,120.6935301713176,-1.72686350197182e-06,6.0,180.0
-661.8070699312667,120.17478747216448,120.88120527775764,9.191369372274494e-07,6.0,180.0
-662.0274208437606,120.10311615703118,121.31521298132834,-4.87421175421332e-07,6.0,180.0
-662.313352624719,119.97934560201467,121.71142232891752,-1.99146370505332e-06,6.0,180.0
-662.6293976139866,119.8823327025502,121.7818602179953,-1.824347918955027e-06,6.0,180.0
-663.195045844132,119.9114264805075,121.76587244526586,-1.824347918955027e-06,6.0,180.0
-664.2420558413789,120.19903221740032,121.81766853873576,-2.729558673308929e-06,6.0,180.0
-665.5896647179196,120.48089622040024,121.97094416693326,-7.241685580083868e-07,6.0,180.0
-666.9446555380953,120.57363875901665,122.39691452204391,-1.54582153299998e-06,6.0,180.0
-668.2028172123538,120.6185378983978,123.09055213099354,-2.228211087640375e-06,6.0,180.0
-669.3926017092987,120.7520168614213,123.87007980750944,-1.197663550556172e-06,6.0,180.0
-670.586323797067,120.9768040968143,124.48595903484524,-1.016621354210656e-06,6.0,180.0
-671.831061803863,121.15202293625478,124.85036355112888,-1.016621354210656e-06,6.0,180.0
-673.1279408343253,121.3252909833981,125.00285975381,-1.615453129488742e-06,6.0,180.0
-674.4246068303927,121.59492553024894,124.93615123113972,-2.214284677393152e-06,6.0,180.0
-675.6175862491383,121.87540693034737,124.77358800863318,-1.782568915587035e-06,6.0,180.0
-676.4272660122522,122.03135125794375,124.67975014057856,-3.760105755645782e-07,6.0,180.0
-676.670168881913,121.90460066171204,124.64787084630755,-2.228211997135077e-07,6.0,180.0
-676.5969425481521,121.6649511002285,124.65193565096652,-2.395326873738668e-06,6.0,180.0
-676.5382261185996,121.61337955302344,124.66952282513738,-2.130726898030844e-06,6.0,180.0
-676.4694600311607,121.64200873488052,124.60315179395911,-2.130726898030844e-06,6.0,180.0
-676.3368897236471,121.4982360077689,124.49962594116955,-8.773581612331327e-07,6.0,180.0
-676.3449764574716,121.28890477777614,124.45289770260572,-9.469897577218944e-07,6.0,180.0
-676.4091763039047,121.31792567465484,124.30797930890276,4.317157618061174e-07,6.0,180.0
-676.3714946886664,121.5261662114818,124.02726836800367,1.67115786098293e-07,6.0,180.0
-676.4785484795316,121.72993851761194,123.83953774333634,-1.239442553924164e-06,6.0,180.0
-676.9455426701048,121.99970905656065,123.80465937567472,-4.177900336799213e-08,6.0,180.0
-677.6189339364421,122.47368082923607,123.9978864642188,-4.177900336799213e-08,6.0,180.0
-678.3938288842476,123.2495037053719,124.4665144044958,-2.673853259693715e-06,6.0,180.0
-679.404569292522,124.20059756757334,125.00547756246866,-6.963159648876172e-07,6.0,180.0
-680.71743710528,124.97357397420916,125.49316160585968,-1.420484522896004e-06,6.0,180.0
-682.3246058567153,125.3090923982136,125.8791405175422,1.949684474311653e-06,6.0,180.0
-684.0058478705611,125.15830571779853,126.17909181879644,1.67115786098293e-07,6.0,180.0
-685.5151287309027,124.7186764013304,126.45091372426262,-1.253370101039764e-07,6.0,180.0
-686.7849703978737,124.32147688069116,126.64778173175525,2.576368842710508e-06,6.0,180.0
-687.8407096730285,124.32259715186125,126.89352635812476,2.576368842710508e-06,6.0,180.0
-688.6782811783564,124.7106426326686,127.21502010272356,-4.60961155113182e-06,6.0,180.0
-689.2205190862159,125.08541434372565,127.3411784605075,2.78525931207696e-08,6.0,180.0
-689.6404024228119,125.24905178849384,127.23582393313424,-6.127581855253084e-07,6.0,180.0
-690.0525633494478,125.14534009196215,127.09403807798162,-5.152737685421016e-07,6.0,180.0
-690.2472929204388,124.93552502650724,127.1071966430128,-2.325695277249906e-06,6.0,180.0
-690.1633885196275,124.88216150189392,127.22763103960088,4.59568354926887e-07,6.0,180.0
-690.0474957357474,124.90705831608832,127.08743100957004,4.59568354926887e-07,6.0,180.0
-690.089385958363,124.93988386535332,126.75071752407504,-5.013475856685545e-07,6.0,180.0
-690.26284678936,124.962001472641,126.61825409605868,-1.935758291438106e-06,6.0,180.0
-690.4503567984448,124.90273587808528,126.72941380470948,-3.258758624724578e-06,6.0,180.0
-690.5916558425286,124.84614078307514,126.89346733596192,4.87421175421332e-07,6.0,180.0
-690.8100793312817,124.85613660390234,127.0268409918899,-4.595685823005624e-07,6.0,180.0
-691.0226701307313,125.03388297823408,127.34839816948684,-1.671158315730281e-06,6.0,180.0
-691.008204333827,125.43631022256658,127.86677314809428,9.052107543539024e-07,6.0,180.0
-690.9858246555029,125.94944921449128,128.27938734403165,9.052107543539024e-07,6.0,180.0
-691.2475447884253,126.50101877957724,128.37481973535122,-6.127581855253084e-07,6.0,180.0
-691.8184724854586,127.02258087939695,128.18973335773896,-9.191371646011248e-07,6.0,180.0
-692.6095762870375,127.56486474623418,127.98710858489012,3.203051619493635e-07,6.0,180.0
-693.5360258501897,128.21121311524533,127.77348905744876,-3.063789790758165e-07,6.0,180.0
-694.65123398052,128.78042298552973,127.50335013933422,-8.912845714803552e-07,6.0,180.0
-695.9612654221368,129.14459321077734,127.45646213939412,7.380947408819338e-07,6.0,180.0
-697.4203553919037,129.47086331083403,127.75682925690408,-6.963159648876174e-08,6.0,180.0
-698.9797681077447,129.861405831846,128.28333913095057,-6.963159648876174e-08,6.0,180.0
-700.4301007603852,130.1090929917981,128.93764983307088,-4.038633960590232e-07,6.0,180.0
-701.4947542899725,130.00254480959998,129.58334638551185,2.757411039056024e-06,6.0,180.0
-702.1534397579089,129.75297365490766,130.18496677621752,-1.183737140308949e-06,6.0,180.0
-702.6936057667,129.5265810447667,130.7025717292812,-1.169810957435402e-06,6.0,180.0
-703.2632540470329,129.1557535814284,131.03679017251204,-2.604221663204953e-06,6.0,180.0
-703.7203496908155,128.78421479181117,131.2225077153082,5.570527719100937e-07,6.0,180.0
-704.0055453796031,128.68799427342407,131.1522849136117,5.570527719100937e-07,6.0,180.0
-704.1642069761318,128.68194975383963,130.82015941245314,3.203051619493635e-07,6.0,180.0
-704.1370938565293,128.6409262415976,130.4483626211298,-1.963611111932551e-06,6.0,180.0
-703.8995277718068,128.65010302655963,130.25509253161857,-4.038633960590232e-07,6.0,180.0
-703.4945534523595,128.57560919647307,130.3237341337593,-1.601526719241519e-06,6.0,180.0
-703.0449181090501,128.34640235257982,130.45848606170384,-7.938001544971485e-07,6.0,180.0
-702.6839651848111,128.09988658297007,130.59749789822575,5.849053650308633e-07,6.0,180.0
-702.5919972264759,128.1040986507521,130.83209709351297,-8.355800673598426e-08,6.0,180.0
-702.8591287936408,128.44861609051435,131.0849713857177,-8.355800673598426e-08,6.0,180.0
-703.2142737833218,128.8702519356141,131.28061805397783,1.545821305626305e-06,6.0,180.0
-703.6038437251151,129.18486077120212,131.66875706788082,4.734947651741095e-07,6.0,180.0
-704.2016222993326,129.50303539479685,132.3657033942361,-6.266843683988554e-07,6.0,180.0
-704.8991925667715,129.87458279055488,133.06053251662735,-2.256063680761144e-06,6.0,180.0
-705.6336702328837,130.19169198996545,133.6967085646767,-2.033242708421312e-06,6.0,180.0
-706.5570612544789,130.45306956335708,134.33906553929486,-2.590295480331406e-06,6.0,180.0
-707.8224168527689,130.69251111343692,134.7983910227121,-2.590295480331406e-06,6.0,180.0
-709.446484595552,130.84989837245777,135.01976415362904,2.645999757078243e-07,6.0,180.0
-711.1688007901644,130.79569346845858,135.07701762491445,-4.233600975567242e-06,6.0,180.0
-712.7411748013393,130.62343994988848,135.0528646022568,-3.035937652384746e-06,6.0,180.0
-714.1623910240226,130.57771172842567,135.02177542933686,-3.843663762381766e-06,6.0,180.0
-715.4259965373881,130.538946721354,135.00655962461695,1.28122132991848e-06,6.0,180.0
-716.4025176350191,130.23547039208904,135.15891087334865,-1.141958136940957e-06,6.0,180.0
-716.9842783154355,129.87815464950654,135.5455307433433,-1.810421508707805e-06,6.0,180.0
-717.2349631508179,129.79463465655627,136.00207298885752,-1.810421508707805e-06,6.0,180.0
-717.2279791226061,129.90214705275017,136.3966710792722,6.963159648876172e-07,6.0,180.0
-717.0080230401435,130.06586007245207,136.59117789106787,-1.197663550556172e-06,6.0,180.0
-716.7840189370927,130.2176884817458,136.63094427567756,-1.434410933143226e-06,6.0,180.0
-716.7261053141257,130.29850108988657,136.80031906021352,1.33692651616002e-06,6.0,180.0
-716.8656584919042,130.3641980022065,136.96380457328164,-1.838274101828574e-06,6.0,180.0
-717.1239199961715,130.5506055095375,136.80702957063542,-1.671158315730281e-06,6.0,180.0
-717.3498894280573,130.82235080967826,136.41617566079003,-1.671158315730281e-06,6.0,180.0
-717.5597341663942,131.040593186172,136.05749521724465,-1.587600308994297e-06,6.0,180.0
-717.8442043104557,131.18328895724235,135.87313229918223,-3.481579824438086e-07,6.0,180.0
-718.1944455893444,131.34296866956134,135.7681378201744,-3.244832441851031e-06,6.0,180.0
-718.6029607709244,131.58328584176414,135.80831267434974,-2.785282049444504e-08,6.0,180.0
-719.1010489571117,131.76209763213487,136.17591557912357,-2.618148073452176e-06,6.0,180.0
-719.8077959226996,131.9551054132469,136.57691517397996,2.088947894662851e-07,6.0,180.0
-720.9038865148808,132.37181912991056,136.720613052495,-9.60916167969117e-07,6.0,180.0
-722.2678700402882,132.82666978242293,136.79960286070872,-9.60916167969117e-07,6.0,180.0
-723.6294268617929,133.0360459763344,136.99991877297242,-6.963159648876172e-07,6.0,180.0
-724.868044398065,133.1498947643375,137.31608544292004,8.773579338594573e-07,6.0,180.0
-725.9855868782398,133.53257647062503,137.70334728995795,-2.40925328398589e-06,6.0,180.0
-727.0530095017659,134.10699535616595,138.12408268438782,-1.782568915587035e-06,6.0,180.0
-728.0188969762585,134.59127595677086,138.59493745871447,-2.228211087640375e-06,6.0,180.0
-728.9079874250598,134.93887007250177,139.03572182741806,1.295147512792028e-06,6.0,180.0
-729.7701930807214,135.17089614012923,139.41410585502172,1.295147512792028e-06,6.0,180.0
-730.4208117462265,135.2865997368776,139.92060440106053,5.291999514156487e-07,6.0,180.0
-730.6739917023048,135.18179401654132,140.50397949716273,-1.406558340022457e-06,6.0,180.0
-730.5633489711196,134.87261898359515,140.78968297431695,-5.152737685421016e-07,6.0,180.0
-730.2664198109957,134.52772526730425,140.60228776072285,8.077263373706955e-07,6.0,180.0
-729.9876054844295,134.12878988226484,140.12604382098144,-1.53189603224746e-07,6.0,180.0
-729.8234551186608,133.74367532585703,139.61789397383944,-1.086252950699418e-06,6.0,180.0
-729.6476296957017,133.6554976714867,139.20421040764717,-2.088947894662851e-07,6.0,180.0
-729.3782621385642,133.91245919741812,138.91900098541726,-2.088947894662851e-07,6.0,180.0
-729.198874534584,134.20029825423237,138.78372921493957,1.685084498603828e-06,6.0,180.0
-729.3731748712348,134.2791307088174,138.7840149977986,8.495053407386877e-07,6.0,180.0
-729.9890021314268,134.22408257306157,138.94457538100605,-4.456421720533399e-07,6.0,180.0
-730.8525973197286,134.13748778734484,139.40810759264537,-4.87421175421332e-07,6.0,180.0
-731.723701557035,134.0675381040467,140.06772412701747,-1.921832108564558e-06,6.0,180.0
-732.6478196387923,134.10481133559432,140.70895617879617,3.620841653173557e-07,6.0,180.0
-733.7494605849154,134.1978815333125,141.29369062126466,-1.392641024722252e-08,6.0,180.0
-735.0358908391681,134.27035864836344,141.6762274446535,-1.392641024722252e-08,6.0,180.0
-736.4258766238385,134.41689438404015,141.8177602616023,-8.912845714803552e-07,6.0,180.0
-737.8357077130782,134.67846140805696,141.78246320991707,2.019316070800414e-06,6.0,180.0
-739.2369615396905,135.0362993208387,141.5911804085286,-8.355791578651406e-07,6.0,180.0
-740.4932163685521,135.5016917672875,141.63094492858588,1.239442326550488e-06,6.0,180.0
-741.5576426585259,135.974508111325,142.05741557871517,4.734947651741095e-07,6.0,180.0
-742.5243005979918,136.3655173328284,142.3522282688117,1.531894895379082e-06,6.0,180.0
-743.3524322745953,136.56701953571093,142.34019728459106,1.531894895379082e-06,6.0,180.0
-743.9438350834105,136.62532377157385,142.32443198849708,1.699010908851051e-06,6.0,180.0
-744.3621315201233,136.81671551613212,142.45484762997037,2.075021484415629e-06,6.0,180.0
-744.7271446153545,137.07437527918017,142.61596402668553,1.712937091724598e-06,6.0,180.0
-745.0512814006572,137.1751640396706,142.72082408796717,1.490116119384766e-06,6.0,180.0
-745.4801414516421,137.08379864933136,142.9059341335638,-4.177895789325703e-07,6.0,180.0
-746.0220061640614,136.91873778135192,143.1885383123731,5.013473582948791e-07,6.0,180.0
-746.505385616454,136.91319945991415,143.39196663159456,-1.392631929775234e-06,6.0,180.0
-746.994607172567,137.06181650926476,143.38245628709572,-1.392631929775234e-06,6.0,180.0
-747.4194408585605,137.20157879533664,143.36122665987838,-1.57367412612075e-06,6.0,180.0
-747.5960276055864,137.38244254679654,143.45188831646482,-1.852200512075797e-06,6.0,180.0
-747.6921477982926,137.65847358875638,143.40734427627365,2.033242481047637e-06,6.0,180.0
-748.0582551009558,137.89977581116565,143.34878142138277,1.852200284702121e-06,6.0,180.0
-748.7484498751936,138.12569775756168,143.42140023423053,-1.253368736797711e-06,6.0,180.0
-749.6074176721365,138.51696898250276,143.42710235132878,3.119495431747055e-06,6.0,180.0
-750.5577846112269,138.93483763289612,143.39017768925714,3.119495431747055e-06,6.0,180.0
-751.4140702395722,139.1820860438279,143.61068083670182,-1.28122132991848e-06,6.0,180.0
-752.128805728788,139.36000528265336,144.0580974192264,-1.364779336654465e-06,6.0,180.0
-753.0296511330779,139.54248949804816,144.39373073231786,-1.504042529631988e-06,6.0,180.0
-754.1267226250224,139.8038577698905,144.67499312840172,-2.367473825870547e-07,6.0,180.0
-755.1441686078473,140.14486451348418,145.0301685952431,-1.977537294806098e-06,6.0,180.0
-756.0398210586155,140.390921191888,145.31485803993343,-9.469897577218944e-07,6.0,180.0
-756.8252446492717,140.5513526631868,145.4793724671366,-2.632074256325723e-06,6.0,180.0
-757.3861112622391,140.7694102340364,145.61464971665637,-2.632074256325723e-06,6.0,180.0
-757.7202146541927,141.08208047973085,145.96142404050727,-1.54582153299998e-06,6.0,180.0
-757.9372478495332,141.39325840261915,146.5270830788714,-1.267295147044933e-06,6.0,180.0
-758.0075890313385,141.59646728870771,146.98455840481407,-9.33063347474672e-07,6.0,180.0
-758.0215894042176,141.65579102703856,147.3013986871069,9.46989530348219e-07,6.0,180.0
-758.0560876337862,141.50039820388443,147.4818616492335,-2.40925328398589e-06,6.0,180.0
-758.0548399219693,141.1294395997906,147.44002544693888,-1.67115786098293e-07,6.0,180.0
-758.2379049554514,140.6323334572874,147.44946909999751,-1.67115786098293e-07,6.0,180.0
-758.7189624752945,140.07555681655234,147.6361235148245,1.517968712505535e-06,6.0,180.0
-759.2952429192858,139.70287193687722,147.73633385902232,1.977537294806098e-06,6.0,180.0
-759.9057964224037,139.68489935370414,147.65593634271335,-1.67115786098293e-07,6.0,180.0
-760.5387707085691,139.71871971345865,147.58808115405984,9.748418960953133e-08,6.0,180.0
-761.1589178198317,139.61864041344356,147.70168212128144,1.072326540452195e-06,6.0,180.0
-761.8288112736209,139.58266349782687,147.954740389295,-1.949686065927381e-07,6.0,180.0
-762.5089004971024,139.58095439497163,148.2683544926677,8.912843441066798e-07,6.0,180.0
-763.2699629883189,139.54635674453124,148.59515506634634,8.912843441066798e-07,6.0,180.0
-764.1983866241317,139.5305876260113,148.8890647543108,-2.715632263061707e-06,6.0,180.0
-765.1222346350289,139.475187531835,149.1261155392056,-4.038633960590232e-07,6.0,180.0
-765.9020175443113,139.48063225840443,149.20017758662215,-1.336926743533695e-06,6.0,180.0
-766.5948726738798,139.71460999655983,148.9122576977374,-7.520213785028318e-07,6.0,180.0
-767.5850968341066,140.07243996582216,148.48516905919791,5.013473582948791e-07,6.0,180.0
-768.8335255388076,140.29892756117363,148.45868057817702,1.671158088356606e-06,6.0,180.0
-769.815017427356,140.42097630385376,148.82725537755476,-1.072326540452195e-06,6.0,180.0
-770.5146010934513,140.56696284580423,149.2177375085842,-1.072326540452195e-06,6.0,180.0
-771.1153096198728,140.71486050054318,149.5137779782701,-7.938001544971485e-07,6.0,180.0
-771.6194046053386,140.88354132373848,149.69132128727745,5.57051862415392e-08,6.0,180.0
-772.0192099969594,140.97171215184372,149.66339830653178,1.657231905483059e-06,6.0,180.0
-772.27851345469,140.9208530689382,149.47506537794374,-1.044473947331426e-06,6.0,180.0
-772.5300770443237,140.96395232179864,149.2060932370748,2.506735654606018e-07,6.0,180.0
-772.8522128622894,141.21102599544037,148.9790106568791,1.392618287354708e-08,6.0,180.0
-773.0424146158806,141.50742991728012,148.8950688534327,1.392618287354708e-08,6.0,180.0
-773.1444048576418,141.8053125258807,148.89166966258514,-2.88274804916e-06,6.0,180.0
-773.3303185030626,142.0773063016321,148.9652256999695,-7.520213785028318e-07,6.0,180.0
-773.5743016074877,142.22209925408578,149.1198714858484,-2.715632263061707e-06,6.0,180.0
-773.8561593056102,142.34959661455812,149.2660260343477,8.355777936230879e-08,6.0,180.0
-774.2611737140975,142.52718181548855,149.3641414502445,6.963159648876172e-07,6.0,180.0
-774.9581469025504,142.68465670170616,149.3697879765916,2.645999757078243e-07,6.0,180.0
-775.8217363835929,142.82105714337771,149.38195538124268,-2.242137497887597e-06,6.0,180.0
-776.4631042357574,143.0045557790468,149.72942520069807,-2.242137497887597e-06,6.0,180.0
-777.0819338873943,143.27748180338563,150.39279731615756,-1.420484522896004e-06,6.0,180.0
-778.1708165114987,143.53836398885457,151.00253367530374,-1.239442553924164e-06,6.0,180.0
-779.6049440654622,143.776149175578,151.51467619752086,-1.448337343390449e-06,6.0,180.0
-781.0904148017593,144.0996439592856,152.0790962885848,-2.075021484415629e-06,6.0,180.0
-782.6107664537527,144.5549628717207,152.6726532370237,-1.490116119384766e-06,6.0,180.0
-784.0790113110365,145.16073449511,153.19871499419364,-9.052107543539024e-07,6.0,180.0
-785.4969241034995,145.78775458917758,153.73204996534375,-9.052107543539024e-07,6.0,180.0
-786.9399424378202,146.1968849133964,154.37358462948143,1.086252723325742e-06,6.0,180.0
-788.1649950111075,146.46309870642546,154.80223590255758,-3.760105755645782e-07,6.0,180.0
-788.9883158657308,146.93211328179132,154.7772699416389,-4.734949925477849e-07,6.0,180.0
-789.5291890384185,147.51171366066134,154.5978357860444,-7.520213785028318e-07,6.0,180.0
-790.076833862176,147.7948646346069,154.59839470096847,-1.699010908851051e-06,6.0,180.0
-790.8241905012297,147.82331656964243,154.80049166842866,-6.963159648876172e-07,6.0,180.0
-791.5945436355871,147.85755031585057,154.940391425104,-1.629379312362289e-06,6.0,180.0
-792.0248655996273,147.9243273329511,154.90082926460752,-1.629379312362289e-06,6.0,180.0
-791.9086179217396,147.9823550116584,154.80104103397858,3.203051619493635e-07,6.0,180.0
-791.5517860117798,148.04034811146218,154.75415043158972,-2.562442659836961e-06,6.0,180.0
-791.3504812994848,148.08660948487028,154.82764859239367,2.088947894662851e-07,6.0,180.0
-791.2452206142251,148.1387777394485,154.7701001925565,2.102874077536399e-06,6.0,180.0
-791.2369315612518,148.22523493761955,154.46959810847665,2.785263859550469e-07,6.0,180.0
-791.4939930890678,148.29629959524067,154.1461879814467,6.266843683988554e-07,6.0,180.0
-792.0127237789593,148.34144223125583,153.9157120445226,6.266843683988554e-07,6.0,180.0
-792.7825237923367,148.33729647482113,153.82695360402494,1.253367827303009e-07,6.0,180.0
-793.7771668438959,148.1536340683051,153.8410925370341,9.052107543539024e-07,6.0,180.0
-794.959794578976,147.9069088938081,153.9296452207452,-7.241685580083868e-07,6.0,180.0
-796.2613752476256,147.9516286627713,154.09705598654102,-2.896674459407222e-06,6.0,180.0
-797.4820737997112,148.39664449158013,154.3556816638739,1.699010908851051e-06,6.0,180.0
-798.5792106364031,149.1466830625267,154.77796467131114,-2.228211997135077e-07,6.0,180.0
-799.6018451739029,150.10663374195323,155.4018833119187,-6.54536961519625e-07,6.0,180.0
-800.5811363397128,150.87912692244018,156.08199972926195,-6.54536961519625e-07,6.0,180.0
-801.6327921245359,151.11915082551724,156.57664897189412,-1.448337343390449e-06,6.0,180.0
-802.6911836782926,151.00344116095073,156.95645153735353,2.311768867002684e-06,6.0,180.0
-803.6555088669596,150.7135669872739,157.38226203122545,-1.448337343390449e-06,6.0,180.0
-804.6368098168927,150.3651165555264,157.713971503186,1.810419689718401e-07,6.0,180.0
-805.5439278138814,150.02699167114463,157.98018749119137,1.462263298890321e-06,6.0,180.0
-806.2118144577809,149.70798456312235,158.33019140147374,7.520211511291564e-07,6.0,180.0
-806.6191538267028,149.58174396710356,158.6670374753587,1.699010908851051e-06,6.0,180.0
-806.8047295059513,149.69872201306487,158.79055871755787,1.699010908851051e-06,6.0,180.0
-806.9426331899357,149.91996353899168,158.50450105293208,6.127579581516329e-07,6.0,180.0
-806.9905971745599,150.16791582669794,157.92776067643877,-2.506737928342773e-07,6.0,180.0
-806.9098117462978,150.42879403031495,157.40451860312484,-1.406558340022457e-06,6.0,180.0
-806.9742137823224,150.64933684133487,157.0806016214106,-2.520663883842644e-06,6.0,180.0
-807.3957844467417,150.71361137479653,156.9181867125637,2.297842456755461e-06,6.0,180.0
-808.0861956213643,150.58155822677284,156.84476872765802,-1.949686065927381e-07,6.0,180.0
-808.7013768316139,150.40208454711802,156.8477037424205,-1.949686065927381e-07,6.0,180.0
-809.2459567788854,150.33964852440195,157.02386128541295,2.311768867002684e-06,6.0,180.0
-810.0100709820122,150.4609781729562,157.2074384766176,-1.336926743533695e-06,6.0,180.0
-811.03332582013,150.7188825802589,157.25880430438912,6.684631443931721e-07,6.0,180.0
-812.1215237916731,150.93985435956048,157.4578372045743,-4.177895789325703e-07,6.0,180.0
-813.1199126488247,151.04083902608664,157.8700933893045,6.406105512724025e-07,6.0,180.0
-814.1394847890402,151.03359201820678,158.42980780528544,-1.253370101039764e-07,6.0,180.0
-815.2193178500804,151.13790373990744,159.13697126501847,6.963159648876174e-08,6.0,180.0
-816.2846803712096,151.5287553022122,159.8536207943578,6.963159648876174e-08,6.0,180.0
-817.4043172121501,151.91598907247206,160.41724597054468,-2.033242708421312e-06,6.0,180.0
-818.7795565952281,152.1974746000187,160.77718361536864,2.520663656468969e-06,6.0,180.0
-820.2298755020688,152.52265466590742,160.9385819392753,1.685084498603828e-06,6.0,180.0
-821.245994485388,152.9052896595184,161.0138467102331,2.520663656468969e-06,6.0,180.0
-821.7864616387496,153.36489466148643,161.20851195394232,1.323000333286473e-06,6.0,180.0
-822.0570322099877,153.90069719835623,161.5109382872197,-1.350852926407242e-06,6.0,180.0
-822.195296408607,154.3667877267199,161.84392066192936,-1.350852926407242e-06,6.0,180.0
-822.3965928184074,154.65856909270627,162.158757692582,-1.517968939879211e-06,6.0,180.0
-822.8191190389674,154.85753726793922,162.4048772472307,-9.33063347474672e-07,6.0,180.0
-823.3172376583447,154.93393595778667,162.70298199223478,-6.823897820140701e-07,6.0,180.0
-823.6712412554915,154.76412696543238,163.07712094979934,2.645999757078243e-07,6.0,180.0
-824.0057181262005,154.39058347953213,163.2534057955194,-7.938001544971485e-07,6.0,180.0
-824.4201613245255,153.9650602802189,163.14166499002923,1.601526491867844e-06,6.0,180.0
-824.7978386258375,153.55764092195813,162.80088781150974,2.20035826714593e-06,6.0,180.0
-825.2701906688802,153.17399007025136,162.24146392022462,2.20035826714593e-06,6.0,180.0
-826.1180448135277,152.99018966703125,161.78272109711725,-1.392631929775234e-07,6.0,180.0
-827.1047764015551,153.10567290127216,161.6013165706949,-1.364779336654465e-06,6.0,180.0
-827.9337102792705,153.135647896709,161.67265945526296,-2.075021484415629e-06,6.0,180.0
-828.7453015894565,153.0151418755408,162.02306693152988,-1.935758291438106e-06,6.0,180.0
-829.6474903166345,153.09939669754775,162.57963645501218,-2.311769094376359e-06,6.0,180.0
-830.6374625873009,153.1454973978166,163.34113962874693,-1.559747715873527e-06,6.0,180.0
-831.6981282844141,152.9855799973733,164.19965318697302,-1.559747715873527e-06,6.0,180.0
-832.8116756764235,152.9860739235274,164.85328575695263,-1.323000333286473e-06,6.0,180.0
-833.9017552607464,153.2494453716429,165.20861749156344,-1.53189603224746e-07,6.0,180.0
-835.0040258724803,153.50230422274316,165.4731343060139,-2.994158649016754e-06,6.0,180.0
-836.1373394482482,153.6178501560734,165.76873223782462,-1.559747715873527e-06,6.0,180.0
-837.091747647917,153.75841460683844,166.09308148894576,3.899367584381253e-07,6.0,180.0
-837.9497057576755,153.8596405761656,166.34485500105237,-2.924527962022694e-07,6.0,180.0
-838.7735457177415,153.81242366713747,166.49175617972722,1.058400130204973e-06,6.0,180.0
-839.34439356199,153.7752980121476,166.74550724931404,1.058400130204973e-06,6.0,180.0
-839.7741422565132,153.78555109222617,167.25217154844444,1.866126694949344e-06,6.0,180.0
-840.2162639997296,153.8139107353179,167.80131872863467,-4.177900336799213e-08,6.0,180.0
-840.5120635081919,153.9449312114,168.16129613076805,3.342315721965861e-07,6.0,180.0
-840.6712157103145,154.09014171700335,168.4378237950251,-4.177900336799213e-08,6.0,180.0
-840.8854730187437,154.22357578482297,168.65177379462827,-2.785282049444504e-08,6.0,180.0
-841.1176660537069,154.44026552137066,168.7158112056105,1.67115786098293e-07,6.0,180.0
-841.2609225215438,154.51766514818178,168.7056870327528,1.67115786098293e-07,6.0,180.0
-841.5047516838285,154.49415110636124,168.66416788009565,-5.988317752780858e-07,6.0,180.0
-841.9136334698408,154.66270625471722,168.5798847048271,-5.849053650308633e-07,6.0,180.0
-842.3622221742952,154.89766787109838,168.43711358866312,-1.253370101039764e-07,6.0,180.0
-842.9886906405959,154.95780484992525,168.23965382792397,-1.114105543820187e-06,6.0,180.0
-843.8801825647196,154.8897813909599,168.24038322466788,-3.342317995702615e-07,6.0,180.0
-844.8600662915794,155.03286231820897,168.63573034784005,-8.216529749915935e-07,6.0,180.0
-845.7960578609676,155.54385103927993,169.30538189267267,-1.824347918955027e-06,6.0,180.0
-846.7702197741891,156.30086089008282,169.92746878321063,-1.824347918955027e-06,6.0,180.0
-847.8478778539882,157.19658757097991,170.1498192657656,1.30907392303925e-06,6.0,180.0
-848.8601286136841,158.0561910371258,170.01279220662315,-6.40610778646078e-07,6.0,180.0
-849.7738540925584,158.78263233125017,169.6987108483319,-5.709791821573162e-07,6.0,180.0
-850.8742662679945,159.2755905426649,169.346538627707,1.866126694949344e-06,6.0,180.0
-852.2691162614514,159.38060515543793,169.24413649453527,-3.008085059263976e-06,6.0,180.0
-853.6118206522244,159.15869308156485,169.47533555391047,-7.938001544971485e-07,6.0,180.0
-854.6241660072051,158.87213035031624,169.90292653814225,-2.646002030814998e-07,6.0,180.0
-855.3610862785611,158.73589189627026,170.3839965567588,-2.646002030814998e-07,6.0,180.0
-855.709476649891,158.74580524255984,170.90829995903417,1.517968712505535e-06,6.0,180.0
-855.7180004253435,158.87165296301893,171.469907237783,-1.935758291438106e-06,6.0,180.0
-855.7827872211498,159.06431116734305,172.01567985483695,-1.949684701685328e-06,6.0,180.0
-855.9922207225754,159.1285709643634,172.4653755044025,-1.949686065927381e-07,6.0,180.0
-856.275900392362,159.01920304064444,172.6526296823274,1.100179133572965e-06,6.0,180.0
-856.5452313788255,159.0070029342854,172.6392068358547,1.392631929775234e-07,6.0,180.0
-856.7456036528853,159.08733161442012,172.49205611044462,1.392631929775234e-07,6.0,180.0
-857.1080674836677,159.02548214403873,172.06088994097735,-1.28122132991848e-06,6.0,180.0
-857.7728529958888,158.9797879932549,171.39591074575992,1.323000333286473e-06,6.0,180.0
-858.7169338827913,159.01595605139931,170.88019100755469,-1.504042529631988e-06,6.0,180.0
-859.8433742674212,159.0754967623221,170.68263796341571,-1.420484522896004e-06,6.0,180.0
-860.900256034184,159.2550184015539,170.72409816836472,-1.350852926407242e-06,6.0,180.0
-861.7837567435442,159.43910757195468,170.84762120439217,2.78525931207696e-08,6.0,180.0
-862.680461978209,159.50258558609607,170.75170659811144,-6.127581855253084e-07,6.0,180.0
-863.6736693919997,159.56270732097772,170.5964916397852,-6.127581855253084e-07,6.0,180.0
-864.6219234888981,159.82801760358748,170.8161900943638,-1.114105998567538e-07,6.0,180.0
-865.6922186782233,160.37492928720917,171.29711423492083,-8.216529749915935e-07,6.0,180.0
-867.1603973643275,161.00264675361473,171.74816480269567,3.481579824438086e-07,6.0,180.0
-868.6826958278001,161.48792535336247,172.25714038465114,1.671158088356606e-06,6.0,180.0
-869.8772992760358,161.8171963433808,173.01949107170012,-3.063789790758165e-07,6.0,180.0
-870.8638646817184,162.10371514066014,173.92514558735235,-1.10017936094664e-06,6.0,180.0
-871.6797383530788,162.43601435911893,174.59833932195366,-1.10017936094664e-06,6.0,180.0
-872.3346486041105,162.89701625654942,174.84353217127125,-1.406558340022457e-06,6.0,180.0
-872.9466434283835,163.4807251637661,174.85486344742372,-1.643305722609512e-06,6.0,180.0
-873.4815333436582,163.95921222119276,174.75191975752938,1.685084498603828e-06,6.0,180.0
-873.9506060037015,164.19575143393186,174.38808480319815,1.531893758510705e-07,6.0,180.0
-874.327734450007,164.3449269454915,173.99780840848737,-1.197663550556172e-06,6.0,180.0
-874.5747524393928,164.5524719977069,174.06746566899525,9.191369372274494e-07,6.0,180.0
-874.9227979139241,164.82736773809577,174.62049296836273,6.963159648876174e-08,6.0,180.0
-875.6155201799369,165.03256334228644,175.32160543499694,6.963159648876174e-08,6.0,180.0
-876.6153532718254,165.0646797271976,175.6976244438589,2.019316070800414e-06,6.0,180.0
-877.6735722143407,165.21026083192913,175.59903644296406,-3.760105755645782e-07,6.0,180.0
-878.69735187877,165.55335577705105,175.33769825842728,2.78525931207696e-08,6.0,180.0
-879.7251286489684,165.86176867954222,174.97983924876516,-4.87421175421332e-07,6.0,180.0
-880.678386480086,166.03217508781046,174.5564481210039,-2.172505901398836e-06,6.0,180.0
-881.5370772827001,166.06951786476546,174.473814902228,1.267294919671258e-06,6.0,180.0
-882.5005660205852,166.09769098200462,174.84151881911734,1.267294919671258e-06,6.0,180.0
-883.6283260058585,166.13776735355202,175.35615975687986,-7.241685580083868e-07,6.0,180.0
-884.7848230064044,166.15086541001676,175.8055001760291,-2.646002030814998e-07,6.0,180.0
-886.0281729650753,166.22775166214117,176.3016999687104,-1.754716322466265e-06,6.0,180.0
-887.264604457121,166.42484074415862,176.96159941725904,-5.570541361521465e-08,6.0,180.0
-888.325579182471,166.71895675698113,177.51108336396712,1.545821305626305e-06,6.0,180.0
-889.3760389435117,166.99481087222782,177.79217597070237,5.57051862415392e-08,6.0,180.0
-890.3581067118371,167.10467423750342,177.92535626743728,9.74842350842664e-07,6.0,180.0
-891.1227536881561,166.92477983153947,178.06707072377307,9.74842350842664e-07,6.0,180.0
-891.8145499910734,166.45488224361264,178.24726331490817,1.531893758510705e-07,6.0,180.0
-892.5297520127892,165.97101441145148,178.42332200004626,-2.367473825870547e-07,6.0,180.0
-893.3234617955169,165.6968312016318,178.73041766751325,-1.949686065927381e-07,6.0,180.0
-894.036937993874,165.68356552046114,179.18957102461562,1.364779109280789e-06,6.0,180.0
-894.4725659588212,165.92723411950692,179.6333814010167,1.155884319814504e-06,6.0,180.0
-894.730421318859,166.33767966481696,179.86739197742048,-9.60916167969117e-07,6.0,180.0
-894.8415000070064,166.67855261171692,179.85419041359629,-2.646002030814998e-07,6.0,180.0
-894.8421416411549,166.86941278397694,179.9133449400341,-2.646002030814998e-07,6.0,180.0
-894.8591771955664,167.11002876859894,180.11703835368291,-1.99146370505332e-06,6.0,180.0
-894.9291947102116,167.4218061447067,180.220955758296,-1.392641024722252e-08,6.0,180.0
-895.1804736128926,167.5990186849255,180.3017021819904,-1.12803195406741e-06,6.0,180.0
-895.8713831919764,167.54455411630266,180.4589640601768,-1.392631929775234e-06,6.0,180.0
-897.0624912560367,167.4740158773609,180.7746338430883,-1.448337343390449e-06,6.0,180.0
-898.4978997403464,167.59115867897856,181.2701403466168,-2.228211997135077e-07,6.0,180.0
-899.8824577182963,167.7926856032918,181.73036441272137,-2.228211997135077e-07,6.0,180.0
-901.0862646837982,167.9124679707987,182.19121893566785,-2.005389887926867e-06,6.0,180.0
-902.2563433303336,167.95942961324346,182.6631706801592,2.506735654606018e-07,6.0,180.0
-903.5946528909984,168.21011553092828,183.030441277289,-2.047168891294859e-06,6.0,180.0
-905.0245095179488,168.82915982920127,183.37035916694,-1.197663550556172e-06,6.0,180.0
-906.4705919845974,169.59050891022633,183.75744825029108,1.824347691581352e-06,6.0,180.0
-907.7851410983848,170.30278633025446,184.118160902628,5.013473582948791e-07,6.0,180.0
-908.8603780601544,170.95296223659733,184.4271703637717,6.406105512724025e-07,6.0,180.0
-909.9435701060528,171.65411218972392,184.88306186098595,6.406105512724025e-07,6.0,180.0
-911.0813936949294,172.41236854945004,185.57186663545315,4.456421720533399e-07,6.0,180.0
-912.124640803695,172.9543863504772,186.2465645368589,-9.33063347474672e-07,6.0,180.0
-913.0289217138436,173.1784958379773,186.60773871451715,-1.044473947331426e-06,6.0,180.0
-913.7890761821536,173.3074174372975,186.68080123938205,-5.013475856685545e-07,6.0,180.0
-914.4182820252116,173.42181886903464,186.66577397312128,1.197663323182496e-06,6.0,180.0
-914.9468373400636,173.478634587964,186.70282180794,-4.456421720533399e-07,6.0,180.0
-915.499059782071,173.5409881578313,186.80999532688304,-4.456421720533399e-07,6.0,180.0
-916.0766497102632,173.4891797865407,186.910514478467,4.734947651741095e-07,6.0,180.0
-916.5359442853392,173.15121251988566,187.1305893918785,-7.798739716236014e-07,6.0,180.0
-916.899364970206,172.60119743278474,187.58297445652423,8.077263373706955e-07,6.0,180.0
-917.2227213205134,172.04460147486088,188.04731128427176,1.030547537084203e-06,6.0,180.0
-917.5346330988676,171.5945153471781,188.35532616254773,1.810419689718401e-07,6.0,180.0
-918.0405782622576,171.25250073458693,188.526643676441,-1.949686065927381e-07,6.0,180.0
-918.8635127277356,171.07171475794175,188.5670568703954,-8.495055681123631e-07,6.0,180.0
-919.8423743578932,171.08078666817872,188.59642920507744,-8.495055681123631e-07,6.0,180.0
-920.8825176764911,171.25614840419814,188.860780849676,-3.063790245505515e-06,6.0,180.0
-922.1371469431174,171.66225413935632,189.4260694034736,-1.016621354210656e-06,6.0,180.0
-923.5720588331536,172.2339999615313,190.0575227270359,-3.063789790758165e-07,6.0,180.0
-925.0233058392222,172.7701590874014,190.3996743876516,1.33692651616002e-06,6.0,180.0
-926.537154459116,173.30013754155289,190.3988647392634,6.406105512724025e-07,6.0,180.0
-928.0717335411138,173.74063455237462,190.2978301231841,4.038631686853478e-07,6.0,180.0
-929.4495237932856,173.78538858224698,190.2018346111172,4.038631686853478e-07,6.0,180.0
-930.5304342254262,173.56690484993368,190.11474779274184,3.995460792793892e-05,6.0,180.0
-931.4192089607484,173.39480975145108,190.0922164239443,0.003951049875468,6.0,180.0
-932.2340847785644,173.23705858195797,190.14542123745176,0.0280966833233833,6.0,180.0
-932.7393059289668,173.05282354978223,190.1403500536764,0.0817069485783577,6.0,180.0
-932.8433549960552,172.8800458529797,189.96252980483263,0.1609517931938171,6.0,180.0
-932.5566220650458,172.67629461864357,189.76011949805985,0.2525585293769836,6.0,180.0
-931.6614259199432,172.39597190911746,189.7042139840233,0.3482880294322968,6.0,180.0
-930.1993359259876,172.0773838177153,189.62414257778323,0.3482880294322968,6.0,180.0
-928.4804565735092,171.90771566859632,189.3722132737854,0.4460783004760742,6.0,180.0
-926.6894552312796,171.90578756402488,188.98706541333536,0.5450435876846313,6.0,180.0
-924.7284846637616,171.8119124109374,188.5957116128,0.6443723440170288,6.0,180.0
-922.5052409694694,171.6626509766498,188.3499543223316,0.7439371347427368,6.0,180.0
-920.2801467364668,171.7741276197618,188.1106663123231,0.8436381816864014,6.0,180.0
-918.2393594376816,172.13222434673003,187.6629341488584,0.9434542655944824,6.0,180.0
-916.3454834015891,172.43189892773782,186.9490234204808,1.043675541877747,6.0,180.0
-914.4916737306504,172.45384337004205,186.1134844108256,1.043675541877747,6.0,180.0
-912.4042870440354,172.27663502895228,185.36494641353943,1.143623113632202,6.0,180.0
-909.8699251434537,172.03002413503887,184.5897376858661,1.24350380897522,6.0,180.0
-907.1595302936314,171.6024541874908,183.6205229742194,1.343697071075439,6.0,180.0
-904.7144941580068,170.98630335940783,182.52499351738405,1.443608522415161,6.0,180.0
-902.350867829372,170.52156636840155,181.4089842814979,1.543710350990295,6.0,180.0
-899.7169829761739,170.52272046509373,180.3507552736092,1.64357328414917,6.0,180.0
-896.8945816710678,170.7807932065907,179.35795594221838,1.64357328414917,6.0,180.0
-894.017466766228,170.79692667563313,178.41932391575057,1.743438124656677,6.0,180.0
-891.1704083973085,170.35338679704242,177.4780860524891,1.843507528305054,6.0,180.0
-888.3976924187754,169.5425354993825,176.40077044742236,1.943424820899963,6.0,180.0
-885.6464740676678,168.5520646004662,175.1929203327695,2.043514966964722,6.0,180.0
-882.8123772687973,167.57188199366178,173.94872615127403,2.143585681915283,6.0,180.0
-879.7951759740912,166.7521484813662,172.75866916234023,2.243466854095459,6.0,180.0
-876.6236456335616,166.05545245891113,171.6931817648846,2.343440771102905,6.0,180.0
-873.3617039251833,165.2937794806869,170.8606769202443,2.343440771102905,6.0,180.0
-870.0359195536311,164.3540045042403,170.34208940747035,2.443470478057861,6.0,180.0
-866.7909735428486,163.3901938261314,169.84254698371308,2.543524503707886,6.0,180.0
-863.776930969984,162.69654442026425,169.06905455974223,2.643583059310913,6.0,180.0
-860.7569562710485,162.24814861503876,168.10836765139143,2.743578672409058,6.0,180.0
-857.3889958236795,161.93274760281605,166.9519325876943,2.843457221984863,6.0,180.0
-853.738754925625,161.66163720852452,165.67326926552704,2.943514108657837,6.0,180.0
-850.1029862467681,161.23849842968173,164.53723903449452,2.943514108657837,6.0,180.0
-846.6549135382886,160.70627734182412,163.39016270464683,3.043531894683838,6.0,180.0
-843.3267424484467,160.18854875987117,162.15359621964993,3.143361568450928,6.0,180.0
-840.0370902991372,159.71863918060512,161.12198400221394,3.243466138839722,6.0,180.0
-836.7082443692404,159.30409993057077,160.3048327823505,3.343504190444946,6.0,180.0
-833.3550882287302,158.81542899402697,159.42767046007262,3.443500280380249,6.0,180.0
-830.1477159275094,158.13597978949053,158.43910524803974,3.543532371520996,6.0,180.0
-827.1663092944357,157.30043444242483,157.48018028585653,3.643357753753662,6.0,180.0
-824.302276792945,156.4193640160682,156.64396009364728,3.643357753753662,6.0,180.0
-821.3618906460213,155.64199724852878,156.01037844879286,3.743337154388428,6.0,180.0
-818.3217598204158,155.03376480083287,155.3487357583279,3.843414783477783,6.0,180.0
-815.1940615838541,154.47340372037678,154.52731761646402,3.943329572677612,6.0,180.0
-811.9106377225613,153.79605797176737,153.6528951306981,4.043549060821533,6.0,180.0
-808.4459868975803,152.93707600870485,152.41943838170917,4.143510818481445,6.0,180.0
-804.8401576512249,152.02734616906926,150.81570206588205,4.243475437164307,6.0,180.0
-801.2180656817939,151.21297172233028,149.45511834928706,4.243475437164307,6.0,180.0
-797.7944514264084,150.44592382343254,148.54271840568464,4.343584060668945,6.0,180.0
-794.5288586492409,149.77457622954762,147.8194161397859,4.44345235824585,6.0,180.0
-791.1597513091808,149.2976560643235,147.1215459312249,4.543398380279541,6.0,180.0
-787.7077850028805,148.980675876377,146.33889619914942,4.643481254577637,6.0,180.0
-784.20033765905,148.80523769341897,145.53091437865086,4.74342679977417,6.0,180.0
-780.6386220363286,148.6143965250822,144.80538357233738,4.843476295471191,6.0,180.0
-777.1149413365537,148.18850389169285,144.1510459371595,4.943432807922363,6.0,180.0
-773.5495371714051,147.4573247271236,143.5892491340985,4.943432807922363,6.0,180.0
-769.804773256268,146.5031408390824,142.8450726136504,5.043525695800781,6.0,180.0
-765.8698737785303,145.43663731231433,141.67609646376704,5.143486499786377,6.0,180.0
-762.0431755062457,144.37750727414237,140.25537461674477,5.243372917175293,6.0,180.0
-758.4834960802968,143.5887464427295,138.70507696533335,5.343299388885498,6.0,180.0
-754.99697703399,143.1161259754933,137.08334501950247,5.443443298339844,6.0,180.0
-751.4937060025582,142.7622516669281,135.49200922827137,5.543623924255371,6.0,180.0
-747.9659196054737,142.4129646298511,134.03593020866828,5.543623924255371,6.0,180.0
-744.3955526608014,141.99527400957768,132.70625479170607,5.643533706665039,6.0,180.0
-740.6836658504558,141.5514805521904,131.48137798422405,5.743532657623291,6.0,180.0
-736.849271485767,141.19251491459931,130.5539369472075,5.843490600585938,6.0,180.0
-733.1331058275085,140.79337504499173,129.94281849877797,5.943508148193359,6.0,180.0
-729.5584674114264,140.27589927384636,129.4696002085076,6.043621063232422,6.0,180.0
-725.9539381325769,139.68236850132794,128.91880453049563,6.143458366394043,6.0,180.0
-722.3537019903702,138.84365051398987,128.09256219692742,6.243526458740234,6.0,180.0
-718.8634896159708,137.85104647291922,127.17261401896248,6.243526458740234,6.0,180.0
-715.4318828339433,137.0043848053752,126.28029242088822,6.343601703643799,6.0,180.0
-712.0131904337596,136.21075772199228,125.38690180556335,6.443568706512451,6.0,180.0
-708.5221001001916,135.35201405544802,124.74370603229428,6.543622016906738,6.0,180.0
-704.8352623351277,134.62933583853007,124.32160238450588,6.643572330474854,6.0,180.0
-700.9265422536996,134.08443846432678,123.8336507650134,6.743509769439697,6.0,180.0
-696.9153123832091,133.49173747507683,123.1644848223811,6.843513011932373,6.0,180.0
-692.9511725901122,132.80413187850812,122.1295070764152,6.943512439727783,6.0,180.0
-689.0176881832256,131.9649171950486,120.71091113048838,6.943512439727783,6.0,180.0
-685.2566674799384,130.90206789742368,119.2086678834484,7.043478488922119,6.0,180.0
-681.7227334485606,129.91820674616633,117.8124288172851,7.143544673919678,6.0,180.0
-678.1469285675131,129.2016628094062,116.54425896174408,7.2435622215271,6.0,180.0
-674.5767412936946,128.7028656619442,115.41364359013522,7.343498706817627,6.0,180.0
-671.0931570425166,128.3839829168113,114.3420542595296,7.443438053131104,6.0,180.0
-667.4852523647459,128.01139698004985,113.10410362104788,7.543335914611816,6.0,180.0
-663.7203745514101,127.47845314669745,111.71223616995997,7.543335914611816,6.0,180.0
-659.991777194938,126.98822843817489,110.39251981415036,7.643250942230225,6.0,180.0
-656.4299984287492,126.71751876768448,109.072706507766,7.743472099304199,6.0,180.0
-653.1440344756186,126.54947407199712,107.65504683549378,7.843631744384766,6.0,180.0
-650.0082516257588,126.30626623103603,106.33746033981372,7.94355583190918,6.0,180.0
-646.4994838508215,126.00616459251265,105.27700286214338,8.043441772460938,6.0,180.0
-642.5405984880214,125.55981532765664,104.4783855683901,8.143441200256348,6.0,180.0
-638.4188751803508,124.9954964821572,103.74352311745793,8.243441581726074,6.0,180.0
-634.2802393809817,124.51289662163468,102.88073229955224,8.243441581726074,6.0,180.0
-630.4597259400216,123.97360803735565,101.9909669292803,8.34339714050293,6.0,180.0
-627.0594650755415,123.33532956166646,101.09604403855197,8.443443298339844,6.0,180.0
-623.6228623699892,122.94297875908256,100.11538042627242,8.543291091918945,6.0,180.0
-619.9339500519045,122.71808085483778,99.11250309542676,8.643446922302246,6.0,180.0
-616.1814950741796,122.23233934892792,98.25052803272077,8.743596076965332,6.0,180.0
-612.3669084102745,121.44872730659176,97.57943593047328,8.84339427947998,6.0,180.0
-608.4648087905438,120.63627047705766,96.96472143553444,8.84339427947998,6.0,180.0
-604.5656067436483,119.97957181609762,96.27753920162004,8.943461418151855,6.0,180.0
-600.5917909455486,119.35297563110012,95.43263921004286,9.043472290039062,6.0,180.0
-596.3970604451875,118.69494370127472,94.50708871558236,9.143476486206056,6.0,180.0
-592.108063596744,118.14444630546352,93.5952620163455,9.243504524230955,6.0,180.0
-588.0200371385541,117.6170018515777,92.5127939431438,9.343493461608888,6.0,180.0
-584.1325838432085,117.05079413621314,91.185406996211,9.443501472473145,6.0,180.0
-580.371166586262,116.61433332160344,89.76873979349706,9.543522834777832,6.0,180.0
-576.7985801903153,116.3771430267582,88.40940532953509,9.543522834777832,6.0,180.0
-573.3182677092161,116.13343305169444,87.28523847092913,9.643515586853027,6.0,180.0
-569.8861182045881,115.61561367671428,86.36859235808188,9.743423461914062,6.0,180.0
-566.4194436022294,114.87473077190076,85.42355094931986,9.843384742736816,6.0,180.0
-562.7835490860571,114.21176872203004,84.36409450930736,9.943601608276367,6.0,180.0
-559.0913541196228,113.75220209327368,83.19449899585547,10.04350566864014,6.0,180.0
-555.4092166051707,113.2091048784428,82.0352310634211,10.14340019226074,6.0,180.0
-551.6974196584079,112.38640741529218,81.05870476594758,10.14340019226074,6.0,180.0
-548.0047836033715,111.67603658361162,80.30295845201255,10.24347019195557,6.0,180.0
-544.5499803781963,111.18074690971612,79.67549056847916,10.34333324432373,6.0,180.0
-541.3514449969116,110.58952495152968,78.94393255815189,10.44361209869385,6.0,180.0
-538.2546988740801,109.9839802714238,77.96725411657842,10.54361152648926,6.0,180.0
-535.2936348357329,109.41369385742064,76.85978775032173,10.64347267150879,6.0,180.0
-532.3578162883655,108.8630223627649,75.72265831669708,10.74362087249756,6.0,180.0
-529.3010210090208,108.42012680977572,74.62851654761472,10.84346485137939,6.0,180.0
-526.2244215346446,107.94974318752398,73.67979214226511,10.84346485137939,6.0,180.0
-523.1608538271022,107.27306651860845,73.0444860058905,10.94354438781738,6.0,180.0
-520.0552118171439,106.54695311055715,72.82032924240002,11.04358863830566,6.0,180.0
-517.0873717127001,105.9945451463458,72.58629361199132,11.14340019226074,6.0,180.0
-514.2803668850465,105.61202286450629,71.97126341224185,11.24329662322998,6.0,180.0
-511.1869628620891,105.42285526777223,71.04949522752472,11.34355354309082,6.0,180.0
-507.65684961459215,105.34775611213394,69.96615207265309,11.44349002838135,6.0,180.0
-504.0226482186224,105.19668921209896,68.87555026363043,11.54368114471436,6.0,180.0
-500.5732526325399,104.91452752545156,67.93125643863999,11.54368114471436,6.0,180.0
-497.412354990563,104.57549451585496,67.17425469594367,11.64357376098633,6.0,180.0
-494.3925114436578,104.26842331686342,66.53707942083788,11.74344348907471,6.0,180.0
-491.37782856628223,103.95293277305475,65.81154908243514,11.84354305267334,6.0,180.0
-488.3881356087258,103.55721001977358,64.83148321960694,11.94348526000977,6.0,180.0
-485.3641734944911,103.09299454096536,63.71058172783509,12.04351329803467,6.0,180.0
-482.304216262974,102.58546400341618,62.62471775714324,12.14343643188477,6.0,180.0
-479.3148249476443,102.1674420001942,61.70235411070779,12.14343643188477,6.0,180.0
-476.28038144129215,101.95019529420829,60.935642636468,12.24335861206055,6.0,180.0
-473.0602323264469,101.82075937498156,60.15416952831728,12.34362506866455,6.0,180.0
-469.7164109536621,101.66481273097952,59.262407758639135,12.44354915618896,6.0,180.0
-466.24743309371127,101.50793083433057,58.30647563102737,12.54348468780518,6.0,180.0
-462.7638467793538,101.18204589197562,57.42786014996688,12.64351081848145,6.0,180.0
-459.445906674013,100.59369196869888,56.6230482227603,12.74348258972168,6.0,180.0
-456.312207724892,99.97940169239617,55.87049050861277,12.843430519104,6.0,180.0
-453.32596165584624,99.35917288031348,55.255746583392366,12.843430519104,6.0,180.0
-450.3301756815333,98.72182287883116,54.62362241611349,12.94345569610596,6.0,180.0
-447.253356152562,98.1970134264642,53.91901172446112,13.04341602325439,6.0,180.0
-444.1914228364884,97.71183509502588,53.28319384477992,13.14350986480713,6.0,180.0
-441.04052078459847,97.207535121774,52.60973534625647,13.24354457855225,6.0,180.0
-437.7208138791134,96.80674555757383,51.6865395302705,13.34342670440674,6.0,180.0
-434.336495026058,96.5101005601234,50.76012223876406,13.44344043731689,6.0,180.0
-430.87818394376137,96.1351878651019,50.1021249332513,13.44344043731689,6.0,180.0
-427.3289291778968,95.5426058186216,49.45104342437517,13.54361534118652,6.0,180.0
-423.8560228524729,94.80524478279288,48.57152172540336,13.64343929290771,6.0,180.0
-420.5885127051596,93.98137223549652,47.51071965378924,13.74354648590088,6.0,180.0
-417.3450233404663,93.07976657893462,46.3993597796996,13.84346675872803,6.0,180.0
-413.8038987072375,92.31523823940414,45.10841894247527,13.94314098358154,6.0,180.0
-409.81962003156445,91.81454176826664,43.56714507064898,14.04354953765869,6.0,180.0
-405.61948114312486,91.40507775189124,42.08694974986998,14.14362812042236,6.0,180.0
-401.5515018259022,90.87249565169292,40.85807443201801,14.14362812042236,6.0,180.0
-397.6560840547044,90.30575555421774,39.66321072624086,14.24353981018066,6.0,180.0
-393.9170835752567,89.87183362898688,38.2120786759924,14.34360599517822,6.0,180.0
-390.4664379457859,89.51681082886633,36.77420989438901,14.44349575042725,6.0,180.0
-387.1391269533071,89.19470100289776,35.72231797464944,14.54351806640625,6.0,180.0
-383.8461265214227,88.82207230577191,34.75504669171952,14.64354515075684,6.0,180.0
-380.8175222809703,88.32056166559556,33.50317266477458,14.74332523345947,6.0,180.0
-377.9636579440063,87.70064208556559,32.10350111391852,14.74332523345947,6.0,180.0
-375.0137844009869,87.02193708843575,30.93256148156415,14.84296417236328,6.0,180.0
-371.8961769191287,86.40941837656675,30.160766840329124,14.94318103790283,6.0,180.0
-368.6366883851432,85.76044451484925,29.540425451360925,15.04367351531982,6.0,180.0
-365.2162145783978,84.98904707791064,28.915500264251136,15.14374732971191,6.0,180.0
-361.6935401524883,84.39412316187577,28.282265966082967,15.24361324310303,6.0,180.0
-358.1985352039836,84.03770707725829,27.432443480219284,15.34336757659912,6.0,180.0
-354.7695528237863,83.71048394585485,26.46693356425954,15.44355964660645,6.0,180.0
-351.3292873464481,83.47088235750198,25.704136952648263,15.44355964660645,6.0,180.0
-347.87559605664285,83.39633030691441,25.151861589917573,15.54361057281494,6.0,180.0
-344.5500356510997,83.34661232194443,24.66089156792625,15.64337825775146,6.0,180.0
-341.38731567267155,83.07195615723404,24.11364982511608,15.74338912963867,6.0,180.0
-338.4715806916745,82.48322473906819,23.463269661150207,15.84333610534668,6.0,180.0
-335.83030965703216,81.80589506173294,22.703405549727744,15.94358921051025,6.0,180.0
-333.0958755683605,81.2055623273437,21.867593459379467,16.04368019104004,6.0,180.0
-330.0057582651832,80.64167086389945,21.058096182491248,16.14350128173828,6.0,180.0
-326.6841834174847,80.1384314786394,20.379824386656523,16.14350128173828,6.0,180.0
-323.377096525641,79.71596486737856,19.74720679001105,16.24347877502441,6.0,180.0
-320.2452448980825,79.18862200690812,19.053806856604627,16.34345626831055,6.0,180.0
-317.13339061384494,78.58423799906159,18.1870541168614,16.44343566894531,6.0,180.0
-313.9213335206016,78.1163826393933,17.195138432869136,16.54362487792969,6.0,180.0
-310.7740665738865,77.6355116150947,16.393723683044236,16.64361190795898,6.0,180.0
-307.633863935117,76.97037750646382,15.837579034155729,16.74351692199707,6.0,180.0
-304.41053055994905,76.32581860023048,15.377028880495232,16.74351692199707,6.0,180.0
-301.20148043244853,75.90872832429942,14.744714899027311,16.84354972839355,6.0,180.0
-297.9145137075725,75.60515905120083,13.936054546557278,16.94349098205566,6.0,180.0
-294.4291265930146,75.29221979508745,13.20877914443768,17.04359436035156,6.0,180.0
-290.8619142594645,74.83841649549736,12.370478526309826,17.14360427856445,6.0,180.0
-287.3746198894014,74.16678375425002,11.370325503339918,17.24341201782227,6.0,180.0
-284.0376633436358,73.41773016692859,10.446732410299369,17.3435173034668,6.0,180.0
-280.7277493931827,72.52522298688267,9.718510668713062,17.44352531433105,6.0,180.0
-277.2325686608399,71.62518621450862,9.349632680589323,17.44352531433105,6.0,180.0
-273.71829107616384,71.10230921841489,9.132885252348546,17.54347038269043,6.0,180.0
-270.34399787463565,70.83946593789913,8.647220580915977,17.64340209960938,6.0,180.0
-266.98998489934417,70.58531197350555,7.877353306281359,17.74333381652832,6.0,180.0
-263.6607494579561,70.19121541462067,6.983047195055256,17.84335136413574,6.0,180.0
-260.4345175092235,69.61664062425328,6.086052785725668,17.94349670410156,6.0,180.0
-257.3208972573978,69.02691526388533,5.180529907687269,18.04357719421387,6.0,180.0
-254.21601437263743,68.43304019511478,4.056068302643789,18.04357719421387,6.0,180.0
-251.1899625295447,67.80483861051594,2.7348156772942467,18.1435432434082,6.0,180.0
-248.3207197188517,67.27162192256745,1.4737112288282097,18.24343299865723,6.0,180.0
-245.5084886871996,66.83985145293434,0.4339041447184453,18.34332847595215,6.0,180.0
-242.6617042292669,66.37341922980661,-0.4812417839271532,18.44347190856934,6.0,180.0
-239.6674301646404,65.90585753154288,-1.483110668183091,18.54363822937012,6.0,180.0
-236.4996510557438,65.4705678997565,-2.5371953825558453,18.64351844787598,6.0,180.0
-233.1759080125315,65.09400383715857,-3.66518069790556,18.74343681335449,6.0,180.0
-229.73105830513217,64.73722575322458,-4.921666001337881,18.74343681335449,6.0,180.0
-226.33537708115443,64.16974947786,-6.094107604161055,18.84342575073242,6.0,180.0
-223.2888105349315,63.45557718958112,-6.9869496856775495,18.9434814453125,6.0,180.0
-220.50884741508847,62.74575713692048,-7.631077492638576,19.04358291625977,6.0,180.0
-217.6647958737261,61.99823715991038,-8.159613528129608,19.14361190795898,6.0,180.0
-214.7402868249253,61.27918746207725,-8.668559213878478,19.24348068237305,6.0,180.0
-211.88138902688056,60.70856042597741,-9.12462066375961,19.3435001373291,6.0,180.0
-209.06248755960667,60.26847748065074,-9.565559985533293,19.3435001373291,6.0,180.0
-206.2364831357901,59.91346620125158,-10.129466439418742,19.44330215454102,6.0,180.0
-203.5464839810084,59.62698783311066,-10.814044677585327,19.5434627532959,6.0,180.0
-201.0244884092212,59.419769714387726,-11.680091736060474,19.64355850219727,6.0,180.0
-198.4367378684116,59.38181417433061,-12.704845826438522,19.74366569519043,6.0,180.0
-195.51478251964292,59.48776528954448,-13.601445944746532,19.84355545043945,6.0,180.0
-192.34346928423915,59.502683293702695,-14.22288703283596,19.94358825683594,6.0,180.0
-189.0944914447517,59.36577182106311,-14.69997809255652,20.04350280761719,6.0,180.0
-185.8603642310107,59.1231349916373,-15.32721414741977,20.04350280761719,6.0,180.0
-182.8139893987206,58.66760514592431,-16.261444760091575,20.1435375213623,6.0,180.0
-179.92562025076052,58.00294335968248,-17.206663180440227,20.24358367919922,6.0,180.0
-176.92676028947588,57.24421880356574,-17.867966474462765,20.34344673156738,6.0,180.0
-173.70578570728068,56.52755749535507,-18.303772660548216,20.44352340698242,6.0,180.0
-170.50803833766565,56.00349775408172,-18.626148183450404,20.54352378845215,6.0,180.0
-167.49712822297337,55.587348591546366,-18.884790037575385,20.64341735839844,6.0,180.0
-164.59318685696374,54.95065012104292,-19.07203682789329,20.64341735839844,6.0,180.0
-161.76528465586676,54.11955037545333,-19.42765905173839,20.74348449707031,6.0,180.0
-159.01048844322,53.38577321472182,-20.284791039368724,20.84341812133789,6.0,180.0
-156.3077319725947,52.89806074153819,-21.44146920610548,20.943359375,6.0,180.0
-153.6284242211352,52.61605916162792,-22.547684222829343,21.04362869262695,6.0,180.0
-150.81388833761338,52.2655081595068,-23.47750507774927,21.14350318908691,6.0,180.0
-147.65103117642985,51.656890820187954,-24.138135667129923,21.24345970153809,6.0,180.0
-144.26591323472277,50.93114514393828,-24.63880257537988,21.34334564208984,6.0,180.0
-140.84872225437582,50.38035237698942,-25.32723222499357,21.34334564208984,6.0,180.0
-137.37248129538668,49.90680485756519,-26.21358761571984,21.44332122802734,6.0,180.0
-134.05122008385237,49.24741878072833,-26.99695649791445,21.54362487792969,6.0,180.0
-131.02034547239356,48.497219724033904,-27.595207591860017,21.64366912841797,6.0,180.0
-128.12367008721523,47.86428888639692,-28.13670877006978,21.74361419677734,6.0,180.0
-125.4298527879258,47.37499661625875,-28.69317143822748,21.84356117248535,6.0,180.0
-122.89811066658724,46.92758874382675,-29.23595419386606,21.94350051879883,6.0,180.0
-120.2798922109357,46.51619130504713,-29.81141967121404,22.04328346252441,6.0,180.0
-117.62600419939456,46.107993209973294,-30.46921861057004,22.04328346252441,6.0,180.0
-115.0090897520136,45.548269013600944,-31.139978326015846,22.1432056427002,6.0,180.0
-112.28395723657164,44.819784034743215,-31.78108885658452,22.24272346496582,6.0,180.0
-109.38614263928667,44.22184802591124,-32.423333412614284,22.34328651428223,6.0,180.0
-106.42217167472504,43.88358540194725,-32.893892901829105,22.44383811950684,6.0,180.0
-103.5988184930986,43.608895930895656,-33.15540976179251,22.5435962677002,6.0,180.0
-101.08353577077108,43.36086001013961,-33.58232023396495,22.64364814758301,6.0,180.0
-98.7386946763632,43.11287362181021,-34.183775835354126,22.64364814758301,6.0,180.0
-96.37252901382726,42.746657873664645,-34.73188389845864,22.74348258972168,6.0,180.0
-93.90313700599675,42.24149476438042,-35.29892671357855,22.84337043762207,6.0,180.0
-91.31202805847488,41.63394283973874,-35.90815987441023,22.94361877441406,6.0,180.0
-88.6677224803185,41.02407001961399,-36.408839221805785,23.04342651367188,6.0,180.0
-85.97733351779578,40.64156385336413,-36.66472914866861,23.14325523376465,6.0,180.0
-83.12617270689567,40.464021159899744,-36.84592817855393,23.24349975585938,6.0,180.0
-79.88146421265682,40.30890434429487,-37.19138487161635,23.34372329711914,6.0,180.0
-76.41379431513144,40.16144005441117,-37.65103830359691,23.34372329711914,6.0,180.0
-73.18444889395347,39.95668919481042,-38.13540586887535,23.4436149597168,6.0,180.0
-70.35788460425513,39.62901876124542,-38.65934171990675,23.54366302490234,6.0,180.0
-67.82595157740238,39.021454068674345,-39.445388738671056,23.64357948303223,6.0,180.0
-65.45162469324194,38.16522790840149,-40.51333753383974,23.74351119995117,6.0,180.0
-63.235978811087655,37.44844325152789,-41.50397679493436,23.84349632263184,6.0,180.0
-61.07894016851263,37.08991608958392,-42.20307094273957,23.94346046447754,6.0,180.0
-58.78447425782073,37.01100460989761,-42.51975766468009,23.94346046447754,6.0,180.0
-56.38457768120315,36.977914605052575,-42.55377645323492,24.04341888427734,6.0,180.0
-53.96426006498152,36.79201911975952,-42.70737994150088,24.14341735839844,6.0,180.0
-51.4485834375351,36.39205527518892,-43.242086717321015,24.24343681335449,6.0,180.0
-48.77335156520229,35.80720522316506,-43.87217048764367,24.34352493286133,6.0,180.0
-46.02887251363276,35.13966794004183,-44.296047646626775,24.44338798522949,6.0,180.0
-43.38248929488044,34.52403735253019,-44.75152943752387,24.54343223571777,6.0,180.0
-40.744057108519,33.87605298117539,-45.326821241016106,24.64358520507812,6.0,180.0
-38.06496359304532,33.21003751654419,-45.791171542898766,24.64358520507812,6.0,180.0
-35.475823729404006,32.833864351492124,-46.02994852233374,24.74345207214355,6.0,180.0
-32.991541708260634,32.56516749532022,-46.28771688812829,24.84354400634766,6.0,180.0
-30.655410443930045,32.18148273472066,-46.83640821438504,24.94340515136719,6.0,180.0
-28.45180873641352,31.998756086061345,-47.51893291465,25.04319381713867,6.0,180.0
-26.223143283962145,32.006884198565984,-48.19168445781847,25.14350318908691,6.0,180.0
-23.83729621765336,31.87888106943279,-48.71005878547972,25.24371337890625,6.0,180.0
-21.230323565099567,31.620330517717257,-49.06665458512306,25.24371337890625,6.0,180.0
-18.39491542007036,31.406982388016893,-49.46691757419434,25.34358596801758,6.0,180.0
-15.392391304212452,31.03209012671109,-49.89151199262991,25.44357681274414,6.0,180.0
-12.38434754746224,30.16057035909273,-50.34900653073356,25.54340744018555,6.0,180.0
-9.473253787842417,29.02856611671528,-51.00405610100791,25.64346885681152,6.0,180.0
-6.588014642551151,28.14132455173149,-51.91390521929637,25.7435474395752,6.0,180.0
-3.739076422610261,27.519494368306425,-52.93230573544139,25.8433895111084,6.0,180.0
-1.1111500704840438,26.9558438675494,-53.87301483908944,25.94328498840332,6.0,180.0
1.2644675811932942,26.473080293192027,-54.56740592761249,25.94328498840332,6.0,180.0
3.608591652255015,26.12243105108596,-54.92385580502199,26.04348182678223,6.0,180.0
6.044646100320904,25.9073258582802,-55.02036007171451,26.14365577697754,6.0,180.0
8.499068726038793,25.71244465945328,-54.95961619812561,26.24370384216309,6.0,180.0
10.77283006613802,25.404129229502,-54.93030603470381,26.34356307983398,6.0,180.0
12.844751226568969,24.90857480306323,-55.14973063888408,26.44336891174316,6.0,180.0
14.843904181466812,24.23494441658969,-55.55469515094822,26.54345512390137,6.0,180.0
16.815629422254617,23.455922120620595,-55.998845136885365,26.64355087280273,6.0,180.0
18.853425174648105,22.66411502248576,-56.44161757832767,26.64355087280273,6.0,180.0
21.04471575826708,21.96102056326177,-56.94415063167982,26.74341773986816,6.0,180.0
23.32433861093557,21.27373794880605,-57.62452116968952,26.84312057495117,6.0,180.0
25.628393645787668,20.52076975177112,-58.23677006686998,26.9433650970459,6.0,180.0
28.170445036660155,19.715844102195227,-58.55351817203722,27.0438232421875,6.0,180.0
30.9970717601892,18.94892828139051,-58.903237227744015,27.14377975463867,6.0,180.0
33.8550603971835,18.38511525066838,-59.28668225534263,27.24352073669434,6.0,180.0
36.56819636691728,18.118303949223552,-59.40243117097468,27.24352073669434,6.0,180.0
38.9965775791334,18.09918420174725,-59.431325453910695,27.34329795837402,6.0,180.0
41.16001016342739,18.13026464789869,-59.39265217448134,27.44349479675293,6.0,180.0
43.27820034203204,17.978369498779514,-59.24794306962306,27.543701171875,6.0,180.0
45.48225212969258,17.60576223024159,-59.25358566888022,27.64355278015137,6.0,180.0
47.613992514538566,17.095042495413246,-59.45194085778424,27.74304389953613,6.0,180.0
49.53340907091015,16.535249915684624,-59.80293215552253,27.84303283691406,6.0,180.0
51.40754793523337,16.06139871196187,-60.28185888792535,27.94360733032227,6.0,180.0
53.39378442927831,15.694939563487733,-60.77505114060202,27.94360733032227,6.0,180.0
55.56147613491481,15.455416048062904,-61.22118929233689,28.04385375976562,6.0,180.0
57.87094605649233,15.37516717711409,-61.73243865712229,28.14353179931641,6.0,180.0
60.174573998232006,15.19193273522976,-62.32566013622629,28.24319839477539,6.0,180.0
62.44381479852112,14.775660174362743,-62.7967923742117,28.34334754943848,6.0,180.0
64.73067042246588,14.347109466420312,-63.107692469970885,28.44366645812988,6.0,180.0
67.08890315698248,13.990841842285054,-63.43321690490612,28.5435791015625,6.0,180.0
69.5259825891609,13.696849185842884,-63.87329005246392,28.5435791015625,6.0,180.0
72.11078520200564,13.405379398229224,-64.38658914276222,28.64323806762695,6.0,180.0
74.79720111602529,12.934706144331292,-64.99008599799232,28.74355316162109,6.0,180.0
77.3252687731784,12.43642720581222,-65.81168538347475,28.84357070922852,6.0,180.0
79.67622284175042,12.17139321295725,-66.7211683983741,28.9437255859375,6.0,180.0
81.84652195035581,11.957987255646994,-67.41891607695659,29.04361343383789,6.0,180.0
83.81184199865318,11.657990551017006,-67.94043243592972,29.14358329772949,6.0,180.0
85.86074207562217,11.37908572644356,-68.48167929553674,29.24333381652832,6.0,180.0
87.9948102517166,11.25399644282781,-68.98595500469544,29.24333381652832,6.0,180.0
89.87025697227831,11.390211579856482,-69.418276156834,29.34347724914551,6.0,180.0
91.53224877198686,11.516694698977137,-69.86370423986646,29.44361114501953,6.0,180.0
93.20302174709072,11.300312577798772,-70.23035973375173,29.54309844970703,6.0,180.0
94.88159475849534,10.867349940712568,-70.62211102022042,29.64320945739746,6.0,180.0
96.44043165295706,10.383362556647311,-71.24719345378135,29.74365615844727,6.0,180.0
97.95124638762697,9.87889418859973,-72.08271642735059,29.84385299682617,6.0,180.0
99.65913118887352,9.474089648882485,-73.07606364791482,29.84385299682617,6.0,180.0
101.68897511621094,9.16927651446051,-74.01226955241786,29.94369888305664,6.0,180.0
104.02240767998728,8.781339328083854,-74.59419752729897,30.04355239868164,6.0,180.0
106.42464795329272,8.246096446099415,-74.76906824338434,30.14358711242676,6.0,180.0
108.7314856891006,7.616921164821129,-74.79952828052716,30.24362754821777,6.0,180.0
110.94476246884548,7.062484623160323,-74.98457089139919,30.34355163574219,6.0,180.0
113.20200052316784,6.748806797515726,-75.48597607140417,30.44352340698242,6.0,180.0
115.37012012125508,6.580990499111685,-76.24276913078096,30.5433406829834,6.0,180.0
117.01164918862,6.336248606885622,-76.93960867737226,30.5433406829834,6.0,180.0
118.27003114710271,6.018300491755882,-77.40787005685843,30.64353942871094,6.0,180.0
119.63199908802191,5.725336537917448,-77.5577149450531,30.74357986450195,6.0,180.0
121.25603554240712,5.3747271273064445,-77.39449605168157,30.84339714050293,6.0,180.0
123.08256777017026,4.969697434044074,-77.22300540100846,30.94338989257812,6.0,180.0
124.9680100464696,4.640394437171498,-77.14347271484507,31.04347991943359,6.0,180.0
126.77468553593096,4.392189094330462,-76.90889057381953,31.14353370666504,6.0,180.0
128.59120819067573,4.177516004446391,-76.53669703617112,31.24358558654785,6.0,180.0
130.54025535720243,4.033673273673413,-76.31053404505667,31.24358558654785,6.0,180.0
132.31986125259266,3.933802046151529,-76.27411321902252,31.34346580505371,6.0,180.0
133.72298125300307,3.692509394022913,-76.43933210720184,31.44334411621094,6.0,180.0
135.17426656958943,3.1712538895534887,-76.86386459405747,31.54342651367188,6.0,180.0
136.90457529931507,2.5291971503413606,-77.55512204929394,31.64353179931641,6.0,180.0
138.82146894539525,2.066100565013448,-78.5728548295368,31.74345779418945,6.0,180.0
140.9913380009501,1.8145781164450483,-79.75507766258464,31.84348678588867,6.0,180.0
143.28705949686267,1.5331996658357774,-80.82905364414084,31.84348678588867,6.0,180.0
145.3038801393734,1.150676412453734,-81.74028282858188,31.94343376159668,6.0,180.0
147.1639934897145,0.880897786231241,-82.5706157942327,32.04350662231445,6.0,180.0
149.08579453780385,0.5926313857691632,-83.29187099675624,32.14363479614258,6.0,180.0
150.8762585346581,0.0407406701524042,-83.78845647581238,32.24356079101562,6.0,180.0
152.6830233243166,-0.5168510066646181,-84.17674053048304,32.34345626831055,6.0,180.0
154.61968312504823,-0.8533514389263797,-84.63854045397491,32.44343948364258,6.0,180.0
156.65501707064348,-1.065979385639361,-85.08296576345879,32.54338073730469,6.0,180.0
158.77026110639326,-1.4635422833120906,-85.36642539616928,32.54338073730469,6.0,180.0
160.77897040831795,-2.098488425511192,-85.50732090387416,32.64355087280273,6.0,180.0
162.65452347660062,-2.5583014158081845,-85.61151116253075,32.74357223510742,6.0,180.0
164.5019737025563,-2.7489241264967603,-85.70474149094532,32.84336090087891,6.0,180.0
166.44132397280646,-2.8241618578382983,-85.91348463669962,32.94346237182617,6.0,180.0
168.4031861913113,-2.7428467670478014,-86.4013027763649,33.04341506958008,6.0,180.0
170.16252583020582,-2.723031048156928,-86.87606861798,33.14348220825195,6.0,180.0
171.78704641874273,-2.9889674217115862,-87.14617111624185,33.14348220825195,6.0,180.0
173.38428746440064,-3.3251916774898325,-87.27943947022365,33.24364852905273,6.0,180.0
174.92403723042668,-3.5742533952466697,-87.15163822491117,33.34349060058594,6.0,180.0
176.37278925675335,-3.804177241917977,-86.89228440340264,33.44345092773438,6.0,180.0
177.81258853184377,-4.070871801446517,-86.84678010245386,33.54358673095703,6.0,180.0
179.3729133237457,-4.3524689936930745,-87.00011505368627,33.64359283447266,6.0,180.0
180.89997238047107,-4.648973254487789,-87.17906167490237,33.74358367919922,6.0,180.0
182.35625339902373,-5.063745345021005,-87.51851570197361,33.84349822998047,6.0,180.0
183.86512091393703,-5.53891795892072,-88.04221746829015,33.84349822998047,6.0,180.0
185.3718579498569,-5.941229492434076,-88.43597349251093,33.94335556030273,6.0,180.0
186.77055889103065,-6.354149509917145,-88.65256431027005,34.04351043701172,6.0,180.0
188.0640561595796,-6.872401191902622,-89.0343009155328,34.14362335205078,6.0,180.0
189.4686061139749,-7.458731101890315,-89.68548836699543,34.24341583251953,6.0,180.0
191.24217154221844,-7.991079790768712,-90.20284387614856,34.34348297119141,6.0,180.0
193.3055618937368,-8.443797070071591,-90.52605711253806,34.44352340698242,6.0,180.0
195.34648745677043,-8.976724330595195,-90.9317087454331,34.44352340698242,6.0,180.0
197.266784611246,-9.56681190921132,-91.4245697498813,34.54350280761719,6.0,180.0
199.15214622976464,-9.911579545634794,-91.99271810980864,34.64357376098633,6.0,180.0
200.9319109883729,-9.98427814128002,-92.50448225732768,34.74344635009766,6.0,180.0
202.4024941173427,-9.903874590318283,-92.77155468721972,34.84355545043945,6.0,180.0
203.6728420849255,-9.745885432806888,-92.73371262715192,34.94358444213867,6.0,180.0
205.06083164502283,-9.710412013696857,-92.42728189870836,35.04339218139648,6.0,180.0
206.48109387701192,-9.775642074737103,-92.06519052095396,35.14343643188477,6.0,180.0
207.79798848708788,-9.889173502745605,-91.82926699801668,35.14343643188477,6.0,180.0
209.16841632721284,-10.18680984494113,-91.8631113187692,35.243408203125,6.0,180.0
210.6425837489271,-10.782174441731836,-92.36296548543216,35.34336090087891,6.0,180.0
212.2072601182058,-11.475150919299256,-93.26647490632526,35.44354629516602,6.0,180.0
213.6342082639179,-11.85392967050526,-94.04269222714504,35.54344940185547,6.0,180.0
214.946070633608,-12.111605712106948,-94.3515196426492,35.64346313476562,6.0,180.0
216.62999971389328,-12.487626009021758,-94.34044175381352,35.74342346191406,6.0,180.0
218.3830442548062,-12.668076246556442,-94.1246619069457,35.74342346191406,6.0,180.0
219.82004469723933,-12.57395457463118,-93.9769636124236,35.84344100952148,6.0,180.0
221.2037954844052,-12.4015862844656,-94.02418998108745,35.94343948364258,6.0,180.0
222.41480501155328,-12.257920128876838,-94.00539811982046,36.04310989379883,6.0,180.0
223.2346239146134,-12.189136929072545,-94.0603815606961,36.14326095581055,6.0,180.0
223.7566983981087,-12.21840884922356,-94.31088545460662,36.24371719360352,6.0,180.0
224.179352203681,-12.41189488655037,-94.38907471115851,36.34374237060547,6.0,180.0
224.71119815931831,-12.870133791103536,-94.16435087100534,36.44357681274414,6.0,180.0
225.46994817082583,-13.539565863530605,-93.80657405043551,36.44357681274414,6.0,180.0
226.5630340867629,-14.168936844851894,-93.47216421078777,36.54354858398438,6.0,180.0
227.9787614871572,-14.69392632000825,-93.2434829680866,36.64346313476562,6.0,180.0
229.4501732749725,-15.271403595340145,-92.9079663655388,36.743408203125,6.0,180.0
230.86610444181247,-15.849632784943758,-92.4968898805376,36.84353256225586,6.0,180.0
232.36437314019616,-16.31583736990189,-92.39037643077997,36.94318389892578,6.0,180.0
233.8338592514686,-16.698722366229493,-92.5918185724831,37.04318237304688,6.0,180.0
235.08918341125303,-17.079699783033824,-92.90646562312624,37.14373397827148,6.0,180.0
236.0582690497904,-17.438130750141475,-93.12549471961364,37.14373397827148,6.0,180.0
236.8896603887402,-17.689986040012023,-93.23412646757404,37.24371719360352,6.0,180.0
238.0362521383944,-17.91363785193898,-93.38467104850616,37.34354782104492,6.0,180.0
239.6490889667856,-18.27627889058111,-93.40261476490129,37.44350051879883,6.0,180.0
241.3837943360064,-18.71466184139984,-93.27829456178644,37.54344177246094,6.0,180.0
242.801272354903,-19.05094695435844,-93.34416866942706,37.64371109008789,6.0,180.0
243.84798118266968,-19.44329939669881,-93.7481410954564,37.74359893798828,6.0,180.0
244.9396563408652,-20.01479127181727,-94.51940249496108,37.74359893798828,6.0,180.0
246.3004360752276,-20.66210277829467,-95.49498275712476,37.84339904785156,6.0,180.0
247.6926307269874,-21.238627079048108,-96.35424504039864,37.94339752197266,6.0,180.0
248.9223975258176,-21.549872624199647,-97.0194351962842,38.04358291625977,6.0,180.0
250.11047904228144,-21.629229106176147,-97.49505985769952,38.14365768432617,6.0,180.0
251.2867752252206,-21.680221619080527,-97.79194997261249,38.24357223510742,6.0,180.0
252.44683153251435,-21.80165542478453,-98.00474352923663,38.34347152709961,6.0,180.0
253.7118099734316,-21.91609542823368,-98.09225604301372,38.44350051879883,6.0,180.0
255.10898754022583,-21.92502492964278,-97.9497184285803,38.44350051879883,6.0,180.0
256.7018241980691,-21.872064066827782,-97.72923914895831,38.5435676574707,6.0,180.0
258.3289939309889,-21.865884768824824,-97.75328765228846,38.64347457885742,6.0,180.0
259.6823324231203,-21.968943435513893,-98.11432954528873,38.74351119995117,6.0,180.0
260.86142540872146,-22.30563295477223,-98.5822959647244,38.84351348876953,6.0,180.0
262.08827250183947,-22.972971406791515,-98.91241118944156,38.94354248046875,6.0,180.0
263.1669270250701,-23.8161198203622,-98.9732922641646,39.04349136352539,6.0,180.0
263.9679163719366,-24.5655504210792,-98.81009177633858,39.04349136352539,6.0,180.0
264.6901930910506,-25.084875463736548,-98.62358718005432,39.14331436157227,6.0,180.0
265.4941495385692,-25.458948823146454,-98.45939956620325,39.24332809448242,6.0,180.0
266.49487346911405,-25.737600851964647,-98.31444815520835,39.34338760375977,6.0,180.0
267.5318486376499,-26.03233173829615,-98.28942112958968,39.44345092773438,6.0,180.0
268.42777565167205,-26.41551471479137,-98.44614701688856,39.54337310791016,6.0,180.0
269.31954486533624,-26.71379964740136,-98.76290196280615,39.64350128173828,6.0,180.0
270.3257347502823,-26.89805053255469,-99.20860990902936,39.7435302734375,6.0,180.0
271.45926046667654,-27.02948037801201,-99.63785470008318,39.7435302734375,6.0,180.0
272.83747719259486,-27.143598353226537,-99.82714423525752,39.84350204467773,6.0,180.0
274.475026491138,-27.274161143117546,-99.8852555160528,39.94351959228516,6.0,180.0
275.9899348800576,-27.42602045036365,-100.13688514458242,40.04349136352539,6.0,180.0
277.1915014283784,-27.494128744876846,-100.74797257197751,40.14355850219727,6.0,180.0
278.29278676378567,-27.31405944623998,-101.5387237758322,40.24360656738281,6.0,180.0
279.1961992462828,-27.012102580955407,-102.27104464503174,40.34345245361328,6.0,180.0
279.6797236531342,-26.85503227936364,-102.87916854652914,40.34345245361328,6.0,180.0
279.9780209644166,-27.022371003550887,-103.28477962110794,40.44355392456055,6.0,180.0
280.620205943825,-27.47171010275777,-103.592824317932,40.54351043701172,6.0,180.0
281.9051766715171,-28.026102403205684,-103.9747755884331,40.64346694946289,6.0,180.0
283.41484291429765,-28.671968122084387,-104.2785059300004,40.74355316162109,6.0,180.0
284.499064083492,-29.18086454377684,-104.19119268762772,40.84343719482422,6.0,180.0
285.2693772644908,-29.290159665459672,-103.717046302272,40.94347763061523,6.0,180.0
286.2410218546195,-29.20619217196883,-103.12680774229104,41.04347991943359,6.0,180.0
287.4936679207566,-29.26858732448636,-102.55216775591724,41.04347991943359,6.0,180.0
288.8500553368912,-29.526158414226565,-101.92265519641155,41.14343643188477,6.0,180.0
290.20951694020226,-29.792755928071205,-101.391412026894,41.24347686767578,6.0,180.0
291.7873705375206,-30.03591446606994,-101.35063538452872,41.34349060058594,6.0,180.0
293.65027565447974,-30.32265191425133,-101.57989943514072,41.44346618652344,6.0,180.0
295.4810507328108,-30.72437276705622,-101.55495543165873,41.54341888427734,6.0,180.0
297.0763323160364,-31.22221375762852,-101.33702180072036,41.64337158203125,6.0,180.0
298.3769957963387,-31.705141698712666,-101.27339416697288,41.74367904663086,6.0,180.0
299.5233058188708,-32.15228059957339,-101.5231931275867,41.74367904663086,6.0,180.0
300.538032936631,-32.388902591991986,-102.04794544891465,41.84374237060547,6.0,180.0
301.30837850521385,-32.41256755638467,-102.6077045961378,41.9436149597168,6.0,180.0
301.98965673562253,-32.49982402149838,-103.04241872640632,42.04352188110352,6.0,180.0
302.6950217050647,-32.740101314417544,-103.43403690306737,42.14357757568359,6.0,180.0
303.3719200162776,-33.13894226807568,-103.68189148967332,42.24349594116211,6.0,180.0
303.9826755363165,-33.66694285452739,-103.67079234918278,42.34357833862305,6.0,180.0
304.6712961316462,-34.24660173112467,-103.64136530295596,42.34357833862305,6.0,180.0
305.8671168962283,-34.81834970402735,-103.9087525023593,42.4431037902832,6.0,180.0
307.75006841009434,-35.26324498138005,-104.38511799469052,42.54275512695312,6.0,180.0
310.11603810348663,-35.56667831477472,-104.82542654186524,42.64341735839844,6.0,180.0
312.76115911908573,-35.85000242343942,-105.21015280392469,42.74386596679688,6.0,180.0
315.61403445513355,-36.10521544190805,-105.61599454573876,42.84372329711914,6.0,180.0
318.4153351066552,-36.18906127404644,-106.0198976916489,42.94344711303711,6.0,180.0
320.55160052980966,-36.08104468563828,-106.1439501516716,43.04319763183594,6.0,180.0
321.6376086964566,-35.945023600790705,-105.80931234856344,43.04319763183594,6.0,180.0
322.14213136006794,-35.92929119564068,-105.27467411270936,43.14336013793945,6.0,180.0
322.7171291149157,-35.990552117620595,-104.88038588169746,43.24370193481445,6.0,180.0
322.9037362122285,-35.99650385593052,-104.62443339077709,43.34309005737305,6.0,180.0
322.310789043279,-36.03333716498647,-104.49326111566558,43.44305038452148,6.0,180.0
321.535360234054,-36.12668863966786,-104.58772334584552,43.54351806640625,6.0,180.0
320.9523316764788,-36.12454695123988,-104.80222730224185,43.64384460449219,6.0,180.0
320.6248776708212,-36.08934209347724,-105.09418508239362,43.64384460449219,6.0,180.0
320.44579212286817,-36.28132322848517,-105.42879215488423,43.74391555786133,6.0,180.0
320.2310792656364,-36.6882609653228,-105.80098138090696,43.84362030029297,6.0,180.0
320.08590064267617,-36.9987506008554,-106.26037556286032,43.94326400756836,6.0,180.0
320.09179163616307,-37.14628860934744,-106.63619170859938,44.04336547851562,6.0,180.0
320.2283068877369,-37.31020582438361,-106.82558307226824,44.1436653137207,6.0,180.0
320.52628650665554,-37.528879221656936,-106.68141432642358,44.24354934692383,6.0,180.0
320.8035982477924,-37.69341614904484,-106.02288885517768,44.34333801269531,6.0,180.0
320.86830541289555,-37.83205164491525,-105.33029840322158,44.34333801269531,6.0,180.0
320.9398328634109,-38.03151201236831,-105.15686361727516,44.44328308105469,6.0,180.0
321.2916852352709,-38.323534586747,-105.21690185429163,44.5435905456543,6.0,180.0
322.02184337796155,-38.60658445134488,-105.1718550606578,44.64379501342773,6.0,180.0
323.0422731999188,-38.71709963323769,-105.05449593530338,44.74356079101562,6.0,180.0
324.1566248088655,-38.77967388773742,-105.0939875298597,44.84350967407227,6.0,180.0
325.1906686042159,-38.88350078351252,-105.35703709224872,44.94356536865234,6.0,180.0
326.2497333290306,-39.02006941945196,-105.576377398968,44.94356536865234,6.0,180.0
327.5358033627974,-39.36749822833799,-105.65855211948892,45.04344177246094,6.0,180.0
328.8102330807045,-39.850151008003095,-105.57263790048174,45.14353561401367,6.0,180.0
329.7185339034868,-40.04952670482967,-105.3216626490379,45.24362564086914,6.0,180.0
330.2791791047339,-39.97689452548305,-105.12115588118378,45.34348678588867,6.0,180.0
330.6944895154596,-40.07443020458379,-105.1407821685328,45.44351196289062,6.0,180.0
330.963617016286,-40.363484566197215,-105.24134983000864,45.54341125488281,6.0,180.0
331.1549191438731,-40.5282198199376,-105.31726570601316,45.64348983764648,6.0,180.0
331.4943352145462,-40.56618608150053,-105.41320562570915,45.64348983764648,6.0,180.0
332.03422495796724,-40.61492200304506,-105.2957384858013,45.7435417175293,6.0,180.0
332.7197606429425,-40.61951873221837,-104.83720562100004,45.84346389770508,6.0,180.0
333.52090173951785,-40.59190438413033,-104.20655709420512,45.94342803955078,6.0,180.0
334.2765842026177,-40.61204679878739,-103.63175198000329,46.04342269897461,6.0,180.0
334.8745490617818,-40.77490444366467,-103.269963093775,46.14351272583008,6.0,180.0
335.5532246651902,-41.05740543429629,-103.19796191563184,46.24355316162109,6.0,180.0
336.42158944747547,-41.08185619283908,-103.57264128947304,46.34348297119141,6.0,180.0
337.2664518962131,-40.69916823357941,-104.29034553973965,46.34348297119141,6.0,180.0
337.9460096355011,-40.26920242708712,-105.0528090872388,46.44345474243164,6.0,180.0
338.48504408601826,-39.97388980638683,-105.48986241750688,46.54348754882812,6.0,180.0
338.92463766234374,-39.81520563685714,-105.52952341213243,46.64348983764648,6.0,180.0
339.4867366468934,-39.94130239927664,-105.6708383016246,46.74342346191406,6.0,180.0
340.3011533451969,-40.28458774511197,-106.06658666902382,46.84337997436523,6.0,180.0
341.0774435486685,-40.69750487184456,-106.41136891325174,46.94340515136719,6.0,180.0
341.6994772382849,-40.978395421865,-106.57286440770665,46.94340515136719,6.0,180.0
342.2239139717374,-40.85116537504298,-106.62941615131264,47.04344940185547,6.0,180.0
342.5701676256901,-40.548571087080056,-106.57236748324316,47.14365005493164,6.0,180.0
342.6548764567535,-40.4995698939298,-106.203334891544,47.24356842041016,6.0,180.0
342.52863968833594,-40.72070616946064,-105.57254855442793,47.34345626831055,6.0,180.0
342.44987125425496,-40.94000472233503,-105.13669877766782,47.44353103637695,6.0,180.0
342.71478720854776,-40.93622186642838,-105.11746955742024,47.54338836669922,6.0,180.0
343.38935056720265,-40.750801368657946,-105.37111051913304,47.64350509643555,6.0,180.0
344.216614615686,-40.71242424580166,-105.70496845765076,47.64350509643555,6.0,180.0
344.85308859521234,-40.981250405280335,-105.88352486802694,47.74351501464844,6.0,180.0
345.38411514989843,-41.39191590976222,-105.93567405572236,47.84338760375977,6.0,180.0
345.9861710057905,-41.80353406609418,-106.00485517938662,47.94350051879883,6.0,180.0
346.46340014647626,-42.21789974314631,-106.03248932127838,48.04347991943359,6.0,180.0
346.71421897465984,-42.67781595901467,-106.13402632274868,48.14362716674805,6.0,180.0
346.89422541511027,-42.925105179196805,-106.25409601531756,48.24356460571289,6.0,180.0
347.21290167187794,-42.77180788581704,-106.16092500378392,48.24356460571289,6.0,180.0
347.61097885889427,-42.53957413385336,-106.05955534072524,48.34340286254883,6.0,180.0
347.8104804655785,-42.52171279074484,-106.23056614906768,48.44342803955078,6.0,180.0
347.7781397534783,-42.55442276418896,-106.70187551861125,48.54339981079102,6.0,180.0
347.86718765607134,-42.49936233120549,-107.251555553046,48.64360046386719,6.0,180.0
348.28513276873497,-42.57600418439229,-107.79287155858609,48.74369430541992,6.0,180.0
348.9211620764074,-42.85412341944586,-108.41646325129553,48.84344482421875,6.0,180.0
349.6328909408918,-43.22009149530628,-108.94113986361936,48.94314193725586,6.0,180.0
350.26765474044555,-43.589497994745145,-109.27756340573484,48.94314193725586,6.0,180.0
350.80244271219806,-43.86808281065407,-109.57202167066184,49.04345703125,6.0,180.0
351.07421000916804,-44.0542711573937,-109.81376175251006,49.14375686645508,6.0,180.0
350.9544139109901,-44.15753127468892,-109.85936928708416,49.24357986450195,6.0,180.0
350.80458203171054,-44.18914367089552,-109.82572452597472,49.34358596801758,6.0,180.0
350.7641375505124,-44.19389484225626,-109.770761369939,49.44343185424805,6.0,180.0
350.65496447150883,-44.23422240444269,-109.64838193374187,49.54352569580078,6.0,180.0
350.71207654605314,-44.406696350066944,-109.63483477858904,49.54352569580078,6.0,180.0
350.9783644051839,-44.68878970214794,-109.73906960852226,49.64365005493164,6.0,180.0
351.22489058468744,-44.90605069935294,-109.7781761346004,49.74343109130859,6.0,180.0
351.6076821946119,-44.93859151187441,-109.48625835204555,49.84295654296875,6.0,180.0
352.2403975116501,-44.86178086445972,-108.8186496428817,49.94326019287109,6.0,180.0
353.0326341951458,-44.83161860170634,-108.07472680484004,50.04367446899414,6.0,180.0
353.7750287242253,-45.008796920566965,-107.4188260968712,50.14380264282227,6.0,180.0
354.212360472354,-45.330453301324376,-106.8204233781118,50.24368286132812,6.0,180.0
354.2800914246069,-45.5038317883574,-106.43301000052864,50.24368286132812,6.0,180.0
354.2328153825267,-45.4962200670992,-106.558642949465,50.34338760375977,6.0,180.0
354.59608527616626,-45.52146547993496,-107.04181320687916,50.44334411621094,6.0,180.0
355.4682313346339,-45.58282292155798,-107.50840086558168,50.54351043701172,6.0,180.0
356.2298058549612,-45.56495189913406,-107.86268606284249,50.64339828491211,6.0,180.0
356.43345927086045,-45.51766372948764,-108.07398846905414,50.74289321899414,6.0,180.0
356.2604643372135,-45.57946078036935,-108.14811000692104,50.8433837890625,6.0,180.0
356.0679184203637,-45.83872078110451,-108.1279198284326,50.8433837890625,6.0,180.0
355.99441668554186,-46.05741626221807,-107.99582266869416,50.94382476806641,6.0,180.0
356.13444774935755,-46.02397412723157,-107.85022966249151,51.04381561279297,6.0,180.0
356.6930637220995,-46.03102788325278,-107.76270012030471,51.14361190795898,6.0,180.0
357.4183478440125,-46.35491185630235,-107.60691216005856,51.2435417175293,6.0,180.0
357.7822675304625,-46.89647875321465,-107.52973308574288,51.34356307983398,6.0,180.0
357.7218940700935,-47.32388360720941,-107.60953861094907,51.44356155395508,6.0,180.0
357.51083203345775,-47.415983292050015,-107.7622615168842,51.54351425170898,6.0,180.0
357.24952651941703,-47.2437462693033,-108.01301410787832,51.54351425170898,6.0,180.0
356.9797921310192,-47.014441725943385,-108.21852104174955,51.64336013793945,6.0,180.0
357.0022313199863,-46.9193870862406,-108.3327715547653,51.74343490600586,6.0,180.0
357.2877805548525,-46.847676479802814,-108.35145281783844,51.84367752075195,6.0,180.0
357.4365843659796,-46.75185857241051,-108.2605878820762,51.94364929199219,6.0,180.0
357.62566291100484,-46.84686046416,-108.08605346948616,52.04343414306641,6.0,180.0
358.35684769966787,-46.9492358994504,-107.8452621013571,52.14348602294922,6.0,180.0
359.45064490463375,-46.89664109339341,-107.72716292629909,52.24346160888672,6.0,180.0
360.4406459922624,-46.969438401187645,-107.93304925365806,52.24346160888672,6.0,180.0
361.0052128166939,-47.15505917680375,-108.3149021819394,52.34354400634766,6.0,180.0
361.04453869749415,-47.25877612984179,-108.56417380449535,52.44372940063477,6.0,180.0
361.0729088308826,-47.352597905577774,-108.68994647768616,52.54352569580078,6.0,180.0
361.3003955407722,-47.44641080905161,-108.73974926425294,52.64347076416016,6.0,180.0
361.5012592494202,-47.611200806517125,-108.77888687009047,52.74340438842773,6.0,180.0
361.8340304793877,-47.83597621417413,-108.89702456107034,52.84336853027344,6.0,180.0
362.2616474484376,-47.779662663727045,-108.83527585839175,52.84336853027344,6.0,180.0
362.6062851181872,-47.464969367554936,-108.49483300309996,52.9434928894043,6.0,180.0
362.96430503085816,-47.21447370211402,-108.23256667407588,53.04347610473633,6.0,180.0
363.39258435676334,-47.11531035127163,-108.28588499191434,53.14347076416016,6.0,180.0
364.1052277489139,-47.12726543627764,-108.5675002198869,53.2435188293457,6.0,180.0
364.8712987073014,-47.19076133909631,-108.96219006172024,53.3433952331543,6.0,180.0
364.9660695925375,-47.2514055422182,-109.2642521283646,53.44346237182617,6.0,180.0
364.6435831836746,-47.30543314779496,-109.23315277863436,53.54357528686523,6.0,180.0
364.52822581573366,-47.338214657651065,-108.95122668762332,53.54357528686523,6.0,180.0
364.4910842815026,-47.383893385115385,-108.6791975446384,53.64345550537109,6.0,180.0
364.3270098650105,-47.43970574532845,-108.44958717537168,53.74347686767578,6.0,180.0
364.10570056754887,-47.50389794004819,-108.06999491410606,53.84349060058594,6.0,180.0
363.8909906971329,-47.71305239530621,-107.46018717066744,53.9433708190918,6.0,180.0
363.8058538060467,-47.984091720751614,-106.74586155137406,54.0435676574707,6.0,180.0
363.9353092867497,-48.2121565789217,-106.09307658518746,54.14357376098633,6.0,180.0
364.3069853017768,-48.50193618189493,-105.64860551840216,54.14357376098633,6.0,180.0
364.8506165327067,-48.80136357666945,-105.42741833708337,54.243408203125,6.0,180.0
365.2228993765855,-49.01859060703185,-105.36511850824658,54.34346008300781,6.0,180.0
365.2821466199363,-49.22662044111369,-105.41330397315012,54.44342803955078,6.0,180.0
365.1784011164498,-49.44913562678274,-105.25458729086355,54.54355621337891,6.0,180.0
364.99934337256406,-49.591588038580994,-104.77986366623315,54.64365768432617,6.0,180.0
364.6951029520525,-49.69903267961089,-104.5101902669401,54.74347305297852,6.0,180.0
364.2973093322722,-49.93011443034436,-104.78356509872584,54.84349060058594,6.0,180.0
364.00376473914986,-50.24713107213817,-105.38159156966157,54.84349060058594,6.0,180.0
363.854631186468,-50.40204613689704,-105.94033737728004,54.94346618652344,6.0,180.0
363.899447110812,-50.46149151401487,-106.32105480417007,55.04348373413086,6.0,180.0
364.1766589911618,-50.5410259345844,-106.64711724595864,55.14355850219727,6.0,180.0
364.450130530238,-50.35589652489949,-107.03636003478572,55.24352264404297,6.0,180.0
364.6385836350327,-49.92058422554924,-107.33286285200376,55.34350967407227,6.0,180.0
364.7055484667184,-49.49424414781873,-107.3967904484414,55.44353866577148,6.0,180.0
364.3628549065745,-49.17395656892543,-107.31946458982505,55.44353866577148,6.0,180.0
363.7341844018685,-49.0394729619791,-107.17793664218608,55.54352951049805,6.0,180.0
363.3980976255469,-49.05685708162807,-107.0682205557316,55.64349365234375,6.0,180.0
363.7002904874402,-49.05723857246118,-106.98765649872922,55.743408203125,6.0,180.0
364.40649849822665,-49.050811553689,-106.9619605490727,55.84337615966797,6.0,180.0
364.8876761846033,-49.01396851888583,-107.12420848664776,55.9434814453125,6.0,180.0
365.0521934934508,-48.881827185616665,-107.42269147640458,56.04373550415039,6.0,180.0
365.1990929581141,-48.76322125499486,-107.66662916864831,56.14360046386719,6.0,180.0
365.25632616726455,-48.67666798554591,-107.76156822278244,56.14360046386719,6.0,180.0
365.1554423988226,-48.67446054144609,-107.90356672879813,56.24352264404297,6.0,180.0
364.9494579584997,-48.74863300452405,-108.21700989393572,56.34350967407227,6.0,180.0
364.6475961082455,-48.70538563239373,-108.46158937868871,56.44336318969727,6.0,180.0
364.3613595022591,-48.36707633703908,-108.49187987236203,56.54341125488281,6.0,180.0
364.4481840928538,-47.98209637408518,-108.4718473838587,56.64346694946289,6.0,180.0
364.7912127532405,-47.96727103232741,-108.50942897442624,56.74345016479492,6.0,180.0
364.86390281234486,-48.01792308749362,-108.51463504172813,56.84362030029297,6.0,180.0
364.7744126024577,-47.7723065500318,-108.41964746293164,56.84362030029297,6.0,180.0
364.6679280747851,-47.45500778519037,-108.24837194522608,56.94350433349609,6.0,180.0
364.4790276888479,-47.196796884198896,-108.29709356705575,57.04338455200195,6.0,180.0
364.4292644744592,-46.94595951369352,-108.73147166646037,57.14340209960938,6.0,180.0
364.4587512465845,-46.799201585859535,-109.06850887618656,57.24342346191406,6.0,180.0
364.283780890859,-46.78986747321889,-108.99360997756048,57.34342575073242,6.0,180.0
364.0710136704028,-46.845467858267725,-108.68534996787952,57.44340133666992,6.0,180.0
363.88644460001774,-47.04009879838143,-108.37513618243504,57.44340133666992,6.0,180.0
363.7300679665062,-47.32181380464971,-108.19229707043569,57.54350280761719,6.0,180.0
364.032416472838,-47.45900503569637,-108.25351368718472,57.64369964599609,6.0,180.0
364.7685531634856,-47.38627110814159,-108.59819442965548,57.74348831176758,6.0,180.0
365.4555568567117,-47.23601774343737,-109.01420371311956,57.84334182739258,6.0,180.0
365.9263005298392,-47.204120050831015,-109.37296144309038,57.94338226318359,6.0,180.0
366.098705058942,-47.28957411757825,-109.61647767481789,58.04340744018555,6.0,180.0
366.02602895746406,-47.41916729625899,-109.64965087681898,58.14352798461914,6.0,180.0
365.9455266712139,-47.64380444884222,-109.50892341985156,58.14352798461914,6.0,180.0
365.81092493372216,-47.82534618811278,-109.39141976857304,58.24370574951172,6.0,180.0
365.49910452770325,-47.69907040377191,-109.36926047374251,58.34349822998047,6.0,180.0
365.1847320354874,-47.42245599805637,-109.37137082686895,58.44346237182617,6.0,180.0
365.1083292189393,-47.34151911740777,-109.53280414632444,58.54351806640625,6.0,180.0
365.0275954588661,-47.368743203707226,-109.8009425643359,58.6434326171875,6.0,180.0
364.5087239583907,-47.374032473255326,-109.9047277471643,58.7435188293457,6.0,180.0
363.8044406661819,-47.49752757640268,-109.78567326672024,58.7435188293457,6.0,180.0
363.3065573637621,-47.75377300205948,-109.43918572046216,58.84354400634766,6.0,180.0
362.9743540100724,-48.00772005118046,-108.99049230981836,58.94342803955078,6.0,180.0
362.7047874295284,-48.16227150872028,-108.8345859426721,59.04351425170898,6.0,180.0
362.45705808593385,-48.25289153567721,-108.91214684052082,59.14353179931641,6.0,180.0
362.18483724126247,-48.48173790781713,-108.75448827826268,59.24344635009766,6.0,180.0
361.8876153708815,-48.87137090245446,-108.60762140272,59.34356689453125,6.0,180.0
361.66921707317135,-49.13461750197955,-108.69315435100788,59.44351577758789,6.0,180.0
361.60822053470326,-49.15488597388767,-108.54312143402942,59.44351577758789,6.0,180.0
361.63856306724665,-49.06607826535989,-108.07319351187196,59.5434455871582,6.0,180.0
361.598899624047,-48.96052898035606,-107.5996383671697,59.64347839355469,6.0,180.0
361.4098568934114,-48.85757414539664,-107.31101273866268,59.74342727661133,6.0,180.0
361.1857085797218,-48.6749446761033,-107.13439391846364,59.84344482421875,6.0,180.0
361.1389511103622,-48.45473576064615,-106.95719889980944,59.94351577758789,6.0,180.0
361.2044988015673,-48.41857867491001,-106.79407724700378,60.04343795776367,6.0,180.0
361.2444686815448,-48.643684195912975,-106.61014330241824,60.04343795776367,6.0,180.0
361.41623078827024,-49.11136979305912,-106.41931286227958,60.14349365234375,6.0,180.0
361.7528492988845,-49.61350687542976,-106.20931568864935,60.2434196472168,6.0,180.0
361.9321516051223,-49.813017685050525,-106.0423125936568,60.34354400634766,6.0,180.0
361.7407819743879,-49.73952861618266,-105.95930911915524,60.44362640380859,6.0,180.0
361.2793138091112,-49.68031778896115,-105.85697246364728,60.54347610473633,6.0,180.0
360.6795598162552,-49.608342124236415,-105.75731135489858,60.64340591430664,6.0,180.0
359.959989163777,-49.291550220113166,-105.70804101022004,60.74348831176758,6.0,180.0
359.1192588142404,-48.81949689450788,-105.73646732816152,60.74348831176758,6.0,180.0
358.4314557304765,-48.49014827849396,-105.724922396822,60.84362411499023,6.0,180.0
358.21400590721026,-48.45288071950516,-105.47529028884928,60.94361877441406,6.0,180.0
358.34786403567807,-48.49946362518496,-104.96912956182312,61.04344177246094,6.0,180.0
358.6500097059533,-48.338440212777385,-104.28942307971128,61.14326477050781,6.0,180.0
359.02305228943567,-48.05463936900586,-103.60348205578646,61.24337005615234,6.0,180.0
359.25188742858023,-47.89364987773356,-103.12888972459298,61.34357070922852,6.0,180.0
359.1755302814743,-48.02176301254046,-102.84987841049671,61.44343948364258,6.0,180.0
358.7269025917336,-48.410329798925055,-102.5412033046076,61.44343948364258,6.0,180.0
358.1552411013281,-48.88379933938429,-102.00006594859758,61.54341506958008,6.0,180.0
357.7303881623224,-49.29554038446069,-101.33122822554668,61.64343643188477,6.0,180.0
357.3829548344892,-49.64546638851668,-100.95757604859496,61.74333953857422,6.0,180.0
357.2091420515278,-50.049470390894186,-100.94978073102097,61.84366989135742,6.0,180.0
357.3072887301021,-50.49647514655627,-101.0588887196012,61.9436149597168,6.0,180.0
357.3829169017544,-50.94917035348471,-101.200490093917,62.04348373413086,6.0,180.0
357.32507135747625,-51.28932324923325,-101.49713430152056,62.04348373413086,6.0,180.0
357.32499580216114,-51.41789634433574,-102.0105879601897,62.14337158203125,6.0,180.0
357.36068168875727,-51.33672986049708,-102.49342722285306,62.24348831176758,6.0,180.0
357.4110893806792,-51.11817096713087,-102.822433244867,62.3436164855957,6.0,180.0
357.57625178410274,-50.9632959966176,-103.06255814136752,62.44361877441406,6.0,180.0
357.9371259645201,-50.91662293857571,-103.06605711219584,62.5433235168457,6.0,180.0
358.2785643055053,-50.97245469453898,-102.78861714258107,62.64338302612305,6.0,180.0
358.32480232690546,-51.0844900582324,-102.53952447723373,62.74364471435547,6.0,180.0
358.3176852220338,-51.19171125688331,-102.50357977520258,62.74364471435547,6.0,180.0
358.3408057873503,-51.21223126158888,-102.352315179979,62.84367752075195,6.0,180.0
357.9663506770559,-50.973924194822494,-102.0002443900284,62.94353103637695,6.0,180.0
357.1082800701312,-50.68596979983322,-101.7744877892946,63.04325485229492,6.0,180.0
356.1766189001549,-50.63401218021342,-101.73477732320096,63.14327239990234,6.0,180.0
355.5586028884064,-50.658949310875045,-101.959578865082,63.24357223510742,6.0,180.0
355.4438312627776,-50.63997620113301,-102.37575923686236,63.34343719482422,6.0,180.0
355.61421279099045,-50.71666851921034,-102.674821128011,63.34343719482422,6.0,180.0
355.86758734335785,-50.89563939084224,-102.81653102978936,63.44297027587891,6.0,180.0
356.15521540384094,-50.89842476922841,-102.87208081898608,63.54307556152344,6.0,180.0
356.1796316705705,-50.60193451140543,-102.87848483995732,63.64340209960938,6.0,180.0
355.7746139157231,-50.21956387072075,-102.99509362992052,63.74384307861328,6.0,180.0
355.3518591690752,-49.89492302559366,-103.290489699633,63.84362030029297,6.0,180.0
355.3339174514315,-49.67557623696594,-103.49476721721936,63.94297409057617,6.0,180.0
355.55002450268705,-49.54839430916341,-103.3033427191743,64.04332733154297,6.0,180.0
355.7663497760988,-49.458601635706486,-102.9573684659187,64.04332733154297,6.0,180.0
355.83557062924524,-49.40610728447149,-102.962485942089,64.14376068115234,6.0,180.0
355.8195204438068,-49.32327070106374,-103.19765955635148,64.24365234375,6.0,180.0
355.896115575553,-49.19030641029398,-103.2594621689477,64.34294128417969,6.0,180.0
355.87820933122924,-49.23699757415061,-103.05798521709772,64.44343566894531,6.0,180.0
355.61487016890953,-49.54826336531541,-102.65499142855042,64.54386901855469,6.0,180.0
355.1671394810395,-49.88938396277882,-102.16828835866892,64.64392852783203,6.0,180.0
354.81673306143705,-50.22216050076379,-101.73268034429834,64.64392852783203,6.0,180.0
354.66411334302865,-50.61957980719511,-101.33531646600348,64.7435531616211,6.0,180.0
354.50366257080395,-50.95742556203369,-100.99263986102514,64.84330749511719,6.0,180.0
354.42426077745506,-51.085090703535954,-100.72658227712522,64.9434814453125,6.0,180.0
354.194390407796,-50.97335790931093,-100.4903849046734,65.0436782836914,6.0,180.0
353.4093974554356,-50.680897179184015,-100.41851930007864,65.14360809326172,6.0,180.0
352.4463143756792,-50.32962550200952,-100.43282957193074,65.24314880371094,6.0,180.0
351.79653697310664,-50.0558877225704,-100.36196949934566,65.34323120117188,6.0,180.0
351.49406283000707,-49.90197966548252,-100.30607861219616,65.34323120117188,6.0,180.0
351.37100895344133,-49.94263820883256,-100.3667803674574,65.44373321533203,6.0,180.0
351.455739791622,-50.08886875164069,-100.53011138990922,65.54379272460938,6.0,180.0
351.8178532110681,-50.18082582107901,-100.53779560989904,65.64353942871094,6.0,180.0
352.22125463614555,-50.21614549054853,-100.26861840136031,65.74352264404297,6.0,180.0
352.4848505679186,-50.17655469598813,-99.98083976395117,65.84333801269531,6.0,180.0
352.464288114442,-50.15843926181138,-99.87989144551278,65.94351959228516,6.0,180.0
352.1468926198294,-50.16866885826745,-99.8844557735126,65.94351959228516,6.0,180.0
351.73187306782376,-50.16603141860904,-99.77104753898216,66.04364013671875,6.0,180.0
351.35248538097164,-50.32189872141908,-99.58435984667932,66.14350891113281,6.0,180.0
351.0105321666633,-50.60971845310898,-99.4125985678508,66.24349975585938,6.0,180.0
350.62747172339016,-50.92456194487713,-99.16720437439362,66.3435287475586,6.0,180.0
350.2758560460793,-51.204954310271305,-98.95587659320846,66.44351959228516,6.0,180.0
350.2885009173288,-51.24333788595074,-98.94065157578775,66.54356384277344,6.0,180.0
350.7191147241363,-51.11330219248831,-99.04867863635576,66.64354705810547,6.0,180.0
351.12363463951056,-50.93255394367655,-99.21950996549026,66.64354705810547,6.0,180.0
351.28699617952054,-50.6812627540877,-99.50085970512686,66.74347686767578,6.0,180.0
351.1479738024438,-50.60747877738297,-99.8751700981844,66.84356689453125,6.0,180.0
350.5740205281905,-50.79380032544097,-100.25784099968494,66.94357299804688,6.0,180.0
349.82152519976376,-51.00273573145783,-100.43777207153572,67.04350280761719,6.0,180.0
349.39360573916264,-51.15184211771779,-100.51442092478696,67.1435317993164,6.0,180.0
349.3727679320268,-51.29522687485776,-100.72958676375195,67.24344635009766,6.0,180.0
349.5005229223965,-51.60863262590079,-100.93159332219066,67.34349060058594,6.0,180.0
349.5867498716956,-52.14233684823521,-100.89102114519436,67.34349060058594,6.0,180.0
349.54145244294006,-52.68362546040623,-100.6086007239724,67.44361114501953,6.0,180.0
349.419157598731,-53.09183391398818,-100.36621331043122,67.54341888427734,6.0,180.0
348.98389396730204,-53.28416329842197,-100.09326128248505,67.64340209960938,6.0,180.0
348.1030005523496,-53.21714586951137,-99.4868674356054,67.74345397949219,6.0,180.0
347.31431957956363,-52.9943016987596,-98.7197783732656,67.84345245361328,6.0,180.0
346.96374083214914,-52.75435187457178,-98.17768407504248,67.94364929199219,6.0,180.0
346.7995594607952,-52.63427920390534,-97.75966510686362,67.94364929199219,6.0,180.0
346.33923471024286,-52.66091563614482,-97.14811595944788,68.04350280761719,6.0,180.0
345.55408438749055,-52.651793572226254,-96.48969978988,68.1434097290039,6.0,180.0
344.9071345574862,-52.492124381403215,-96.10457432188872,68.24353790283203,6.0,180.0
344.6002522833859,-52.14359467439343,-95.958476165257,68.34343719482422,6.0,180.0
344.4315339708162,-51.76272820506832,-95.76112029362268,68.44352722167969,6.0,180.0
344.0372215168139,-51.5638874245637,-95.47166453744576,68.54349517822266,6.0,180.0
343.38211915833784,-51.40291512860381,-95.24366421207206,68.64328002929688,6.0,180.0
342.75095193101504,-51.05797601876863,-95.41509220253322,68.64328002929688,6.0,180.0
342.1506718810972,-50.58404910103192,-95.9567559732537,68.74327087402344,6.0,180.0
341.6447320339773,-50.17587551321181,-96.34203606177674,68.84342956542969,6.0,180.0
341.5682860623779,-49.81073427717551,-96.28315559957846,68.94356536865234,6.0,180.0
341.79807608341343,-49.44985994112193,-95.82948040962197,69.04362487792969,6.0,180.0
341.7018087430467,-49.340096675754026,-95.39796034372183,69.14354705810547,6.0,180.0
341.0649315300371,-49.45821916685766,-95.20404633365816,69.24340057373047,6.0,180.0
340.34145886075254,-49.4169218809137,-95.0797066786824,69.24340057373047,6.0,180.0
339.953669605233,-49.2609706943204,-95.0166824056248,69.34359741210938,6.0,180.0
339.774488698572,-49.20689566350899,-95.1401909428232,69.44361114501953,6.0,180.0
339.6213988650695,-49.16573860812913,-95.23774441331612,69.54344177246094,6.0,180.0
339.73457640481087,-49.19242743668,-95.04328649392978,69.64341735839844,6.0,180.0
340.1288708231912,-49.40983131968254,-94.69417277552036,69.74349212646484,6.0,180.0
340.38395448016263,-49.69521632863115,-94.3630673200128,69.84365844726562,6.0,180.0
340.19014774286995,-49.80028021730451,-94.22442599716464,69.94371795654297,6.0,180.0
339.5514575812537,-49.56037993214729,-94.42116049176695,69.94371795654297,6.0,180.0
338.75797172543264,-49.18349285711608,-94.87534010021028,70.04358673095703,6.0,180.0
338.022970486556,-48.92488345665392,-95.38218791422564,70.14347839355469,6.0,180.0
337.40767127057984,-48.71561094911888,-95.6403593932844,70.24344635009766,6.0,180.0
337.09731542956814,-48.61392211710368,-95.34887434974678,70.34352111816406,6.0,180.0
336.8520093516855,-48.66852860317586,-94.58418503920714,70.44353485107422,6.0,180.0
336.5249092315977,-48.60777041640093,-93.80788521507506,70.54327392578125,6.0,180.0
336.33005995651854,-48.301123978299074,-93.20027458623711,70.54327392578125,6.0,180.0
336.19683256171743,-47.85808065542513,-92.75493005943956,70.6434326171875,6.0,180.0
336.1982295828396,-47.53733298887694,-92.63454824977822,70.74368286132812,6.0,180.0
336.17119991200923,-47.54878034728949,-92.7035430442408,70.84358215332031,6.0,180.0
335.8529791531421,-47.78950196676793,-92.66715539101304,70.9434585571289,6.0,180.0
335.3816900258116,-48.13894191988869,-92.3727580203659,71.04350280761719,6.0,180.0
334.7322467942357,-48.44675292790384,-91.64168401007468,71.1434097290039,6.0,180.0
333.8513291880109,-48.56856331261537,-90.73501906097786,71.24351501464844,6.0,180.0
332.8226120141654,-48.58568422760435,-90.17621939315345,71.24351501464844,6.0,180.0
331.73769934535244,-48.55867281968475,-89.93813263663907,71.34356689453125,6.0,180.0
330.71554700786146,-48.5538092974288,-89.82221368830615,71.44339752197266,6.0,180.0
329.85843777863363,-48.60903851445454,-89.92231257822951,71.54327392578125,6.0,180.0
329.1451627822427,-48.65631266539483,-90.17579345158816,71.64354705810547,6.0,180.0
328.5383764982911,-48.77955090409103,-90.17897371354206,71.74353790283203,6.0,180.0
328.27620869399846,-48.99902178644981,-89.73208124546109,71.84347534179688,6.0,180.0
328.3335311728347,-49.11042012993066,-89.07374632831798,71.94342803955078,6.0,180.0
328.26154991394657,-49.05131237501016,-88.52311018776427,71.94342803955078,6.0,180.0
328.0872499555041,-48.8846557071861,-88.1809789729903,72.04329681396484,6.0,180.0
327.946894611713,-48.49958341582165,-87.88906142964515,72.14362335205078,6.0,180.0
327.7356363872966,-47.905788687399536,-87.67235217297298,72.24361419677734,6.0,180.0
327.62404079020934,-47.36691268482431,-87.63979777495291,72.3434066772461,6.0,180.0
327.60166271626974,-46.98915521445557,-87.66425588025092,72.44338989257812,6.0,180.0
327.4428906117972,-46.73198340562648,-87.7007014013821,72.54338836669922,6.0,180.0
327.1858295700278,-46.52626986868242,-87.55251429949486,72.54338836669922,6.0,180.0
326.9578986463574,-46.52195810455771,-87.2336072008537,72.64366149902344,6.0,180.0
326.4717685545796,-46.899473363949305,-87.04621901807683,72.74359893798828,6.0,180.0
325.6558957271656,-47.39901503213015,-86.8984109214409,72.84347534179688,6.0,180.0
325.1514871656216,-47.8036312787279,-86.60035870981996,72.94355010986328,6.0,180.0
325.02758669408536,-48.10068055306916,-86.15077500590635,73.04344940185547,6.0,180.0
324.80586154786835,-48.23610648361901,-85.73677952056444,73.14350128173828,6.0,180.0
324.359615152779,-48.22102680793817,-85.59998574286077,73.2435302734375,6.0,180.0
323.7227668582594,-48.19396695855195,-85.57705599337483,73.2435302734375,6.0,180.0
322.96850076393343,-48.28204669113568,-85.3124036374393,73.34342956542969,6.0,180.0
322.165718174885,-48.49157292423252,-84.83346364870592,73.44342803955078,6.0,180.0
321.26885294599083,-48.73923195580724,-84.45160476026956,73.54337310791016,6.0,180.0
320.42647902051255,-48.87424485052313,-84.2842546561382,73.64353942871094,6.0,180.0
319.8104078679325,-48.81594518380486,-84.21581361581758,73.74353790283203,6.0,180.0
319.35800653332734,-48.60675767098604,-84.36980607077118,73.84339904785156,6.0,180.0
319.14019679042764,-48.33499259885785,-84.84123677143933,73.84339904785156,6.0,180.0
319.07322913013786,-48.1030088343334,-85.14597184362964,73.943359375,6.0,180.0
319.09612210741903,-47.9153099888116,-84.83397445057473,74.0435791015625,6.0,180.0
319.23071864994773,-47.64844230625669,-84.13144220822709,74.14361572265625,6.0,180.0
318.85817672995904,-47.30336754387726,-83.32702633179996,74.24351501464844,6.0,180.0
317.9730357866451,-47.06667259280148,-82.59722906355934,74.34355926513672,6.0,180.0
317.3303549343393,-47.06456269409917,-82.07512843590382,74.44356536865234,6.0,180.0
316.84634565415155,-47.151507825636415,-81.63462507927257,74.5434341430664,6.0,180.0
316.35892313676953,-47.17057492840492,-81.28514442889552,74.5434341430664,6.0,180.0
316.1129951466828,-47.32465001852176,-81.22351438617294,74.64352416992188,6.0,180.0
316.1332896870674,-47.62651193953959,-81.24268658428906,74.7433090209961,6.0,180.0
316.3668981351672,-47.83900828903366,-81.01642178142043,74.84334564208984,6.0,180.0
316.54043695915465,-47.94004293720441,-80.57566533428682,74.94347381591797,6.0,180.0
316.4609614173989,-47.94719563719837,-79.98064114825969,75.04338836669922,6.0,180.0
316.2231359395063,-47.929680064076166,-79.53063298563048,75.14363098144531,6.0,180.0
315.5898292790003,-48.01532289914415,-79.4376725495409,75.14363098144531,6.0,180.0
314.4774751605442,-48.34234052451914,-79.5168931369816,75.24359130859375,6.0,180.0
313.1539010668617,-48.8288256002007,-79.72808743400864,75.34333801269531,6.0,180.0
311.9317618097104,-49.184858801325234,-80.04433536959795,75.44347381591797,6.0,180.0
311.1746025029989,-49.26013587311185,-80.37289888677633,75.54348754882812,6.0,180.0
310.7376689437059,-48.94732833976279,-80.62226143955223,75.64354705810547,6.0,180.0
310.2563281890381,-48.28330085563425,-80.54011849950508,75.7436294555664,6.0,180.0
309.6516754032882,-47.554682784209376,-80.09535380587563,75.84341430664062,6.0,180.0
309.1174849815524,-47.03139288209999,-79.60221967685506,75.84341430664062,6.0,180.0
308.7577961400594,-46.79014786623443,-79.2427529555669,75.94351959228516,6.0,180.0
308.324943502681,-46.7934961983358,-78.90688561267858,76.04358673095703,6.0,180.0
307.88973966436805,-46.977710623539664,-78.35959125778767,76.14348602294922,6.0,180.0
307.5226818781905,-47.14450800866999,-77.72645805241818,76.24344635009766,6.0,180.0
307.0260540918061,-47.11420792633502,-77.22625309257606,76.34355163574219,6.0,180.0
306.4309010879007,-46.98262131916426,-76.70917382632149,76.44347381591797,6.0,180.0
305.61565902514184,-46.71310890326819,-76.10008731616557,76.54349517822266,6.0,180.0
304.77515936024633,-46.23474101101229,-75.49280871372035,76.54349517822266,6.0,180.0
304.5192117506395,-45.86293356933902,-75.10863401776653,76.64356994628906,6.0,180.0
304.62526611382714,-45.77105423952102,-74.96216434941763,76.74331665039062,6.0,180.0
304.7060349233997,-45.875493272781625,-74.78638761892206,76.84354400634766,6.0,180.0
304.8019380730849,-46.06149770648367,-74.61688043912844,76.94356536865234,6.0,180.0
304.5448806437243,-46.21234206340184,-74.66807763444652,77.04346466064453,6.0,180.0
303.6736959594349,-46.177187558727,-74.84562312781864,77.14340209960938,6.0,180.0
302.70805945062034,-45.847541258658325,-74.99149136458652,77.14340209960938,6.0,180.0
302.21151902282816,-45.43150833910564,-75.04629794231522,77.24358367919922,6.0,180.0
302.0589492832123,-45.11828620801049,-74.7886758817561,77.34378814697266,6.0,180.0
302.02232874814865,-45.06668583957518,-74.42408006462702,77.44361877441406,6.0,180.0
302.0940521747451,-45.44151624516888,-74.3508683900795,77.54349517822266,6.0,180.0
302.06601474926737,-45.97185851111821,-74.46202623876647,77.64336395263672,6.0,180.0
301.5952041930574,-46.208939905147794,-74.54179295582155,77.74333953857422,6.0,180.0
300.5383353055465,-46.010524546451066,-74.42215084108092,77.84369659423828,6.0,180.0
299.344819243285,-45.59786914852702,-74.04227396455,77.84369659423828,6.0,180.0
298.172659262316,-45.16043065408819,-73.4678584528315,77.94364929199219,6.0,180.0
296.81526060325695,-44.7120031587666,-72.82135626451169,78.04320526123047,6.0,180.0
295.6864101627704,-44.479155244401966,-72.29432264691073,78.14303588867188,6.0,180.0
295.0955470456319,-44.699996448676416,-72.14126799359742,78.24337768554688,6.0,180.0
295.0421535802238,-45.12872995309991,-72.45068552877959,78.34358978271484,6.0,180.0
295.2717231302425,-45.36735789224837,-72.82294801587314,78.4434585571289,6.0,180.0
295.2322727054493,-45.37556273686538,-72.86474673121089,78.4434585571289,6.0,180.0
294.5992537592208,-45.25274784562981,-72.55684967724834,78.54332733154297,6.0,180.0
293.67825379471776,-45.00361039259815,-72.0484537502994,78.64311981201172,6.0,180.0
292.94436315248635,-44.66084018322594,-71.5703746345581,78.74357604980469,6.0,180.0
292.285431558796,-44.32915767561269,-71.10183095935733,78.84381103515625,6.0,180.0
291.6833689456998,-44.12457543737392,-70.47020324543868,78.94310760498047,6.0,180.0
291.3039903886138,-43.94164593099638,-69.97021745006289,79.04309844970703,6.0,180.0
291.01974272701705,-43.72802089478924,-69.85892846791961,79.14347839355469,6.0,180.0
290.58018070117816,-43.73380863885573,-69.948759369709,79.14347839355469,6.0,180.0
289.7496805142865,-43.884926031879374,-70.12332234627553,79.24385833740234,6.0,180.0
288.85151875082846,-43.96915156190942,-70.35114641980881,79.34379577636719,6.0,180.0
288.2962910872203,-44.022143339048256,-70.47879547352795,79.44352722167969,6.0,180.0
287.9892715236372,-44.09676974952577,-70.44456878574385,79.54341888427734,6.0,180.0
287.9141621818793,-44.30918208564712,-70.4759880558085,79.6436767578125,6.0,180.0
287.88190698901064,-44.64681793296114,-70.52707713865904,79.74363708496094,6.0,180.0
287.539638361856,-44.89583639446997,-70.32465322791684,79.74363708496094,6.0,180.0
286.8800166557665,-44.95567475264522,-69.74819791770302,79.84325408935547,6.0,180.0
286.0113180094032,-44.86964999003724,-68.91955920274938,79.94339752197266,6.0,180.0
285.04358091195166,-44.76821402003449,-68.31709232760372,80.04359436035156,6.0,180.0
284.3721622668414,-44.729326248476575,-68.21276867935435,80.14375305175781,6.0,180.0
284.2516196377926,-44.73538740587294,-68.2412555676241,80.24363708496094,6.0,180.0
284.3477569984489,-44.83443182111721,-67.87234978381754,80.34355926513672,6.0,180.0
284.0527774177502,-44.92089146725011,-67.1468858890232,80.44346618652344,6.0,180.0
283.1726255346972,-44.89810339474118,-66.60446309751649,80.44346618652344,6.0,180.0
282.0678407804228,-44.89264224781739,-66.44663030987039,80.5434341430664,6.0,180.0
280.86489244057447,-44.88003697822357,-66.37896420530963,80.64347839355469,6.0,180.0
279.84833956714687,-44.87582648965814,-66.37075218716048,80.74346923828125,6.0,180.0
279.44623641430394,-44.88619934354956,-66.60096838253209,80.84343719482422,6.0,180.0
279.5450368970028,-44.70490919307004,-66.76334026328509,80.94352722167969,6.0,180.0
279.80153277328424,-44.381378754450495,-66.3155652310605,81.04361724853516,6.0,180.0
279.7763061686816,-44.06271647202464,-65.41770742626336,81.04361724853516,6.0,180.0
279.19753051772494,-43.72335810385568,-64.4645298494802,81.14346313476562,6.0,180.0
278.12453802975705,-43.29489963947843,-63.66695577613645,81.24354553222656,6.0,180.0
277.04547139785046,-42.80179595031707,-63.37890009497744,81.34337615966797,6.0,180.0
276.46816109832275,-42.39438306657344,-63.47090323808314,81.44351196289062,6.0,180.0
276.1692296527148,-42.08903068522771,-63.57171306827026,81.54350280761719,6.0,180.0
275.8107034297976,-41.92257433213017,-63.64197579946442,81.64348602294922,6.0,180.0
275.36427782939745,-41.92547342236587,-63.56285060668956,81.74346923828125,6.0,180.0
274.6526653530087,-41.79894891038077,-63.25134428701656,81.74346923828125,6.0,180.0
273.57616942448846,-41.55709455405476,-62.90657847964485,81.84342956542969,6.0,180.0
272.4183800792776,-41.49774178807201,-62.59698721941475,81.94341278076172,6.0,180.0
271.61504128793024,-41.57043839838154,-62.54731679923212,82.04338836669922,6.0,180.0
271.3752937107723,-41.76859298148895,-63.05943360630313,82.14347076416016,6.0,180.0
271.35136606701,-42.10843943055804,-63.72792816992155,82.24348449707031,6.0,180.0
270.9218027166502,-42.46770694502462,-64.11221604936202,82.34352111816406,6.0,180.0
269.8392335450915,-42.75662862582317,-64.09952897603993,82.44359588623047,6.0,180.0
268.3149241377864,-42.86814811911817,-63.63890815948913,82.44359588623047,6.0,180.0
266.5409927613836,-42.78934978156851,-62.93977449996164,82.54339599609375,6.0,180.0
265.0484483093283,-42.58997088788109,-62.23840970561577,82.64340209960938,6.0,180.0
264.4424397977705,-42.41924810436494,-61.694463815766056,82.7435531616211,6.0,180.0
264.421816156162,-42.47003851156205,-61.33066279915402,82.84345245361328,6.0,180.0
264.3497004609218,-42.57047815662104,-61.086027386510665,82.94351196289062,6.0,180.0
263.8080359679357,-42.400917195954285,-61.013432968124114,83.04344177246094,6.0,180.0
262.8660874212724,-42.02188692900216,-61.00484198584351,83.04344177246094,6.0,180.0
261.81751155255824,-41.55426971511661,-60.83133724704095,83.14332580566406,6.0,180.0
260.6141202712553,-40.95722324032008,-60.52745647691352,83.24344635009766,6.0,180.0
259.4746940459523,-40.33981065053353,-60.26735707175473,83.34349822998047,6.0,180.0
258.9732479917867,-39.96181253841317,-60.12774141903442,83.44296264648438,6.0,180.0
258.9968860002504,-39.83213376914638,-59.99373687381112,83.54292297363281,6.0,180.0
258.81080782832566,-39.7097014888581,-59.62370345410958,83.64354705810547,6.0,180.0
258.2319313806074,-39.38471971269951,-59.083212682327975,83.74394226074219,6.0,180.0
257.4474650040755,-38.76955452563138,-58.5988780748104,83.74394226074219,6.0,180.0
256.62382106121936,-38.14453342371816,-58.27564273218747,83.84375762939453,6.0,180.0
256.15766101149245,-37.85009282694252,-58.28560629745138,83.94336700439453,6.0,180.0
256.08694229711296,-37.74053631217118,-58.52888849763716,84.04320526123047,6.0,180.0
256.17113657804964,-37.67861500637456,-58.5726306758887,84.14363098144531,6.0,180.0
256.26166171609293,-37.755953144160166,-58.396719657545546,84.24372100830078,6.0,180.0
256.0017076165593,-37.93561146306751,-58.28990535682305,84.34300994873047,6.0,180.0
255.44467147088216,-38.09928959930568,-58.31871800120986,84.34300994873047,6.0,180.0
254.9806049944196,-38.13725164475975,-58.38510380818033,84.44278717041016,6.0,180.0
254.26024051397167,-38.17152587526192,-58.31839212263665,84.54326629638672,6.0,180.0
253.15285240389767,-38.41542789234076,-57.98540387391756,84.6441421508789,6.0,180.0
252.30855244142504,-38.64505688604508,-57.48073120898702,84.7441635131836,6.0,180.0
251.84371775008603,-38.53320879869376,-56.85617637095248,84.84333038330078,6.0,180.0
251.2661496273588,-38.29880675520808,-55.99865738540563,84.94308471679688,6.0,180.0
250.28356574818508,-38.21970450838102,-55.357249337090856,85.0433349609375,6.0,180.0
249.0975157161412,-38.18198840904143,-55.326413690690245,85.0433349609375,6.0,180.0
248.01628718144727,-38.00461022992259,-55.49640278640354,85.14392852783203,6.0,180.0
247.13204832952744,-37.655396244395405,-55.63048630498757,85.24317169189453,6.0,180.0
246.35560540784772,-37.29873021451856,-55.76839864360298,85.34278106689453,6.0,180.0
245.6976939268315,-37.10842035476647,-55.79746471587357,85.4432373046875,6.0,180.0
245.3286275784248,-37.14262917731364,-55.69587417622928,85.54375457763672,6.0,180.0
245.23388906368515,-37.28862571923008,-55.42862789791592,85.64421081542969,6.0,180.0
245.3196133568844,-37.28197471653894,-54.96947247264261,85.64421081542969,6.0,180.0
245.30890773101547,-37.02617711574054,-54.34918019034562,85.7432861328125,6.0,180.0
244.83615670743285,-36.77646285245936,-53.58226132735907,85.84269714355469,6.0,180.0
243.94234429238435,-36.68681157887644,-52.94852673484426,85.943359375,6.0,180.0
243.02062045711145,-36.68288309021149,-52.74120315538117,86.0439682006836,6.0,180.0
242.3339409709188,-36.74989877998897,-52.71083840673025,86.14382934570312,6.0,180.0
241.71564876169893,-36.8700388810296,-52.34571106910625,86.24275207519531,6.0,180.0
240.98809650263405,-36.898420461092336,-51.71145667120622,86.34309387207031,6.0,180.0
240.32414113049,-36.731826004001135,-51.15212319457207,86.34309387207031,6.0,180.0
239.8164149880409,-36.5936730224551,-50.7392007622088,86.44374084472656,6.0,180.0
239.3084214638384,-36.51671441633478,-50.482538993834815,86.54425811767578,6.0,180.0
238.67922511568872,-36.31578482344859,-50.22948599447512,86.64366912841797,6.0,180.0
237.7854229735486,-36.04784486212786,-49.87866808765794,86.7428207397461,6.0,180.0
236.65039339963872,-35.752903585489435,-49.5989401314571,86.84355163574219,6.0,180.0
235.7060112333654,-35.590463398666046,-49.41353116380815,86.94388580322266,6.0,180.0
235.12321566839813,-35.7843053819811,-49.30424104043543,87.04376220703125,6.0,180.0
234.49567415505635,-36.04411373296144,-49.13321457104361,87.04376220703125,6.0,180.0
233.6212838523288,-36.20844036391544,-48.75635893285771,87.14285278320312,6.0,180.0
232.5912863294152,-36.56454455602537,-48.46715858383689,87.24319458007812,6.0,180.0
231.55501773197128,-36.9504843398845,-48.2114342107297,87.34378814697266,6.0,180.0
230.7120499767597,-37.01379374992931,-47.785588273923295,87.44425201416016,6.0,180.0
230.0318444719529,-36.81762424111487,-47.57998272426263,87.54385375976562,6.0,180.0
229.44928887454984,-36.58229132242974,-47.828930073866616,87.64350891113281,6.0,180.0
229.03383038393565,-36.34081443188245,-48.17597578341569,87.64350891113281,6.0,180.0
228.69346200442808,-36.15614048875167,-48.37639910745602,87.7433853149414,6.0,180.0
228.29021673240123,-36.09693485188445,-48.5271725842864,87.84343719482422,6.0,180.0
227.8426962593857,-36.06116743828072,-48.59293221931065,87.94351196289062,6.0,180.0
227.0288607251878,-36.000089516488075,-48.40241155657952,88.04315948486328,6.0,180.0
225.80033104418243,-35.78090761043784,-47.88580792399772,88.14323425292969,6.0,180.0
224.81039159997147,-35.40765829981173,-47.24598901562128,88.24370574951172,6.0,180.0
223.9342249014373,-35.133655021005495,-46.673386091599774,88.3438720703125,6.0,180.0
222.895461679326,-35.049057293037386,-46.23787820598151,88.3438720703125,6.0,180.0
222.14990962518576,-35.0594056371958,-46.099547114933706,88.44365692138672,6.0,180.0
221.64051138031192,-34.93720945421801,-46.015547598318015,88.54341125488281,6.0,180.0
221.07169071081145,-34.655498274795846,-45.72303762731822,88.64350128173828,6.0,180.0
220.43974713258595,-34.46658568604168,-45.49833717264296,88.7435302734375,6.0,180.0
219.6887246859644,-34.35712713586485,-45.31902922265473,88.8437271118164,6.0,180.0
218.9084784213277,-34.1384432602121,-44.9635537372357,88.94302368164062,6.0,180.0
218.32336416826925,-33.85528265734063,-44.57452910491215,88.94302368164062,6.0,180.0
218.0602256813777,-33.61718182351986,-44.2147886902967,89.04335021972656,6.0,180.0
217.95747635774825,-33.36505991841213,-43.8482530942749,89.14389038085938,6.0,180.0
217.61246482573293,-33.10971177355537,-43.540000802047246,89.24388885498047,6.0,180.0
216.95199980686164,-33.055121591910066,-43.38643967592499,89.34364318847656,6.0,180.0
216.138393891743,-33.31346866345666,-43.27039248626046,89.44322967529297,6.0,180.0
215.12748600851032,-33.64143226821361,-42.976599376045975,89.54345703125,6.0,180.0
214.1403575103741,-33.73140493388136,-42.73021100114404,89.64375305175781,6.0,180.0
213.4335355589635,-33.710117403759966,-42.68475639509731,89.64375305175781,6.0,180.0
212.72646604869576,-33.81529820795985,-42.70845180893968,89.7435531616211,6.0,180.0
211.85564817232515,-33.95111502518994,-42.82925676469522,89.84306335449219,6.0,180.0
210.8167143910495,-33.91277637903377,-43.05944830659374,89.94287872314453,6.0,180.0
209.6697750394084,-33.74274255653208,-43.345931766908656,90.04353332519531,6.0,180.0
208.80011547958424,-33.572040187915235,-43.53942339107599,90.14398956298828,6.0,180.0
208.34846683118377,-33.40939477610611,-43.532178836839975,90.24372100830078,6.0,180.0
208.19464037478693,-33.294892004679845,-43.527228143739706,90.24372100830078,6.0,180.0
208.05999464539212,-33.12068205017836,-43.57504016272808,90.3432388305664,6.0,180.0
207.6677694005424,-32.70158812432924,-43.5276843834987,90.4431610107422,6.0,180.0
207.13532778888023,-32.29626216437747,-43.35494095810039,90.5435791015625,6.0,180.0
206.74408669254936,-32.28696123537787,-43.013935662263,90.64376068115234,6.0,180.0
206.68524756936804,-32.586595500968265,-42.59759820113128,90.74254608154295,6.0,180.0
206.8040695562172,-32.98643663810307,-42.29310561624899,90.84278869628906,6.0,180.0
206.8363557288736,-33.461004600388435,-42.04426616406607,90.9434814453125,6.0,180.0
206.6058925027872,-33.85993538770072,-41.80048908942528,90.9434814453125,6.0,180.0
205.6883866560284,-33.84189198823761,-41.46075627859643,91.0444107055664,6.0,180.0
203.99763249213245,-33.522569684717325,-40.91436341478423,91.14418029785156,6.0,180.0
202.19187585453813,-33.3539514882216,-40.56449234707621,91.2433090209961,6.0,180.0
200.68599614221372,-33.355049102012046,-40.50310415346056,91.34309387207033,6.0,180.0
199.60676453578736,-33.35827028964032,-40.392894160603184,91.44361114501952,6.0,180.0
199.1060973761579,-33.2980827685133,-40.197187396964665,91.54415893554688,6.0,180.0
198.9103913727292,-33.22477719055664,-39.97253195568199,91.64287567138672,6.0,180.0
198.56539546932925,-33.13638586467808,-39.69615599915701,91.64287567138672,6.0,180.0
198.0473671626759,-32.89700093178504,-39.28913521543318,91.7425765991211,6.0,180.0
197.534052740624,-32.62030200380565,-38.83760679757503,91.84342193603516,6.0,180.0
196.97954409844127,-32.5180521181333,-38.525064378796735,91.94417572021484,6.0,180.0
196.5552623023726,-32.585331541414575,-38.3198340803977,92.04402160644533,6.0,180.0
196.4482560606443,-32.80375030346597,-38.20105294671082,92.14306640625,6.0,180.0
196.3325958661739,-33.01736869704497,-38.13110173060512,92.2431182861328,6.0,180.0
195.9629131696936,-32.978085785693025,-37.92449376251909,92.2431182861328,6.0,180.0
195.5952714639488,-32.79933753193872,-37.81483379917533,92.34362030029295,6.0,180.0
195.44260222808649,-32.68234298245103,-38.0709561913631,92.444091796875,6.0,180.0
195.3040367125008,-32.51879142146754,-38.31105248922687,92.54293823242188,6.0,180.0
194.9546151194548,-32.205854740821195,-38.32993361654772,92.64273834228516,6.0,180.0
194.33904343054868,-31.870083791814714,-38.30751194793994,92.74337005615234,6.0,180.0
193.53810805251064,-31.5949770654752,-38.215816822095725,92.84402465820312,6.0,180.0
192.79210012728493,-31.459956545508817,-38.01988274002288,92.9440689086914,6.0,180.0
192.2755022176688,-31.43633648687199,-37.82700511797591,92.9440689086914,6.0,180.0
192.00763525080103,-31.323318378745512,-37.770241489591385,93.04283142089844,6.0,180.0
191.839328710306,-31.186087963542136,-37.894510402520375,93.14289093017578,6.0,180.0
191.4735282586208,-31.09756704035469,-38.00833930808884,93.24358367919922,6.0,180.0
190.73326643056413,-30.911501619063017,-37.79187546714904,93.34404754638672,6.0,180.0
189.783175989182,-30.65513174764132,-37.27390537570111,93.44339752197266,6.0,180.0
188.82015694610345,-30.52175285099593,-36.7583667560759,93.54279327392578,6.0,180.0
187.805492627798,-30.51334565104793,-36.498505898339616,93.54279327392578,6.0,180.0
186.6952108376244,-30.512073928929645,-36.467777877255074,93.64329528808594,6.0,180.0
185.41782572334068,-30.482296652456977,-36.35716998938355,93.74407958984376,6.0,180.0
184.0733848015064,-30.53827215586369,-36.12970497767405,93.84423828125,6.0,180.0
182.8366104583788,-30.72141439149336,-35.88939463279789,93.94319915771484,6.0,180.0
181.67150171557665,-30.73964768758461,-35.50977417249794,94.04293060302734,6.0,180.0
180.7020189472746,-30.447227026879965,-34.952176811834185,94.14361572265624,6.0,180.0
179.92665978230127,-30.02356515540536,-34.46554352001734,94.24407958984376,6.0,180.0
179.18011250075284,-29.71631695875781,-34.25503483368889,94.24407958984376,6.0,180.0
178.68697123721375,-29.59134499412166,-34.27354596454551,94.34392547607422,6.0,180.0
178.64386306434764,-29.56991703564665,-34.31881138431492,94.4429702758789,6.0,180.0
178.82167219938933,-29.64484666959325,-34.293108896984464,94.54344177246094,6.0,180.0
178.94221546868846,-29.66587465234796,-34.32072378022964,94.64395141601562,6.0,180.0
178.79024161428003,-29.6097096804573,-34.42945451470095,94.74411010742188,6.0,180.0
178.1942729925434,-29.608236119464493,-34.578879379772616,94.84375,6.0,180.0
177.53386445354403,-29.51365355096628,-34.809061983385895,94.84375,6.0,180.0
177.14128617067044,-29.392844937379543,-34.83717382682271,94.94361114501952,6.0,180.0
176.604223367258,-29.36096842083828,-34.487319854086714,95.0436019897461,6.0,180.0
175.79367116698205,-29.256950037170377,-33.90197441378609,95.14368438720705,6.0,180.0
174.91967830993758,-29.197626039922696,-33.19985757301929,95.24363708496094,6.0,180.0
174.05344136544934,-29.253404820626468,-32.74254200560477,95.34331512451172,6.0,180.0
173.31018263672755,-29.210916177195564,-32.6871040733167,95.4435806274414,6.0,180.0
172.86586141180078,-29.060767805864057,-32.72186326425418,95.54367065429688,6.0,180.0
172.7381055880257,-28.91511481558332,-32.59515284512195,95.54367065429688,6.0,180.0
172.46714825511418,-28.67266421264225,-32.24272474722368,95.64346313476562,6.0,180.0
171.71369602466297,-28.181613464418632,-31.806734787026137,95.74351501464844,6.0,180.0
170.74162734847891,-27.56046288008193,-31.57368616479957,95.84337615966795,6.0,180.0
169.85129935763777,-27.067368577111985,-31.49404735604625,95.94353485107422,6.0,180.0
169.01514891460653,-26.688200076646737,-31.30457557787044,96.04357147216795,6.0,180.0
167.9080161849319,-26.29808246424124,-31.011044467485505,96.14334869384766,6.0,180.0
166.28432123409016,-25.92381144737229,-30.71058129781145,96.14334869384766,6.0,180.0
164.32506968685783,-25.60395936190149,-30.47414291063592,96.2435302734375,6.0,180.0
162.31489276793326,-25.35202295009724,-30.37913422235609,96.34357452392578,6.0,180.0
160.55361584550042,-25.300380380019423,-30.313504741149632,96.44345092773438,6.0,180.0
159.2795445019588,-25.46918921827087,-30.270012976745846,96.54347229003906,6.0,180.0
158.38029231908186,-25.544339567199778,-30.370959842231564,96.64344787597656,6.0,180.0
157.4858494876296,-25.4365359833683,-30.47310357760833,96.74344635009766,6.0,180.0
156.3692469517575,-25.221366302920902,-30.458778971997127,96.84353637695312,6.0,180.0
155.2699750492497,-24.943214902780547,-30.325886985277283,96.84353637695312,6.0,180.0
154.53108623488578,-24.78270507312834,-29.85665664834371,96.94349670410156,6.0,180.0
154.26711123198578,-24.67768030360452,-29.13042142934183,97.0434341430664,6.0,180.0
154.25592900863091,-24.520645423441483,-28.557082430315937,97.14354705810548,6.0,180.0
154.00294565857362,-24.50441749064563,-28.1545333164674,97.24349975585938,6.0,180.0
153.35836817436257,-24.713780305266784,-27.80510048003213,97.34343719482422,6.0,180.0
152.57594465717034,-24.89976862484088,-27.49831338130364,97.4435806274414,6.0,180.0
151.8700211529318,-24.9027228547166,-27.12614026780888,97.5434799194336,6.0,180.0
151.25127112004506,-24.77878590688642,-26.624876425103874,97.5434799194336,6.0,180.0
150.76458308405262,-24.65278287114064,-26.274283551126587,97.64347076416016,6.0,180.0
150.5012261525717,-24.751178507992087,-26.471163622042447,97.74346160888672,6.0,180.0
150.18790420627153,-25.11934973417462,-27.030926462943874,97.84343719482422,6.0,180.0
149.5793474012108,-25.605790271645425,-27.37268533097841,97.94371795654295,6.0,180.0
148.89192504255126,-25.969058732649337,-27.326445167966227,98.04357147216795,6.0,180.0
148.35438700374033,-25.92473101914922,-27.06503409963168,98.1432876586914,6.0,180.0
148.0017574903924,-25.60562123548665,-26.866894654724604,98.1432876586914,6.0,180.0
147.8520191010303,-25.39183614079006,-26.838597406993685,98.24348449707033,6.0,180.0
147.66092951443335,-25.21575198210899,-26.772805516176348,98.34342956542967,6.0,180.0
146.96614526414726,-24.77927522296593,-26.432931024838567,98.44364166259766,6.0,180.0
145.68737663713216,-24.196022975426683,-25.860305232928543,98.54352569580078,6.0,180.0
144.09792106525217,-23.809256414872067,-25.37834638102134,98.643310546875,6.0,180.0
142.4779065781086,-23.696850979510764,-25.03950914565251,98.74342346191406,6.0,180.0
141.1323531845056,-23.770817817008734,-24.732428264270386,98.8434829711914,6.0,180.0
140.37609521530976,-23.911027560929675,-24.60356996622496,98.8434829711914,6.0,180.0
140.3185309865447,-24.054951489062653,-24.84282865775368,98.94327545166016,6.0,180.0
140.462144169833,-24.160800184089823,-25.4225754490378,99.04280090332033,6.0,180.0
140.19216503304193,-23.98941569314958,-26.018481445231576,99.14303588867188,6.0,180.0
139.61599124610566,-23.50794429349348,-26.12959568356669,99.24359130859376,6.0,180.0
139.0392822446736,-22.998563487527683,-25.638957884866844,99.34410858154295,6.0,180.0
138.39074717803908,-22.61840544550773,-24.92912272693052,99.44354248046876,6.0,180.0
137.4695922495645,-22.344103383070497,-24.284145131821194,99.44354248046876,6.0,180.0
136.21301243059267,-22.152773218837453,-23.76544137924891,99.5429458618164,6.0,180.0
134.608375383465,-22.07063329840849,-23.37076355246373,99.64331817626952,6.0,180.0
132.64611358096346,-21.93119784072643,-23.08490014965001,99.74370574951172,6.0,180.0
130.47663413491009,-21.60293984581416,-22.878142348754697,99.84022521972656,6.0,180.0
128.54516422594014,-21.363075056749867,-22.65236127708247,99.91524505615234,6.0,180.0
127.14519869710962,-21.37550161624787,-22.43482192887572,99.9618682861328,6.0,180.0
126.0126676813508,-21.391578314549538,-22.3554688858662,99.98126983642578,6.0,180.0
124.90788915165506,-21.21395372001784,-22.456320610040528,99.98126983642578,6.0,180.0
123.94534479492596,-21.03315647859492,-22.670242777005125,99.9907684326172,6.0,180.0
123.06539618212094,-21.11068794552112,-22.76325168732848,99.9954071044922,6.0,180.0
122.24471180646832,-21.40815869913624,-22.64194716763851,99.99774169921876,6.0,180.0
121.80711664738304,-21.573232136144497,-22.496876079410665,99.9989242553711,6.0,180.0
121.54719536479764,-21.362441229286684,-22.337938049764382,99.99950408935548,6.0,180.0
121.09407952857292,-20.99349963111213,-22.1481651644622,99.99979400634766,6.0,180.0
120.54119717947192,-20.576499754937,-22.11118322390779,99.99979400634766,6.0,180.0
120.04318377720442,-20.01297419686739,-22.196846759595697,99.99993896484376,6.0,180.0
119.7729086223884,-19.53598016404985,-22.285517222725595,100.0000152587891,6.0,180.0
119.68936305677022,-19.407665955062413,-22.4106350685973,100.0000610351562,6.0,180.0
119.43167117609698,-19.416062203157097,-22.532919509330032,100.0000762939453,6.0,180.0
118.81998270959856,-19.26112537466365,-22.5873347922862,100.0000839233398,6.0,180.0
118.05123209081046,-18.972642086016577,-22.654777370144643,100.0000839233398,6.0,180.0
117.35741354714705,-18.68915320201245,-22.919305847504827,100.0000762939453,6.0,180.0
116.71322587716938,-18.49877123109216,-23.30474671938209,100.0000762939453,6.0,180.0
115.9812101307538,-18.25454197212918,-23.517940576975647,100.0000762939453,6.0,180.0
115.30021370119948,-17.76333517861061,-23.52845305747384,100.0000686645508,6.0,180.0
114.8931360966687,-17.26545657158083,-23.43818810887096,100.0000610351562,6.0,180.0
114.66161691781296,-16.99034918897207,-23.262491204843613,100.0000610351562,6.0,180.0
114.405290053453,-16.894537135276853,-23.08447814989266,100.0000534057617,6.0,180.0
114.03839126785051,-16.922062965573645,-23.063416016289253,100.0000534057617,6.0,180.0
113.59129575091772,-17.049772447333197,-23.24707412846056,100.0000457763672,6.0,180.0
113.19066384510862,-17.44794668857858,-23.47468654457463,100.0000457763672,6.0,180.0
112.86086516183332,-18.11042590750233,-23.53898636083354,100.0000381469727,6.0,180.0
112.56972404067864,-18.670650490891425,-23.445405422329365,100.0000381469727,6.0,180.0
112.21763616326606,-19.016566652074594,-23.36169487496461,100.0000305175781,6.0,180.0
111.67845227930842,-19.177473174223863,-23.4056680378106,100.0000305175781,6.0,180.0
111.102506477755,-19.11308162053985,-23.50429856512952,100.0000228881836,6.0,180.0
110.7739009465214,-18.9742750115616,-23.41182047553227,100.0000228881836,6.0,180.0
110.68335529924708,-18.84331537952774,-23.143290893643485,100.0000228881836,6.0,180.0
110.53745631017036,-18.619913456378583,-23.05249906145408,100.0000152587891,6.0,180.0
110.21797253299624,-18.24538101855872,-23.18012389160141,100.0000228881836,6.0,180.0
109.86669417515893,-17.869865476472928,-23.308762950611907,100.0000152587891,6.0,180.0
109.5687039923575,-17.78600648787895,-23.348428054926604,100.0000076293945,6.0,180.0
109.25400959888997,-17.9491725970275,-23.327471376981748,100.0000076293945,6.0,180.0
108.99604881263772,-18.217411192078803,-23.242662857847108,100.0000076293945,6.0,180.0
108.92742589518583,-18.59177055538692,-23.18618237801841,100.0000076293945,6.0,180.0
108.9298952477168,-18.849730046704074,-23.202133199633,100.0000076293945,6.0,180.0
108.99675278425,-18.787583538954927,-23.03635335564432,100.0000076293945,6.0,180.0
109.0946566375749,-18.464720024665688,-22.620058958320964,100.0000076293945,6.0,180.0
108.96419563906136,-17.98553261428131,-22.29208064927582,100.0000076293945,6.0,180.0
108.72268210186223,-17.45901783863323,-22.349221439905072,100.0000076293945,6.0,180.0
108.6748186877202,-17.142176897571822,-22.61784029171796,100.0000076293945,6.0,180.0
108.79850236987711,-17.190923643589542,-22.84376036323729,100.0000076293945,6.0,180.0
108.92847979326352,-17.461912053953768,-22.972202170557107,100.0000076293945,6.0,180.0
109.14200855290426,-17.854572098931353,-23.01494203494668,100.0,6.0,180.0
109.57057783499226,-18.280597944315,-22.92418163790477,100.0,6.0,180.0
109.92171997391536,-18.553189336387884,-22.79143690246553,100.0,6.0,180.0
109.98934742988524,-18.67377856796068,-22.83130235246796,100.0,6.0,180.0
109.9512667478254,-18.781247686887905,-22.97020881230061,100.0,6.0,180.0
109.73014728779086,-18.941853044352,-23.09364085839363,100.0,6.0,180.0
109.21234948275958,-19.145720725976624,-23.11098046393115,100.0,6.0,180.0
108.63624426781396,-19.214182022789032,-22.997296742679524,100.0,6.0,180.0
108.0738749824826,-19.05676410158217,-22.892686357587568,100.0,6.0,180.0
107.5859106526492,-18.865775841107368,-22.810837169351966,100.0,6.0,180.0
107.19720734138204,-18.769023678922245,-22.71679918260049,100.0,6.0,180.0
106.63958616250792,-18.85288431311758,-22.574387567633263,100.0,6.0,180.0
105.9690202477998,-19.028418419135537,-22.29160688009345,100.0,6.0,180.0
105.42613651271488,-19.10388596136509,-22.04240128480997,100.0,6.0,180.0
105.1574626630105,-19.183014846368263,-21.97863122356709,100.0,6.0,180.0
105.23274865274476,-19.257857597997592,-21.939823285997964,100.0,6.0,180.0
105.38463239728574,-19.25891710812945,-21.89533337672155,100.0,6.0,180.0
105.39928318437168,-19.211105819021142,-21.94125676094319,100.0,6.0,180.0
105.47424748433347,-19.09366173347043,-22.030018435048103,100.0,6.0,180.0
105.6959942264913,-19.00102178056253,-22.041966659839453,100.0,6.0,180.0
105.895852343224,-18.87733770284989,-21.951552995122515,100.0,6.0,180.0
105.95384396854774,-18.653440689937312,-21.901146866292684,100.0,6.0,180.0
105.8145964791876,-18.362091997985065,-21.884364805543964,100.0,6.0,180.0
105.50976897150846,-18.03943216042962,-21.64357250260388,100.0,6.0,180.0
105.18161546603385,-17.769366970371387,-21.20410513755314,100.0,6.0,180.0
104.9572793638155,-17.610544678886697,-20.77496779547624,100.0,6.0,180.0
104.8979549647214,-17.561528079819894,-20.48981107701253,100.0,6.0,180.0
104.8828328351166,-17.499537055778806,-20.36948057521333,100.0,6.0,180.0
104.57654727580518,-17.402333061642878,-20.22226459879649,100.0,6.0,180.0
103.91736333431308,-17.335791311429148,-20.13383462132353,100.0,6.0,180.0
103.25864062876742,-17.226278387446477,-20.348566044068967,100.0,6.0,180.0
102.8340801154548,-16.975452661441714,-20.606663077167138,100.0,6.0,180.0
102.61832237229429,-16.786467314093134,-20.627233917218312,100.0,6.0,180.0
102.49499655574132,-16.909448541819213,-20.563775147158644,100.0,6.0,180.0
102.2729962575639,-17.208372495620303,-20.71408651720303,100.0,6.0,180.0
101.97531876118084,-17.432541449551877,-21.270199974080583,100.0,6.0,180.0
101.77263235715292,-17.598722058425942,-22.08310722680993,100.0,6.0,180.0
101.65672733599835,-17.748385647681594,-22.673198088504083,100.0,6.0,180.0
101.54663522903336,-17.819479307924716,-22.89487933886516,100.0,6.0,180.0
101.37977240441089,-17.966102553199367,-23.02374813131149,100.0,6.0,180.0
101.118361328659,-18.17681402223095,-23.07140143406033,100.0,6.0,180.0
100.83219750044466,-18.28366319310457,-23.0412410951301,100.0,6.0,180.0
100.67258462573582,-18.322116100681512,-23.10706186287957,100.0,6.0,180.0
100.63550186351156,-18.25962490043916,-23.24862220442181,100.0,6.0,180.0
100.47462228093138,-17.992345931972743,-23.453311839777893,100.0,6.0,180.0
100.27741507528694,-17.56893364310622,-23.613025870007416,100.0,6.0,180.0
100.3848429713636,-17.2158175348116,-23.615118376544068,100.0,6.0,180.0
100.53961053925087,-17.06465659603885,-23.63660672709855,100.0,6.0,180.0
100.45352131116243,-17.053575364076067,-23.601822324261683,100.0,6.0,180.0
100.36917265617188,-17.002408251068914,-23.35302564974772,100.0,6.0,180.0
100.35361330071872,-16.798241328391217,-22.96552722825229,100.0,6.0,180.0
100.22871341692432,-16.577549940392693,-22.627963681021825,100.0,6.0,180.0
100.10830898908767,-16.42421179498436,-22.483073783148217,100.0,6.0,180.0
100.06337578114648,-16.357593879317122,-22.28560143749344,100.0,6.0,180.0
99.92038483315515,-16.548399361086837,-21.98869132976488,100.0,6.0,180.0
99.77344718578938,-16.99976111139707,-21.86648223862009,100.0,6.0,180.0
99.7060651269069,-17.44570326402107,-21.85423312773368,100.0,6.0,180.0
99.53473093267714,-17.741924308839835,-21.79643081431501,100.0,6.0,180.0
99.3073336134107,-17.953100783758583,-21.634817552405128,100.0,6.0,180.0
99.17048449949104,-18.043660483202807,-21.35158954468617,100.0,6.0,180.0
98.99725438467144,-17.955678953183224,-21.145846767801185,100.0,6.0,180.0
98.74868931445928,-17.867859877720715,-21.17356977233804,100.0,6.0,180.0
98.64048868923798,-17.9385479057404,-21.25778498941088,100.0,6.0,180.0
98.73951347434075,-18.056874025814945,-21.15081908795097,100.0,6.0,180.0
98.87885921793573,-17.974172200008766,-20.86581510250637,100.0,6.0,180.0
99.0509899210316,-17.665951672088802,-20.627130578091865,100.0,6.0,180.0
99.22873310682658,-17.339612918769365,-20.536470471258017,100.0,6.0,180.0
99.09262599592824,-17.13961242580468,-20.481288228107747,100.0,6.0,180.0
98.76006360957368,-17.18239974289054,-20.530854465061392,100.0,6.0,180.0
98.55777861815773,-17.42556359019019,-20.84138751865098,100.0,6.0,180.0
98.33926076030563,-17.582071918307502,-21.366242664185584,100.0,6.0,180.0
98.0403677253898,-17.5700444522777,-21.902135812500497,100.0,6.0,180.0
97.7161455624939,-17.524867201174477,-22.297817602185628,100.0,6.0,180.0
97.45216404508638,-17.568393662365487,-22.489749343601343,100.0,6.0,180.0
97.35022787327982,-17.709192077558953,-22.36837819834492,100.0,6.0,180.0
97.2661818767373,-17.843409391151752,-22.098116937368765,100.0,6.0,180.0
97.12894811592514,-17.96837874618714,-21.981140917946988,100.0,6.0,180.0
97.13197470556516,-18.090681677864083,-22.13136765602743,100.0,6.0,180.0
97.32750031210026,-18.17588457781808,-22.282235021608614,100.0,6.0,180.0
97.51723550394088,-18.11451029978612,-22.243630583126123,100.0,6.0,180.0
97.68052728594294,-17.79248256179788,-22.391993247417915,100.0,6.0,180.0
97.7991242324307,-17.303702645464895,-22.84250959816231,100.0,6.0,180.0
97.78913079317198,-16.755809328040502,-23.333410707963324,100.0,6.0,180.0
97.60204110998548,-16.20973464191144,-23.708848296916777,100.0,6.0,180.0
97.1383645498886,-15.8793711840868,-23.90317981507831,100.0,6.0,180.0
96.69084532140984,-15.796649861808111,-23.98527649755385,100.0,6.0,180.0
96.52836861085925,-15.77401797814568,-24.063613579777947,100.0,6.0,180.0
96.42908012707647,-15.70127588456868,-24.271744686849004,100.0,6.0,180.0
96.22330702540172,-15.534465124188356,-24.603523538176447,100.0,6.0,180.0
95.860478945784,-15.45440281388282,-24.5814576921539,100.0,6.0,180.0
95.3785652843952,-15.579351309325205,-24.074322509304512,100.0,6.0,180.0
94.96901646395456,-15.661194777031085,-23.487637847092937,100.0,6.0,180.0
94.79236016862684,-15.508579555348591,-22.964260436522057,100.0,6.0,180.0
94.97401722518046,-15.35466550347314,-22.52610670015554,100.0,6.0,180.0
95.4718059553194,-15.361179573584431,-22.28007138771586,100.0,6.0,180.0
95.9520099925387,-15.420829399250234,-22.148707000953856,100.0,6.0,180.0
96.07911560353652,-15.502974605852357,-21.86241452128624,100.0,6.0,180.0
95.90976842783,-15.558868343593186,-21.466993750268475,100.0,6.0,180.0
95.67949851959555,-15.608410793493045,-21.3027979827772,100.0,6.0,180.0
95.36303278069356,-15.711599478861586,-21.47885465826207,100.0,6.0,180.0
94.83471350073889,-15.87272474618504,-21.83293192049804,100.0,6.0,180.0
94.22250332908936,-16.122285784971307,-22.322597266869263,100.0,6.0,180.0
93.77319966107518,-16.35709907250684,-22.97001167694684,100.0,6.0,180.0
93.47244953149313,-16.45211906185252,-23.6349919096764,100.0,6.0,180.0
93.31830905125942,-16.471908731970593,-24.23004727034312,100.0,6.0,180.0
93.3897991208798,-16.412328542688265,-24.76248455809354,100.0,6.0,180.0
93.55949600996074,-16.240860740405253,-25.10597253113708,100.0,6.0,180.0
93.67929857423736,-16.198893356605296,-25.013266870315604,100.0,6.0,180.0
93.72082238889446,-16.316788892840073,-24.47323307304047,100.0,6.0,180.0
93.69869324366157,-16.28453532184807,-23.964359471234776,100.0,6.0,180.0
93.81207155945202,-16.235320665635843,-23.91734304351828,100.0000076293945,6.0,180.0
94.136254428217,-16.402472852038077,-24.147392657011785,100.0,6.0,180.0
94.41892042922372,-16.633715636827446,-24.26847660594975,100.0,6.0,180.0
94.64544188239948,-16.78323111863859,-24.112741777211102,100.0,6.0,180.0
94.90754558799244,-16.808996010905307,-23.73905190526456,100.0,6.0,180.0
95.09172092213942,-16.860213093992655,-23.33706878078795,100.0,6.0,180.0
95.0689362758764,-17.098832755056694,-23.068131676309672,100.0,6.0,180.0
94.79366796668256,-17.420505620621146,-22.928744481508435,100.0,6.0,180.0
94.4597304227884,-17.64776912363304,-22.75022324496977,100.0,6.0,180.0
94.3262961667594,-17.705676330355637,-22.41085930252531,100.0,6.0,180.0
94.36716840123712,-17.69572212317533,-22.078282690857783,100.0,6.0,180.0
94.44893088531532,-17.875521025121,-22.022656443323825,100.0,6.0,180.0
94.55685262780884,-18.2977371749718,-22.338355396017988,100.0,6.0,180.0
94.74502169422834,-18.754282037966647,-22.953482386528,100.0,6.0,180.0
94.86424614538998,-19.23404708835596,-23.54622778212142,100.0,6.0,180.0
94.81947061269744,-19.809743856148337,-23.81798287291366,100.0,6.0,180.0
94.63912853876914,-20.217447567587715,-23.69240199172121,100.0,6.0,180.0
94.3175887344014,-20.26795788511989,-23.28224063922019,100.0,6.0,180.0
94.02338890802432,-20.06198586383337,-22.926188667908026,100.0,6.0,180.0
93.820852618318,-19.725302440725248,-22.84106821664736,100.0,6.0,180.0
93.67912170273172,-19.411235034335427,-22.96545181619671,100.0,6.0,180.0
93.69821693636754,-19.09204879244429,-23.20810416827149,100.0,6.0,180.0
93.9077758988936,-18.68856063750628,-23.617027512204363,100.0,6.0,180.0
94.07651828825972,-18.286234449949248,-24.078738941355176,100.0,6.0,180.0
93.8722626936844,-17.95027567387649,-24.204973081048973,100.0,6.0,180.0
93.25112671087132,-17.68127919370676,-23.981048122670146,100.0,6.0,180.0
92.55241009370864,-17.557885412749634,-23.73892179431669,100.0,6.0,180.0
92.07700987942476,-17.653041078807057,-23.375829680665905,100.0,6.0,180.0
91.873310892853,-17.776533662849634,-22.725876740564303,100.0,6.0,180.0
91.86428984901552,-17.863228627922837,-22.15443530382745,100.0,6.0,180.0
91.94160313708156,-17.94613076874172,-21.932934262477,100.0,6.0,180.0
92.1048971923824,-17.843963887364232,-21.8842748599408,100.0,6.0,180.0
92.30644503020592,-17.64197801328072,-21.84878107239859,100.0,6.0,180.0
92.44888006270908,-17.49683694000669,-21.87180744574367,100.0,6.0,180.0
92.62237485111925,-17.30611070798107,-21.92821307828064,100.0,6.0,180.0
92.96095208439922,-17.034066390633036,-21.741581548254462,100.0,6.0,180.0
93.40390919560588,-16.728435910143926,-21.265620208184167,100.0,6.0,180.0
93.76099540258068,-16.49467281570957,-20.90866452009582,100.0,6.0,180.0
94.04971788537088,-16.425102222235964,-20.91279934361513,100.0,6.0,180.0
94.32904743140962,-16.526746939304807,-21.200024380881608,100.0,6.0,180.0
94.44054345872098,-16.660923051060962,-21.695415548670827,100.0,6.0,180.0
94.36414592584111,-16.66166642716407,-22.42142430848449,100.0,6.0,180.0
94.26962607419944,-16.634746180092048,-23.29643282571037,100.0,6.0,180.0
94.31471841946257,-16.59146889881059,-24.05013322018283,100.0,6.0,180.0
94.44967810914032,-16.378520738903653,-24.57822473594927,100.0,6.0,180.0
94.4020795134845,-16.12085251160585,-25.008287214904552,100.0,6.0,180.0
94.34704834724678,-16.0203850047513,-25.40708246232856,100.0,6.0,180.0
94.5098640541845,-15.948581486348012,-25.838213138221832,100.0,6.0,180.0
94.50115915948476,-15.698308026726751,-26.19029095062064,100.0,6.0,180.0
94.18161462110751,-15.472218850655109,-26.293022693062223,100.0,6.0,180.0
93.81342497137686,-15.536515369543874,-26.3583831376386,100.0,6.0,180.0
93.52399153729388,-15.881112919424275,-26.620035661123115,100.0,6.0,180.0
93.33659341025556,-16.340849018808346,-26.949476254609017,100.0,6.0,180.0
93.25421827513526,-16.68068359281983,-27.09771162414216,100.0,6.0,180.0
93.19365842803836,-16.928488866416327,-27.026642159244552,100.0,6.0,180.0
93.09425307406347,-17.102853155474296,-26.75243872425764,100.0,6.0,180.0
93.026357755435,-17.051988269469057,-26.2707825290308,100.0,6.0,180.0
92.91833929887792,-16.794914090946065,-25.760138301943748,100.0,6.0,180.0
92.6894024306886,-16.441893004155922,-25.34511398028846,100.0000076293945,6.0,180.0
92.5088104164672,-16.215733577894333,-24.93078053565003,100.0,6.0,180.0
92.54558508129652,-16.331661307650098,-24.625980754147268,100.0,6.0,180.0
92.84040762263264,-16.754199544172987,-24.525132229392145,100.0,6.0,180.0
93.26133985687446,-17.13247963926228,-24.361257913969567,100.0,6.0,180.0
93.57709644851364,-17.18246397456635,-24.0901915547793,100.0,6.0,180.0
93.66289555331824,-17.09627869470386,-23.886124278216364,100.0,6.0,180.0
93.63301886180616,-17.154169358877965,-23.85360615707084,100.0,6.0,180.0
93.56459667341764,-17.324971194623647,-24.1399427479408,100.0,6.0,180.0
93.4340872501268,-17.446304342516285,-24.74633991217802,100.0,6.0,180.0
93.35171425694324,-17.55450500785876,-25.47709818894526,100.0,6.0,180.0
93.23391555838089,-17.755878772314013,-26.14905165454964,100.0,6.0,180.0
93.0037186402742,-17.840188036193545,-26.62402554492129,100.0,6.0,180.0
92.74339970924191,-17.70761177083015,-26.71851266301569,100.0,6.0,180.0
92.48888597036265,-17.58275959395413,-26.43980523824835,100.0,6.0,180.0
92.36833531103342,-17.395638032007625,-25.98673020658616,100.0,6.0,180.0
92.44190673132124,-17.059784853094072,-25.540525623612982,100.0,6.0,180.0
92.6008794357595,-16.748742806278596,-25.334042869050283,100.0,6.0,180.0
92.85970658936452,-16.587624968107995,-25.42059034736926,100.0,6.0,180.0
93.24034021078631,-16.594432459078682,-25.628381689582422,100.0,6.0,180.0
93.59874596102892,-16.539273599297974,-25.92516743328091,100.0,6.0,180.0
93.82172715573472,-16.2063750451304,-26.211274546230584,100.0,6.0,180.0
93.9173649008209,-15.769556269934796,-26.2586287825302,100.0,6.0,180.0
93.95472031027695,-15.47363738383216,-26.14610130372443,100.0,6.0,180.0
93.93584124783244,-15.43504597352794,-26.08921654418099,100.0,6.0,180.0
93.9360184630744,-15.684113314936038,-26.1308579642064,100.0,6.0,180.0
94.09355295653388,-16.03572222483842,-26.12012859887957,100.0,6.0,180.0
94.29267496267536,-16.131753481682843,-25.92630767200751,100.0,6.0,180.0
94.2002511793694,-15.87350491464576,-25.527523802590487,100.0,6.0,180.0
93.78220675743684,-15.554334861270128,-24.95762253095484,100.0,6.0,180.0
93.3408311402971,-15.308673239754574,-24.385969917452734,100.0,6.0,180.0
92.9646897352288,-15.023722433552438,-23.90535837387779,100.0,6.0,180.0
92.56556435285624,-14.664202691461895,-23.464972712171715,100.0,6.0,180.0
92.24387243983465,-14.21786765836719,-23.247219966754084,100.0,6.0,180.0
92.13073308313496,-13.8164947688845,-23.45695016559409,100.0,6.0,180.0
92.17710890081656,-13.728802137505877,-23.883767902824204,100.0,6.0,180.0
92.28127201889076,-13.929200247321653,-24.26277088698834,100.0,6.0,180.0
92.37021530206412,-14.258178548157629,-24.62979229126848,100.0,6.0,180.0
92.4203006619823,-14.640486203269104,-25.01945098064692,100.0,6.0,180.0
92.39885565296336,-14.975689877033911,-25.188542871649133,100.0,6.0,180.0
92.37037233240262,-15.229900843002902,-25.07532549934229,100.0,6.0,180.0
92.5310201834409,-15.340688902914913,-24.971537250634867,100.0,6.0,180.0
92.69623798449057,-15.20060181138094,-24.915225193190388,100.0,6.0,180.0
92.6080574714154,-14.941707863432155,-24.74550868272445,100.0,6.0,180.0
92.48966080867342,-14.775760597555042,-24.621092184241974,100.0,6.0,180.0
92.49495455173972,-14.730358783138673,-24.78163237843137,100.0,6.0,180.0
92.55857545393287,-14.804510792661222,-25.164486547798727,100.0,6.0,180.0
92.69486250865133,-14.978720052722222,-25.423859598173085,100.0,6.0,180.0
92.94582928684254,-15.090793958929492,-25.32881682771665,100.0,6.0,180.0
93.32428772025736,-15.02319789960782,-25.198342123839577,100.0,6.0,180.0
93.664904834373,-14.85417061893457,-25.37330377709295,100.0,6.0,180.0
93.73230298814325,-14.68227562777382,-25.741554140193013,100.0,6.0,180.0
93.59201111882903,-14.55485635812668,-26.13403846468177,100.0,6.0,180.0
93.3573438199335,-14.513551747371936,-26.53692051149469,100.0,6.0,180.0
92.96146974526954,-14.588309458675235,-26.88647870515984,100.0,6.0,180.0
92.67522240563451,-14.800405631733152,-27.13907145430207,100.0,6.0,180.0
92.72953866312852,-15.052550499178302,-27.47044509415994,100.0,6.0,180.0
92.80910275450276,-15.332972237320533,-27.70779283542417,100.0,6.0,180.0
92.8226543023929,-15.704044473825526,-27.541502051179773,100.0,6.0,180.0
92.98290865905132,-15.87060213837924,-27.18145123279409,100.0,6.0,180.0
93.2728999343442,-15.700191894219518,-26.79251072416669,100.0,6.0,180.0
93.48246557736582,-15.362497744718016,-26.38384947114804,100.0,6.0,180.0
93.58683288508996,-14.969590099464217,-26.08995896395716,100.0,6.0,180.0
93.67282301604462,-14.760378655019206,-26.005969634058506,100.0,6.0,180.0
93.5809300304114,-14.79876896144695,-26.06992543806261,100.0,6.0,180.0
93.4137868627841,-14.918993747327397,-26.107463754336635,100.0000076293945,6.0,180.0
93.54906058386992,-15.02464625142936,-26.094333003143525,100.0000076293945,6.0,180.0
93.85760704352118,-14.997475686998342,-26.179410828266985,100.0,6.0,180.0
94.018928817181,-14.86880125017888,-26.445080286758948,100.0,6.0,180.0
94.03632493541627,-14.812484735018591,-26.737291822931105,100.0,6.0,180.0
94.01314405479668,-14.897640573144557,-26.93012908335184,100.0,6.0,180.0
94.02570220943448,-15.16690293148812,-27.116820787176568,100.0,6.0,180.0
94.12333898981842,-15.487943222860924,-27.21172412645242,100.0,6.0,180.0
94.19843570705277,-15.64198111946507,-27.11993402968349,100.0,6.0,180.0
94.20728226810547,-15.739697448934477,-26.905958498357204,100.0,6.0,180.0
94.25733855952228,-15.875904514981563,-26.59651464091925,100.0,6.0,180.0
94.34815617299358,-15.894656068051612,-26.259613436836737,100.0,6.0,180.0
94.4502702541666,-15.811496054673588,-25.98595405578373,100.0,6.0,180.0
94.50986749473762,-15.652059102586875,-25.89806949594,100.0,6.0,180.0
94.48664797381986,-15.332430231466097,-26.060827843961864,100.0,6.0,180.0
94.34976154383372,-14.925690005356769,-26.3097281897588,100.0,6.0,180.0
94.17909774437868,-14.516502175555395,-26.53987618957761,100.0,6.0,180.0
94.20899041458478,-14.15872361575346,-26.66994352200453,100.0,6.0,180.0
94.39604857931924,-13.95213302995828,-26.481185738153123,100.0,6.0,180.0
94.59047981316584,-13.899710683154922,-26.053729682385963,100.0,6.0,180.0
94.80108533850648,-14.00979325752566,-25.67279875202937,100.0,6.0,180.0
95.00262428315725,-14.368212490483124,-25.348201739089543,100.0,6.0,180.0
95.18674199412412,-14.821016162901632,-24.993566996853552,100.0,6.0,180.0
95.3102004080488,-15.04042783603807,-24.79958692552533,100.0,6.0,180.0
95.2217664939831,-15.051994359413872,-24.9476834484529,100.0,6.0,180.0
94.85576410132587,-15.206605516499335,-25.246347950074664,100.0,6.0,180.0
94.37314032195128,-15.47233928254185,-25.46832069591258,100.0,6.0,180.0
94.02236671396376,-15.67569326319595,-25.505920277931214,100.0,6.0,180.0
93.79017926228916,-15.972990302094086,-25.462039911734102,100.0,6.0,180.0
93.46899265216804,-16.316127897585428,-25.736913272235903,100.0,6.0,180.0
92.96444877878557,-16.478284051083538,-26.304564445151087,100.0,6.0,180.0
92.3877566232213,-16.39772127992574,-26.608334311990507,100.0,6.0,180.0
91.8250020745217,-16.15119048545298,-26.472366058983543,100.0,6.0,180.0
91.31272580880274,-15.859815775694596,-26.18572706013052,100.0,6.0,180.0
91.065687414046,-15.660566229725076,-25.894967383190725,100.0,6.0,180.0
91.25916298500502,-15.53672937516803,-25.5934335071954,100.0,6.0,180.0
91.786890517009,-15.39770948825861,-25.502551090578507,100.0,6.0,180.0
92.29109675920938,-15.27360108730841,-25.83951653480611,100.0,6.0,180.0
92.68407365000436,-15.104329503074664,-26.4063170310134,100.0,6.0,180.0
93.08076802353588,-15.028970792636237,-26.97718123474416,100.0,6.0,180.0
93.26545158768148,-15.257179357546333,-27.530449442434808,100.0,6.0,180.0
93.14359055180458,-15.550500490537882,-28.09360797573516,100.0,6.0,180.0
92.82143587271376,-15.717782883913486,-28.64420630264148,100.0,6.0,180.0
92.64220055902712,-15.8403543202512,-29.1075931194124,100.0,6.0,180.0
92.94311432021884,-15.862619631915404,-29.29846168126268,100.0,6.0,180.0
93.4655702671504,-15.68830908326074,-28.978555198321025,100.0,6.0,180.0
93.91980338290624,-15.384665123354296,-28.26552316210068,100.0,6.0,180.0
94.2841523393938,-15.12811017473563,-27.517466621095053,100.0,6.0,180.0
94.56097124197792,-15.028512920099596,-27.088947791156087,100.0,6.0,180.0
94.69029076248904,-15.119895998939668,-27.21396070537092,100.0,6.0,180.0
94.58451284333508,-15.312939522933448,-27.69849940941784,100.0,6.0,180.0
94.18832945626475,-15.365603719912926,-28.155631278983048,100.0,6.0,180.0
93.64120528570952,-15.27632566305382,-28.373898131556714,100.0,6.0,180.0
93.26088431253042,-15.32460337826178,-28.423311818000187,100.0,6.0,180.0
93.17819758519408,-15.600092717606936,-28.56055944450526,100.0,6.0,180.0
93.32733830803686,-15.94034969366465,-28.669223948195565,100.0,6.0,180.0
93.6403885317694,-16.097788271183244,-28.477217430486284,100.0,6.0,180.0
93.99208989389116,-15.94898008189578,-28.0640804731052,100.0,6.0,180.0
94.14137881618376,-15.76740063593941,-27.61436684550193,100.0,6.0,180.0
93.96935383182148,-15.731548078133258,-27.232544305705776,100.0,6.0,180.0
93.70409747538336,-15.800345892881168,-26.928065034995065,100.0,6.0,180.0
93.73741984121487,-15.902524161962749,-26.769100273271214,100.0,6.0,180.0
94.04814793183446,-15.929433121866673,-26.813023650682627,100.0,6.0,180.0
94.26110326833616,-15.89723985270122,-27.11219643598473,100.0,6.0,180.0
94.2967875658028,-15.704108160667362,-27.69378374436038,100.0,6.0,180.0
94.1978533311144,-15.415307490393513,-28.20600360459127,100.0,6.0,180.0
93.98316959266944,-15.198496343504036,-28.34099957033989,100.0,6.0,180.0
93.7821351431636,-14.933210847880046,-28.38946039685925,100.0,6.0,180.0
93.56508072129832,-14.718174857393304,-28.684269114420047,100.0,6.0,180.0
93.20902904198608,-14.687731577624731,-29.07387031083311,100.0,6.0,180.0
92.71701308402004,-14.740197954893809,-29.2889417252957,100.0,6.0,180.0
92.25657736708354,-14.863730746659558,-29.322654498225656,100.0,6.0,180.0
92.01115902279844,-15.033278015656926,-29.35359381700724,100.0,6.0,180.0
92.08145216080224,-15.18768215511732,-29.48366704891692,100.0,6.0,180.0
92.36060437592424,-15.24388394292412,-29.8247701715348,100.0,6.0,180.0
92.55145231380426,-15.231143324266254,-30.382752784762,100.0,6.0,180.0
92.60763355465886,-15.324546079927629,-30.854299278365666,100.0,6.0,180.0
92.62705736835024,-15.434870388749603,-31.10561564838933,100.0,6.0,180.0
92.58422432992722,-15.464411377129036,-31.286256268597548,100.0,6.0,180.0
92.44733390080516,-15.50083770960478,-31.360396093481203,100.0,6.0,180.0
92.2412831564734,-15.581581255679716,-31.205072524627003,100.0,6.0,180.0
92.17494879862684,-15.565200903120708,-30.90334946707572,100.0,6.0,180.0
92.33376897237916,-15.331014488881126,-30.67630230888651,100.0,6.0,180.0
92.41080540050984,-15.041936536078172,-30.62521059268434,100.0,6.0,180.0
92.29965109195771,-14.8451573182252,-30.56352547558388,100.0,6.0,180.0
92.2364823262546,-14.713832408448024,-30.40547645905224,100.0,6.0,180.0
92.33751901751964,-14.637899055413005,-30.208349975002367,100.0,6.0,180.0
92.44013770090476,-14.735101271180664,-29.923630111429,100.0,6.0,180.0
92.33601656091705,-14.998041281577787,-29.64674234282489,100.0,6.0,180.0
91.9869407290288,-15.181393833778971,-29.499357862099,100.0,6.0,180.0
91.55405160001924,-15.194771619863712,-29.31063578520662,100.0,6.0,180.0
91.31478750434522,-15.185279986518474,-29.03287737350781,100.0,6.0,180.0
91.40821335208588,-15.175489260015093,-28.889497868863018,100.0,6.0,180.0
91.73191071786124,-15.055525173887125,-28.86281936577621,100.0,6.0,180.0
92.0818856465176,-14.979406986384085,-28.79414260726692,100.0,6.0,180.0
92.26695599776288,-15.06482957128803,-28.673307599462746,100.0,6.0,180.0
92.36193394381488,-15.109653625933673,-28.484887719055607,100.0,6.0,180.0
92.62604702150166,-15.121536328022982,-28.283024936062937,100.0,6.0,180.0
93.00707379036548,-15.267776281498252,-28.24781635469597,100.0,6.0,180.0
93.32450851325824,-15.576434582369092,-28.34698413959563,100.0,6.0,180.0
93.57474733567456,-15.959535150287568,-28.3835479701042,100.0,6.0,180.0
93.80086059212798,-16.26530625237728,-28.38337988519637,100.0,6.0,180.0
93.99762775860154,-16.283247525675957,-28.47049518832145,100.0,6.0,180.0
94.10591827465612,-15.946983765201356,-28.65038523962876,100.0,6.0,180.0
94.17733506637362,-15.663691210849064,-28.96335258719316,100.0,6.0,180.0
94.24446090729676,-15.693101911115669,-29.46311121225264,100.0,6.0,180.0
94.25284584468424,-15.817203573573842,-29.99303048407913,100.0,6.0,180.0
94.24140086317844,-15.878455129329277,-30.2721956446788,100.0,6.0,180.0
94.1426128458142,-15.794457505637943,-30.249035533085525,100.0,6.0,180.0
93.91324025888854,-15.539459559683172,-30.045195246212344,100.0,6.0,180.0
93.72602247576336,-15.314913807598163,-29.840484231677824,100.0,6.0,180.0
93.76301838081734,-15.345710293652395,-29.78915293895201,100.0,6.0,180.0
93.92585489463976,-15.556548599160507,-29.75534724579377,100.0,6.0,180.0
93.92002284154069,-15.839351586647512,-29.60497264358011,100.0,6.0,180.0
93.74972999736931,-16.225705230504314,-29.31949083595964,100.0,6.0,180.0
93.74888166512018,-16.55392431927236,-29.019514060932515,100.0,6.0,180.0
93.96033587266452,-16.574974154338385,-29.05335768700936,100.0,6.0,180.0
94.11476134290864,-16.222736768585747,-29.446500114334984,100.0,6.0,180.0
94.14076110197414,-15.729569137647092,-29.955078999040232,100.0,6.0,180.0
94.04563348209687,-15.45620957915159,-30.47418229839001,100.0,6.0,180.0
93.93647889286947,-15.490179080908684,-30.92541515722821,100.0,6.0,180.0
93.95206212319354,-15.6342355961475,-31.274458488687767,100.0,6.0,180.0
94.16476484537748,-15.732789938939948,-31.527608331609656,100.0,6.0,180.0
94.52931792101948,-15.84974023493124,-31.68148347023008,100.0,6.0,180.0
94.79166053417212,-15.979537548045368,-31.77361157467654,100.0,6.0,180.0
94.89111017723371,-15.812361458271436,-31.88621322398269,100.0,6.0,180.0
94.8753066529805,-15.273263656481284,-31.82346605702491,100.0,6.0,180.0
94.80570782268738,-14.718319239045451,-31.49917637564256,100.0,6.0,180.0
94.75105486068492,-14.339034682037308,-31.335505080053824,100.0,6.0,180.0
94.75610835457888,-14.11036032632107,-31.490701553603373,100.0,6.0,180.0
94.94546963929558,-14.07335663605297,-31.82413346391553,100.0,6.0,180.0
95.34262168202704,-14.318963685869823,-32.13674194415435,100.0,6.0,180.0
95.71442276122204,-14.783277001298856,-32.30375106058286,100.0,6.0,180.0
95.72075006853576,-15.302216332962384,-32.46579467070317,100.0,6.0,180.0
95.2927135810622,-15.768132980413654,-32.61021630303157,100.0,6.0,180.0
94.68682218388372,-16.047657015622644,-32.646183633324554,100.0,6.0,180.0
94.23074927207088,-16.151586677676598,-32.59923805260016,100.0,6.0,180.0
93.91840004173709,-16.307275134987865,-32.58840652358216,100.0,6.0,180.0
93.6231910559953,-16.54358191450612,-32.58356781785694,100.0,6.0,180.0
93.51562080375692,-16.602114018639192,-32.37695170410263,100.0,6.0,180.0
93.75962078585091,-16.552853125999015,-32.17331441439553,100.0,6.0,180.0
94.11402915828604,-16.658616094727805,-32.17770432918491,100.0,6.0,180.0
94.30295875774934,-16.80061550626571,-32.10686640099123,100.0,6.0,180.0
94.44122982691243,-16.792415571828048,-31.746342615490576,100.0,6.0,180.0
94.5876034276846,-16.646325062567637,-31.31080096224426,100.0,6.0,180.0
94.70996479751696,-16.493155019712326,-31.109191319081248,100.0,6.0,180.0
94.9087108545198,-16.371329539305872,-31.244871740860123,100.0,6.0,180.0
95.2460822129086,-16.24094569249655,-31.49871264346277,100.0,6.0,180.0
95.65567752026556,-16.12234599651197,-31.561636804435928,100.0,6.0,180.0
95.8593671442891,-15.965759083926994,-31.487261717662967,100.0,6.0,180.0
95.60406932699227,-15.77869167027912,-31.64637889346965,100.0,6.0,180.0
95.11749243696693,-15.647056383761203,-32.15321648696576,100.0,6.0,180.0
94.68293687680426,-15.5910532817789,-32.72417589229686,100.0,6.0,180.0
94.30118604549422,-15.607948452120109,-33.08211599588674,100.0,6.0,180.0
94.0648999649461,-15.753281789670297,-33.132116390705455,100.0,6.0,180.0
93.90823020553717,-16.0955401514298,-32.95190608872258,100.0,6.0,180.0
93.5467066875391,-16.488798246303435,-32.6214562181949,100.0,6.0,180.0
93.10551367100672,-16.720971196322335,-32.281971017716344,100.0,6.0,180.0
92.9869703010858,-16.79799196322886,-32.07373537795284,100.0,6.0,180.0
93.25413795306652,-16.71014466177886,-32.04840611122125,100.0,6.0,180.0
93.67282799031274,-16.410713991003462,-32.14875719021058,100.0,6.0,180.0
94.1310537084013,-16.045539641158506,-32.2029094297733,100.0,6.0,180.0
94.71176796137952,-15.672344510589816,-32.21256208545652,100.0,6.0,180.0
95.33455205574292,-15.235998936921304,-32.17491917138859,100.0,6.0,180.0
95.7525993855579,-14.96019359056029,-31.98055323563353,100.0,6.0,180.0
95.84103074475924,-15.0746177457889,-31.758861392785217,100.0,6.0,180.0
95.65050745099909,-15.298292073094334,-31.76379512657828,100.0,6.0,180.0
95.3079390531525,-15.126984668139382,-31.941122955744355,100.0,6.0,180.0
94.97326030633896,-14.699055943501405,-32.050279924912694,100.0,6.0,180.0
94.7562501724356,-14.605701510913429,-32.04752762014901,100.0,6.0,180.0
94.6970450604496,-14.850538507286696,-32.05608025253931,100.0,6.0,180.0
94.81092770983211,-15.124976936845544,-32.07296595480346,100.0,6.0,180.0
95.07204372293133,-15.398414451233306,-31.943263541102308,100.0,6.0,180.0
95.52283425701042,-15.568845932385884,-31.67550764128856,100.0,6.0,180.0
96.00330887786195,-15.656286431211852,-31.49347645999969,100.0,6.0,180.0
96.34371428136322,-15.702935028385944,-31.655047694158537,100.0,6.0,180.0
96.62242386884348,-15.461681605723784,-32.09624780321222,100.0,6.0,180.0
96.70021790022122,-15.04342807961862,-32.4248012652751,100.0,6.0,180.0
96.48125193952724,-14.653264548853414,-32.619019403558426,100.0,6.0,180.0
96.08418383327214,-14.254659417367971,-32.8982954837085,100.0,6.0,180.0
95.57913191343542,-13.90189503280817,-33.185028341528096,100.0,6.0,180.0
95.14243412787282,-13.633501568402774,-33.30050606649649,100.0,6.0,180.0
95.09479987336697,-13.486327690091382,-33.328839301496934,100.0,6.0,180.0
95.34798631312032,-13.448329074079796,-33.44719740834238,100.0,6.0,180.0
95.44173494912516,-13.324943388245623,-33.663573838824696,100.0,6.0,180.0
95.43442137572798,-13.20837242073044,-33.9703735537183,100.0,6.0,180.0
95.572822332286,-13.29335602418951,-34.21632926530769,100.0,6.0,180.0
95.89430385920464,-13.407907926524004,-34.498665653904986,100.0,6.0,180.0
96.48013204247351,-13.515430548474091,-35.045584986043465,100.0,6.0,180.0
97.14791900490845,-13.76195184316738,-35.42444323597053,100.0,6.0,180.0
97.64457952876616,-14.215843251366811,-35.28749551675854,100.0,6.0,180.0
97.9773013336717,-14.77285950727888,-34.8206393910716,100.0,6.0,180.0
98.09088233945737,-15.24748135657303,-34.43113323688071,100.0,6.0,180.0
97.97165770347446,-15.61902994056684,-34.355781083594934,100.0,6.0,180.0
97.6614000559158,-16.03976697457811,-34.45563843243768,100.0,6.0,180.0
97.23861441241736,-16.493757777247954,-34.66034627106339,99.99999237060548,6.0,180.0
96.92830851322545,-16.683224686189362,-34.68093717027156,100.0,6.0,180.0
96.74018139067708,-16.6809446101477,-34.388114681440804,100.0,6.0,180.0
96.71150538286504,-16.723693348716417,-34.181169458520955,100.0,6.0,180.0
96.87778185243994,-16.64536573137261,-34.16247989223003,100.0,6.0,180.0
97.10062228176903,-16.349127172719765,-34.27515324197724,100.0,6.0,180.0
97.38482042300429,-16.01154349472876,-34.52646107953099,100.0,6.0,180.0
97.74133232016636,-15.754080233097438,-34.7339367515529,100.0,6.0,180.0
98.15527833297548,-15.665535998198369,-34.838002936890035,100.0,6.0,180.0
98.53351552791692,-15.73969844798354,-34.921427752094424,100.0,6.0,180.0
98.65959660390716,-15.772863603680769,-34.93757125567393,100.0,6.0,180.0
98.62010345124276,-15.750712728270027,-35.01124541474645,100.0,6.0,180.0
98.52054642152078,-15.775570499300644,-35.14573650486037,100.0,6.0,180.0
98.21590405702828,-15.69986193249706,-35.12128216735865,100.0,6.0,180.0
97.8994867139862,-15.46772183327981,-35.10950120011085,100.0,6.0,180.0
97.80413421835704,-15.251957718215271,-35.25781781887273,100.0,6.0,180.0
97.85647229002576,-15.155726428033788,-35.32237342687147,100.0,6.0,180.0
97.97253046938076,-15.172008744991718,-35.20363596490665,100.0,6.0,180.0
98.23515911631884,-15.233828788049948,-35.16553584426302,100.0,6.0,180.0
98.5153371977914,-15.329725718513355,-35.276416935837425,100.0,6.0,180.0
98.36749366188506,-15.502598083051266,-35.161292230243795,100.0,6.0,180.0
98.0082143254768,-15.691062550793578,-34.88072102753046,100.0,6.0,180.0
97.93066394068728,-15.937158360759495,-34.83506110601438,100.0,6.0,180.0
97.95359560234007,-16.37021539687243,-34.88814980971035,100.0,6.0,180.0
97.94406490593666,-16.80229236749455,-34.964699997493994,100.0,6.0,180.0
97.89060078462305,-17.01478871435309,-35.19548997006144,100.0,6.0,180.0
97.61176410683127,-17.10307760287571,-35.421278879256825,100.0,6.0,180.0
97.26494843204118,-17.119447267220586,-35.48231266654969,100.0,6.0,180.0
96.90390637716987,-16.956148265090288,-35.53324182676453,100.0,6.0,180.0
96.56565322523998,-16.721574984497867,-35.80407967820191,100.0,6.0,180.0
96.57212321713652,-16.598414078253995,-36.241441899232,100.0,6.0,180.0
96.82928062657274,-16.444462937653103,-36.60501780113315,100.0,6.0,180.0
97.10282978512724,-16.134780899250156,-36.77436519734543,100.0,6.0,180.0
97.43510987918974,-15.97687905344116,-36.73676565342765,100.0,6.0,180.0
97.7572250825206,-16.110231261359836,-36.53501484848625,100.0,6.0,180.0
97.87955107840492,-16.296258448701977,-36.34812855977073,100.0,6.0,180.0
97.8291044367136,-16.46465574376733,-36.28022141942089,100.0,6.0,180.0
97.80643233809738,-16.604449022479134,-36.39646882134632,100.0,6.0,180.0
97.8493445231532,-16.630477722121142,-36.653288109907706,100.0,6.0,180.0
97.89783837771098,-16.568330887281924,-36.86848036741949,100.0,6.0,180.0
97.9051810589443,-16.62822541129855,-37.033884966878894,100.0,6.0,180.0
97.76953829485736,-16.85952759422675,-37.23816593035269,100.0,6.0,180.0
97.58598083547396,-17.033505774793525,-37.47204364390581,100.0,6.0,180.0
97.57968012464752,-17.109166963245144,-37.62735910590361,100.0,6.0,180.0
97.62443452061984,-17.137454450571905,-37.5116313445667,100.0,6.0,180.0
97.51513590896388,-17.083046875447337,-36.981430205682784,100.0,6.0,180.0
97.38251493431738,-17.085617784887344,-36.258940206276826,100.0,6.0,180.0
97.40839930739614,-17.107244028144034,-35.6742651019736,100.0000076293945,6.0,180.0
97.61742243976693,-16.948952674515127,-35.13851512005272,100.0000076293945,6.0,180.0
97.67070602215954,-16.627889526077222,-34.72050618254396,100.0,6.0,180.0
97.3307755739188,-16.165154023134576,-34.83194403232995,100.0,6.0,180.0
96.89086654609942,-15.852748024129983,-35.30132246921769,100.0,6.0,180.0
96.62392302336086,-15.94690045148574,-35.86590113915016,100.0,6.0,180.0
96.63187484655396,-16.276301340347747,-36.603556589237,100.0,6.0,180.0
96.7260514435821,-16.662801414976656,-37.27858182406876,100.0,6.0,180.0
96.65260773483584,-16.791408794209875,-37.47070029622357,100.0,6.0,180.0
96.60930201973162,-16.473904474076626,-37.16927692820648,100.0,6.0,180.0
96.76635070911549,-15.904870023583973,-36.84863640612052,100.0,6.0,180.0
96.93219461681198,-15.345188924060547,-36.777447656588194,100.0,6.0,180.0
97.09183550477304,-15.015942038004155,-36.7657155661425,100.0,6.0,180.0
97.35439656386288,-14.947547904693868,-36.65489450719927,100.0,6.0,180.0
97.66110917375096,-14.972644615107056,-36.55653729391906,100.0,6.0,180.0
97.92452933200067,-14.902737226762808,-36.58344421488647,100.0,6.0,180.0
97.877124245933,-14.733270515830192,-36.73371928833204,100.0,6.0,180.0
97.438981267076,-14.663540532194371,-36.91604264902439,100.0,6.0,180.0
96.98221022867288,-14.790856710008976,-37.01685308916144,100.0,6.0,180.0
96.84136888890876,-14.896274534699671,-36.9652879093786,100.0,6.0,180.0
97.06709851400012,-14.840121074185118,-36.77696467541944,100.0,6.0,180.0
97.53053820599136,-14.802546912863736,-36.75926459555362,100.0,6.0,180.0
98.07584452050074,-14.863717999896812,-36.98212841453137,100.0,6.0,180.0
98.60378497842552,-14.930415672035943,-37.18325452552991,100.0,6.0,180.0
99.08464914340384,-14.889603902068586,-37.32731219333476,100.0,6.0,180.0
99.32353415380192,-14.841481716958327,-37.47506110179904,100.0,6.0,180.0
99.18004936732908,-14.926248943269709,-37.61123294338984,100.0,6.0,180.0
98.98194818798048,-14.86971337431633,-37.74484611037141,100.0,6.0,180.0
99.01325630075394,-14.597324913192288,-37.93557859307645,100.0,6.0,180.0
99.0947522603094,-14.450737851000904,-38.09607692771094,100.0,6.0,180.0
99.04461105451708,-14.468539516664409,-38.13592939376555,100.0,6.0,180.0
99.01655997704572,-14.644776955704309,-38.13079441608399,100.0,6.0,180.0
99.17926040212733,-15.172806966742584,-38.17724805230574,100.0,6.0,180.0
99.35390734150188,-15.884223516369438,-38.32613141761731,100.0,6.0,180.0
99.33741167344056,-16.3566480723563,-38.51128646289758,100.0,6.0,180.0
99.34535885475124,-16.469533305498352,-38.644739253500525,100.0,6.0,180.0
99.54739300738112,-16.468398428982923,-38.76061060357459,100.0,6.0,180.0
99.77875992221472,-16.485407089039217,-38.89123871264448,100.0,6.0,180.0
99.92601864843589,-16.39227343383712,-38.9431220586352,100.0,6.0,180.0
100.18297025553356,-16.324607934095845,-38.86573625072028,100.0,6.0,180.0
100.57620620128102,-16.42058495368022,-38.7737573087649,100.0,6.0,180.0
100.6800512125858,-16.386716544761036,-38.85677062355654,100.0,6.0,180.0
100.47505116343348,-16.171053497978114,-39.14375188825528,100.0,6.0,180.0
100.30272333865908,-16.18202655099299,-39.45506166404813,100.0,6.0,180.0
100.31687719083992,-16.586093783943383,-39.5116494235482,100.0,6.0,180.0
100.43546466152624,-17.01896236138917,-39.31433288125021,100.0,6.0,180.0
100.4468930287956,-17.12942481955225,-39.194807578514606,100.0,6.0,180.0
100.40374539345808,-16.78075656012654,-39.237967343323575,100.0,6.0,180.0
100.5058576859398,-16.156608138161502,-39.36685521703192,100.0,6.0,180.0
100.6595782461695,-15.62164940329895,-39.64046644757105,100.0,6.0,180.0
100.57272518297584,-15.101380565230835,-40.18330645983611,100.0,6.0,180.0
100.27004495183648,-14.576252611620491,-40.86691870730536,100.0,6.0,180.0
100.01677058274188,-14.250302175688985,-41.39878604914716,100.0,6.0,180.0
99.825909353949,-14.1541228858609,-41.853033532728816,100.0,6.0,180.0
99.62506765558636,-14.229433757552608,-42.29594898275601,100.0,6.0,180.0
99.37646917163724,-14.28246080067828,-42.46164049822415,100.0,6.0,180.0
98.9178180016364,-14.269960885534797,-42.25996045031944,100.0,6.0,180.0
98.06306622776656,-14.406901076256286,-41.89473336658087,100.0,6.0,180.0
96.7593527441534,-14.689048574948378,-41.55328195918118,100.0,6.0,180.0
95.20644478899996,-14.974027310910726,-41.22160711697136,100.0,6.0,180.0
93.49238163691646,-15.2012264033072,-40.759367125886826,99.999755859375,6.0,180.0
91.42410732726272,-15.141238155392513,-40.08943513198122,99.999755859375,6.0,180.0
88.84412367354189,-14.6069907911451,-39.16465868276942,99.99283599853516,6.0,180.0
85.68845399059293,-13.771004453602572,-37.96310533067124,99.9593276977539,6.0,180.0
81.98783180142951,-12.86703891756452,-36.56224205207333,99.89676666259766,6.0,180.0
77.8045953300345,-11.948843556981052,-34.968501840218686,99.81166076660156,6.0,180.0
73.21096431784781,-10.997431626435024,-33.245250589681966,99.71871948242188,6.0,180.0
68.39308486256627,-9.980278561430866,-31.57010407841371,99.62228393554688,6.0,180.0
63.49410177111475,-8.929526074150559,-30.12552023524721,99.52444458007812,6.0,180.0
58.56748105932003,-7.873925382070948,-29.015343221243807,99.52444458007812,6.0,180.0
53.77083282350807,-6.831551143426987,-28.020639080205857,99.4253921508789,6.0,180.0
49.44291750998188,-5.913478555766588,-27.112355084424987,99.3258819580078,6.0,180.0
45.89590173269583,-5.09053346732097,-26.550244778734218,99.22623443603516,6.0,180.0
43.329703919275794,-4.332946874733943,-26.32339800022732,99.12654876708984,6.0,180.0
41.68154783094058,-3.7193931278338135,-26.2764587714236,99.0263671875,6.0,180.0
40.56106702176712,-3.2106582934412766,-26.170350924688147,98.92630767822266,6.0,180.0
39.76350261220043,-2.829023942084205,-25.912806857027395,98.8263702392578,6.0,180.0
39.22104700276629,-2.640143156822923,-25.549063852959083,98.8263702392578,6.0,180.0
38.741371040530126,-2.6476209666405977,-24.98632629964917,98.72643280029295,6.0,180.0
38.33708180447312,-2.854490478776845,-24.51914386677065,98.62653350830078,6.0,180.0
38.32120916851633,-3.1311081373473537,-24.426231506139125,98.52655029296876,6.0,180.0
38.65125346241641,-3.4465315036956947,-24.361984166466268,98.42645263671876,6.0,180.0
38.90198285176535,-3.834842851213521,-24.08553529483525,98.32666015625,6.0,180.0
38.994101723359904,-4.266175154918553,-23.7165686373193,98.22665405273438,6.0,180.0
38.9672682063158,-4.755740104873476,-23.41636004144775,98.22665405273438,6.0,180.0
38.74473544713515,-5.09035526268862,-23.30218533372524,98.1266632080078,6.0,180.0
38.502473810788494,-5.20417965512446,-23.33182791211851,98.02643585205078,6.0,180.0
38.4017227012896,-5.29429983613092,-23.42663977455605,97.92634582519533,6.0,180.0
38.34552057974034,-5.198920828217926,-23.4636111250858,97.82647705078124,6.0,180.0
38.36106700201029,-4.971806571311804,-23.288430362928217,97.72649383544922,6.0,180.0
38.4394984036645,-5.060853472128526,-23.081877824469345,97.6263656616211,6.0,180.0
38.31346126301543,-5.385637838278269,-23.021564595702028,97.52642059326172,6.0,180.0
37.91141530730713,-5.665425583064073,-22.943351764691013,97.52642059326172,6.0,180.0
37.40898607648448,-5.839023509426755,-22.834071126932272,97.4266586303711,6.0,180.0
36.96402837657506,-5.85490030505318,-22.72834311155089,97.32699584960938,6.0,180.0
36.69434816654742,-5.767844686088789,-22.559286284635927,97.22672271728516,6.0,180.0
36.70995236624484,-5.673191949721107,-22.482799907882104,97.12615966796876,6.0,180.0
36.9408036281858,-5.53309930240529,-22.56225746618681,97.02622985839844,6.0,180.0
37.21888069882162,-5.264398909470012,-22.64757901897085,96.92637634277344,6.0,180.0
37.54388177861093,-4.974662092672689,-22.742051626271973,96.92637634277344,6.0,180.0
37.66559142268533,-4.789708510849424,-22.82441576327068,96.82658386230467,6.0,180.0
37.43296477733075,-4.794995118437475,-22.872185188088565,96.72657012939452,6.0,180.0
37.47150628992218,-5.105345747282908,-23.114015274925976,96.62641143798828,6.0,180.0
38.11830554945192,-5.652449799971304,-23.441633467677057,96.52645111083984,6.0,180.0
38.827077088289045,-6.167788716566662,-23.398921672328694,96.42675018310548,6.0,180.0
39.281854113549386,-6.369454070014267,-23.07807619939369,96.32682800292967,6.0,180.0
39.66814467563697,-6.300396954790447,-23.02704999813481,96.22650146484376,6.0,180.0
40.08305766206921,-6.292017146129782,-23.31172563483408,96.22650146484376,6.0,180.0
40.69787600715487,-6.47812256675036,-23.70080351410188,96.12645721435548,6.0,180.0
41.58180456154495,-6.808421666303232,-24.126286848716884,96.02645111083984,6.0,180.0
42.3957461846822,-7.216604576355531,-24.54930731331652,95.92652893066406,6.0,180.0
42.81899969783628,-7.460875304639013,-24.80342425283257,95.82656860351562,6.0,180.0
42.80211413817282,-7.568100136903706,-24.7815502954438,95.72640991210938,6.0,180.0
42.500789741720126,-7.795774891020491,-24.65432540558815,95.62657928466795,6.0,180.0
42.22027980835286,-8.08760516727524,-24.428978872060657,95.62657928466795,6.0,180.0
42.28065744050967,-8.302094777159121,-24.15376688179247,95.52661895751952,6.0,180.0
42.50926209238016,-8.330688633571121,-23.92283843752412,95.4269790649414,6.0,180.0
42.56195503581714,-8.259978957813537,-23.50377524570858,95.32674407958984,6.0,180.0
42.57084220172816,-8.2582115550401,-22.874354733490527,95.22626495361328,6.0,180.0
42.49044931304825,-8.205204406671855,-22.194845792956457,95.12641143798828,6.0,180.0
42.12114646318057,-8.00616298118152,-21.54407017853332,95.02632904052734,6.0,180.0
41.77398878401455,-7.704346893752858,-21.156522742871346,94.92640686035156,6.0,180.0
41.62220404886115,-7.485431993363448,-21.03859946922872,94.92640686035156,6.0,180.0
41.522590483877984,-7.553636854250161,-20.943778928907992,94.8265151977539,6.0,180.0
41.63512017802116,-7.836566685634236,-20.806108903175545,94.7264175415039,6.0,180.0
42.05711612616187,-8.12050947266875,-20.708092613612507,94.62648010253906,6.0,180.0
42.69301600809145,-8.232595068458338,-20.939935026262084,94.52655792236328,6.0,180.0
43.46626924315027,-8.094661951877628,-21.519533920823736,94.42647552490234,6.0,180.0
44.00096234318496,-7.674634149791161,-21.9905759511244,94.32649230957033,6.0,180.0
44.09063898843186,-7.18699550992808,-22.242286116567715,94.32649230957033,6.0,180.0
43.9855913250852,-6.9107084705962,-22.21815846212002,94.22642517089844,6.0,180.0
43.82988934449893,-6.871038467803983,-21.78294043251611,94.12657165527344,6.0,180.0
43.69373255287541,-7.08655191908583,-21.294657011984924,94.02650451660156,6.0,180.0
43.59580664594774,-7.438577778649576,-21.055049718313047,93.9264907836914,6.0,180.0
43.36766440130757,-7.771281137159848,-20.88165819282067,93.82646942138672,6.0,180.0
43.00596231800751,-8.212068851199213,-20.700547819921447,93.72640991210938,6.0,180.0
42.78925597194085,-8.695535790048554,-20.895344675980617,93.62654876708984,6.0,180.0
42.885939003779455,-8.946684238912331,-21.45469304140426,93.62654876708984,6.0,180.0
43.35594482100993,-8.962466138635842,-21.818328871507333,93.5264663696289,6.0,180.0
44.10077003319609,-8.970733957412202,-21.78820180870517,93.42649841308594,6.0,180.0
44.80770741833511,-9.066169634713322,-21.58489561536273,93.32656860351562,6.0,180.0
45.31045326303989,-9.056864863097594,-21.258744754921462,93.22640991210938,6.0,180.0
45.699655992807294,-8.994983373832737,-20.89861844870457,93.12650299072266,6.0,180.0
46.375344554548256,-9.151464525148835,-20.74273608260277,93.02643585205078,6.0,180.0
47.35136754491707,-9.350734009947798,-20.74434357897929,92.92657470703124,6.0,180.0
47.997061002536064,-9.380787996832536,-20.89802548826661,92.92657470703124,6.0,180.0
48.20609277403071,-9.38941849935362,-21.137304635572487,92.82662963867188,6.0,180.0
48.15402194807519,-9.461142360879986,-21.2770117815714,92.72659301757812,6.0,180.0
47.75580250747863,-9.574796271008228,-21.45295853548776,92.6267547607422,6.0,180.0
47.35490971920526,-9.743998776589327,-21.830068860581115,92.5265655517578,6.0,180.0
47.39129874178242,-9.95741088915062,-22.135201072233755,92.4263916015625,6.0,180.0
47.83464137826432,-10.25907612087956,-22.01155939048619,92.32640075683594,6.0,180.0
48.32641032209448,-10.691748935233022,-21.54291535148226,92.32640075683594,6.0,180.0
48.53077364049115,-11.07712632814252,-20.88010125626859,92.2264633178711,6.0,180.0
48.531065783125136,-11.262689886559777,-20.230755728873223,92.12649536132812,6.0,180.0
48.70832624717114,-11.36096239118652,-19.88026090086876,92.02639770507812,6.0,180.0
49.16604917408137,-11.516403581645124,-19.88949232617152,91.92646026611328,6.0,180.0
49.666774662845214,-11.685711701752387,-20.100957390716307,91.82647705078124,6.0,180.0
50.20908496391991,-11.877907475015135,-20.32662329648776,91.72648620605467,6.0,180.0
51.00709053649369,-12.185799944158358,-20.710910518731428,91.62648010253906,6.0,180.0
52.08677783864687,-12.520338133547448,-21.2359837713636,91.62648010253906,6.0,180.0
53.32427844341517,-12.886823629662969,-21.61809921564539,91.5264663696289,6.0,180.0
54.80514679145551,-13.385445075931,-21.813728356375403,91.42654418945312,6.0,180.0
56.46631121539837,-13.88526132978207,-21.913314504132583,91.32642364501952,6.0,180.0
57.68993570450544,-14.112852319423975,-22.023074614153806,91.22649383544922,6.0,180.0
58.26984900538128,-13.991424350564458,-21.97014665704053,91.1265640258789,6.0,180.0
58.599556554352624,-13.79603350661381,-21.51433139187797,91.02655029296876,6.0,180.0
58.90981647646112,-13.814645211380912,-20.960461473597928,91.02655029296876,6.0,180.0
59.45487461517297,-13.990124651539436,-20.679867580197275,90.92659759521484,6.0,180.0
60.38786597789718,-14.11818422869098,-20.56215910217266,90.82644653320312,6.0,180.0
61.2618916261622,-14.21383070507351,-20.41151026382025,90.72643280029295,6.0,180.0
61.70812134022136,-14.268428060960495,-20.181550002538373,90.62638092041016,6.0,180.0
61.88750340197896,-14.136786945486763,-19.919759085077377,90.52647399902344,6.0,180.0
61.90096049056185,-13.858643814991048,-19.69586711874228,90.42655181884766,6.0,180.0
61.73590713361309,-13.560813457093506,-19.50702943547927,90.32652282714844,6.0,180.0
61.38465945444483,-13.368122001416056,-19.3030038826702,90.32652282714844,6.0,180.0
60.6756008367629,-13.365066557109577,-19.03201190387635,90.2265396118164,6.0,180.0
59.673479834849545,-13.48211028610012,-18.50819969085332,90.12650299072266,6.0,180.0
58.93038950481101,-13.631266740696397,-17.571142895340927,90.0265884399414,6.0,180.0
58.96086790149409,-13.788896678269223,-16.65533272507074,89.9265365600586,6.0,180.0
60.03659906871189,-13.983138956702366,-16.375643319217854,89.82645416259766,6.0,180.0
62.38950665220722,-14.3782312793001,-16.82542496052765,89.72653198242188,6.0,180.0
65.29044083873875,-14.947312641422682,-17.636844167205187,89.72653198242188,6.0,180.0
67.43399903910729,-15.446797514123196,-18.42760137392036,89.6264419555664,6.0,180.0
68.78541591379546,-15.967290765742671,-19.19526270312485,89.52647399902344,6.0,180.0
69.83352097196985,-16.53276005391814,-19.83320646001805,89.42655181884766,6.0,180.0
70.81246270154807,-16.891604790472535,-20.01801756231165,89.3265151977539,6.0,180.0
72.01051043051424,-17.02092844269731,-19.864392638759952,89.2265625,6.0,180.0
73.77111147438724,-17.185342270317854,-19.860314573909005,89.12659454345703,6.0,180.0
76.02588958312604,-17.495117340051074,-20.101423438201167,89.02644348144531,6.0,180.0
78.0000114740987,-17.792532040073997,-20.300660252184407,89.02644348144531,6.0,180.0
79.08384805554081,-18.058663624784508,-20.472301687116342,88.92660522460938,6.0,180.0
79.2273005912494,-18.243420502933475,-20.627836711173988,88.8265380859375,6.0,180.0
79.03405670821911,-18.306325669978577,-20.700734304595155,88.72645568847656,6.0,180.0
79.22152222719812,-18.444153720420573,-20.972615577616885,88.6264877319336,6.0,180.0
79.70771977768815,-18.72372607595645,-21.56691567946648,88.52644348144531,6.0,180.0
80.20141661615814,-18.91549651999237,-22.05391301134464,88.42655944824219,6.0,180.0
80.83735761875589,-19.02041825862174,-22.145842179283683,88.32647705078125,6.0,180.0
81.680580550103,-19.24203005716073,-21.9734402338728,88.32647705078125,6.0,180.0
82.58273883393463,-19.372936857440045,-21.717175781247896,88.2264175415039,6.0,180.0
83.5669210683437,-19.40794023250745,-21.47266494580508,88.12651062011719,6.0,180.0
84.64664118506849,-19.70393468550313,-21.31123992983841,88.02651977539062,6.0,180.0
85.62603863572663,-20.048278938602444,-21.28714178115485,87.92656707763672,6.0,180.0
86.3373108182133,-20.123708648575843,-21.13742689556184,87.82650756835938,6.0,180.0
86.81731578877518,-20.13330549537743,-20.79018842163292,87.72651672363281,6.0,180.0
87.35712305514136,-20.164014501516963,-20.637404951978603,87.72651672363281,6.0,180.0
88.28436647597766,-20.15212296294204,-20.68324029445458,87.62651062011719,6.0,180.0
89.47937019823677,-20.169667129008552,-20.620854082993983,87.52655029296875,6.0,180.0
90.44965718463637,-20.291646251403137,-20.43805117404392,87.42658996582031,6.0,180.0
91.11294935728624,-20.542472473017355,-20.28873411330096,87.3265609741211,6.0,180.0
91.60044049014864,-20.76602178946568,-19.999150319131147,87.22654724121094,6.0,180.0
91.83714408221748,-20.69137482369512,-19.381398415557378,87.12649536132812,6.0,180.0
92.01050086597284,-20.312916074476245,-18.621898641444027,87.02651977539062,6.0,180.0
92.28626261240912,-19.879582273153343,-17.994627614737393,87.02651977539062,6.0,180.0
92.49927175344844,-19.550741937635337,-17.659572504561385,86.92657470703125,6.0,180.0
92.57732763981616,-19.323142729228607,-17.373300447845864,86.82659912109375,6.0,180.0
92.48807178111738,-19.13753059662695,-17.024610950517825,86.72657775878906,6.0,180.0
92.2153541342096,-19.00763195230926,-16.928886054425437,86.62650299072266,6.0,180.0
92.23631982601316,-18.97061066163524,-17.223302308422667,86.52645874023438,6.0,180.0
93.06279653350366,-19.146835314618983,-17.855199268771557,86.42657470703125,6.0,180.0
94.34056643921164,-19.545761530794923,-18.678623757441205,86.42657470703125,6.0,180.0
95.58519511225886,-19.95484564048921,-19.49053981668533,86.32647705078125,6.0,180.0
96.8156075178323,-20.345900998576205,-20.23952774554898,86.2264633178711,6.0,180.0
97.94232387050148,-20.79331863444897,-20.842354032824105,86.12647247314453,6.0,180.0
98.81191022770597,-21.275313350577328,-21.022796967788366,86.02651977539062,6.0,180.0
99.33155650940876,-21.57751170200244,-20.716674710333606,85.92652893066406,6.0,180.0
99.74236353346728,-21.54888870492355,-20.218154976628515,85.82643127441406,6.0,180.0
100.56471694793356,-21.4022876240551,-19.827463605739275,85.72642517089844,6.0,180.0
101.60420680128698,-21.40994806619939,-19.67744905032883,85.72642517089844,6.0,180.0
102.37763674368956,-21.574466982154654,-19.79790525201168,85.62642669677734,6.0,180.0
103.02682424045308,-21.7309148174791,-20.04218520036025,85.5265121459961,6.0,180.0
103.70140377634166,-21.845953282435968,-20.225195347438795,85.42657470703125,6.0,180.0
104.15121961067982,-21.96354653586544,-20.18112255685105,85.3265151977539,6.0,180.0
104.4038960369442,-22.1075399424626,-19.823105187806632,85.22647094726562,6.0,180.0
104.69123201539009,-22.3859187564968,-19.516428101527893,85.12645721435547,6.0,180.0
105.17974321719718,-22.899842369730848,-19.478766531580447,85.12645721435547,6.0,180.0
105.90342258845531,-23.48902337958853,-19.39471804079812,85.02648162841797,6.0,180.0
106.54818114040252,-23.980386210789355,-19.122442883704576,84.92657470703125,6.0,180.0
106.97782919048382,-24.40487994870839,-18.85760678131909,84.82659149169922,6.0,180.0
107.37312509716276,-24.766334060687605,-18.74569356392993,84.7265853881836,6.0,180.0
108.05647856988904,-25.13351329127317,-18.79482065118541,84.62645721435547,6.0,180.0
109.30547367572844,-25.57575338480636,-18.90202116473581,84.52642059326172,6.0,180.0
111.0523784637781,-26.017170949123862,-18.944715653809325,84.4264907836914,6.0,180.0
112.91041761493888,-26.381793161410435,-18.972060485476845,84.4264907836914,6.0,180.0
114.18824543035966,-26.677565881429803,-18.98073230602576,84.32637786865234,6.0,180.0
114.6427076709363,-26.925856766772327,-18.965520073227346,84.22644805908203,6.0,180.0
114.80317398799812,-26.98027205688253,-18.94426317731703,84.12647247314453,6.0,180.0
115.21008188897886,-26.85819964608605,-18.755941676537205,84.0264892578125,6.0,180.0
115.993262313859,-26.742562359316267,-18.35000290661036,83.92654418945312,6.0,180.0
116.94614346963434,-26.69469993258304,-17.857654824238956,83.82646179199219,6.0,180.0
117.9148847131739,-26.742037601919087,-17.528705603716787,83.72652435302734,6.0,180.0
118.77013216781376,-26.789182646791915,-17.476653596320272,83.72652435302734,6.0,180.0
119.34050171577454,-26.699974418956245,-17.537350459462218,83.62651062011719,6.0,180.0
119.78998283014484,-26.50783416098427,-17.608939471053517,83.5265121459961,6.0,180.0
120.35946754310612,-26.459876740588086,-17.69251204756032,83.42638397216797,6.0,180.0
121.16441461999467,-26.65478195057165,-17.7903634856528,83.32642364501953,6.0,180.0
122.1784816443192,-26.89996335332831,-17.880760811757053,83.22651672363281,6.0,180.0
123.25633217733213,-27.089380724723185,-18.01760562828735,83.12659454345703,6.0,180.0
124.4500071067869,-27.26414554480989,-18.132160616586,83.12659454345703,6.0,180.0
125.6093010494212,-27.48425580185169,-17.94972772993952,83.02664947509766,6.0,180.0
126.40990432452152,-27.742976917504187,-17.420293597651682,82.92660522460938,6.0,180.0
126.88344620658032,-28.047646050598924,-16.78987724613478,82.8265380859375,6.0,180.0
127.20424365534345,-28.41022643675949,-16.268847274095982,82.72653198242188,6.0,180.0
127.43951074147115,-28.787401035818387,-15.900352864954492,82.62646484375,6.0,180.0
127.65544395799016,-29.086390042036417,-15.69199268536005,82.52664184570312,6.0,180.0
127.79148643285848,-29.114853720100623,-15.48926331709372,82.42660522460938,6.0,180.0
127.70005611877924,-28.97910055694252,-15.189152281658716,82.42660522460938,6.0,180.0
127.5263498637993,-28.8605418843844,-15.060777388697865,82.32646942138672,6.0,180.0
127.58038819304902,-28.72842145330639,-15.161397263871724,82.22645568847656,6.0,180.0
128.0550739897033,-28.81542936289528,-15.189403555130932,82.12646484375,6.0,180.0
129.18314692925335,-29.243933410213018,-15.141425025717975,82.0265884399414,6.0,180.0
130.8837905324216,-29.732755016783614,-15.235596893056336,81.9265365600586,6.0,180.0
132.5609596816901,-30.159571675134245,-15.449748383001122,81.82652282714844,6.0,180.0
133.78681495562125,-30.528211708437485,-15.671948577848642,81.82652282714844,6.0,180.0
134.6634522879405,-30.744960744649063,-15.918392085776343,81.72651672363281,6.0,180.0
135.5530980866105,-30.843376907034,-16.233177658281278,81.62652587890625,6.0,180.0
136.57225961502456,-30.92656198106509,-16.667291204594598,81.52658081054688,6.0,180.0
137.72569780059845,-31.02477610862058,-17.181892528873398,81.42652130126953,6.0,180.0
139.13862555330752,-31.067932727988712,-17.51708094585051,81.32649993896484,6.0,180.0
140.5880716518061,-30.98038573818941,-17.573105513330347,81.22649383544922,6.0,180.0
141.45493374958468,-30.785341516333126,-17.45123381461299,81.12651824951172,6.0,180.0
141.6546308376288,-30.67849693419221,-17.183863848681426,81.12651824951172,6.0,180.0
141.83482933098182,-30.90517628157312,-16.941499462320753,81.026611328125,6.0,180.0
142.35600155169777,-31.30635313084713,-16.999015843174615,80.92646789550781,6.0,180.0
143.1087867924902,-31.628548755729472,-17.48327702089287,80.82654571533203,6.0,180.0
144.10645059565962,-31.83439193947525,-18.156755892944155,80.72650909423828,6.0,180.0
145.10172222641702,-31.9969963148527,-18.62275546989069,80.6264419555664,6.0,180.0
145.68408629263274,-32.2869617876672,-18.79467965199855,80.5265121459961,6.0,180.0
146.00229580601157,-32.69419930593316,-18.81091056780985,80.5265121459961,6.0,180.0
146.2013482765101,-33.11858233039827,-18.87051713196448,80.4264907836914,6.0,180.0
146.31488114845362,-33.41077772575595,-19.075082929050872,80.32646179199219,6.0,180.0
146.64033171109637,-33.53034010393149,-19.235240685518207,80.22637176513672,6.0,180.0
147.17308122943336,-33.77589835445974,-19.208067595243808,80.12640380859375,6.0,180.0
147.7715023609059,-34.15321463770668,-19.060918823102472,80.02656555175781,6.0,180.0
148.68505228489573,-34.27391105177521,-18.823583467194865,79.92646026611328,6.0,180.0
149.91228068353246,-34.17188392322663,-18.465824774725863,79.82647705078125,6.0,180.0
151.203229625875,-34.15394023794188,-17.94525845793535,79.82647705078125,6.0,180.0
152.60970576818056,-34.229793895286505,-17.279469730027603,79.72647857666016,6.0,180.0
154.00669600753366,-34.35749550396615,-16.624177342264975,79.62651824951172,6.0,180.0
155.12814235236624,-34.510500445609374,-16.136154047039188,79.52659606933594,6.0,180.0
156.02901449923476,-34.64443595684367,-15.81078976434803,79.4265365600586,6.0,180.0
156.7776504102924,-34.733368527595914,-15.583481145212623,79.32652282714844,6.0,180.0
157.45755415460732,-34.93015575679462,-15.50136245633228,79.22648620605469,6.0,180.0
158.18345483262397,-35.378150976679066,-15.626204078660164,79.22648620605469,6.0,180.0
158.88624918882107,-35.838611771703555,-15.938786785894182,79.12650299072266,6.0,180.0
159.7058115713698,-36.14534170359367,-16.387890908859095,79.02647399902344,6.0,180.0
160.8523163945546,-36.3407133941429,-16.732350138190256,78.92655181884766,6.0,180.0
161.94755324177277,-36.435490744143934,-16.822296542028095,78.82649993896484,6.0,180.0
162.6335648898513,-36.471026825293386,-16.966002302516788,78.72655487060547,6.0,180.0
163.21897655744812,-36.47250650245153,-17.3498382335255,78.62646484375,6.0,180.0
164.0149600786475,-36.29870447529043,-17.649649075915484,78.5264663696289,6.0,180.0
165.0763256979271,-35.86200984889232,-17.73651117162651,78.5264663696289,6.0,180.0
166.250336673993,-35.37422775788133,-17.689196082798556,78.42637634277344,6.0,180.0
167.17658610988053,-35.17441346442398,-17.445623393158193,78.32640838623047,6.0,180.0
167.99419174633843,-35.426941589555426,-17.305872368225906,78.22633361816406,6.0,180.0
168.81344940901457,-35.94455754645896,-17.52955944476202,78.12651824951172,6.0,180.0
169.40865969890473,-36.41394616316602,-17.878208522247224,78.02685546875,6.0,180.0
170.0967801133724,-36.81229763902114,-18.075012313061563,77.92678833007812,6.0,180.0
170.78394468696925,-37.28278227355654,-18.082483566141462,77.82664489746094,6.0,180.0
171.02729694794456,-37.71101333233883,-17.89496644660453,77.82664489746094,6.0,180.0
171.18203000612087,-37.98851945310955,-17.51260266085714,77.72652435302734,6.0,180.0
171.79806632243088,-38.20551552842699,-17.170517949960043,77.6263427734375,6.0,180.0
172.8403033126233,-38.44610534329337,-16.904186522845137,77.52660369873047,6.0,180.0
173.60613658345275,-38.7152786007878,-16.629398865662253,77.42652130126953,6.0,180.0
173.67824894762572,-38.8579305587327,-16.388406363981296,77.32648468017578,6.0,180.0
173.61588140395338,-38.90989759339446,-16.175936734390802,77.22654724121094,6.0,180.0
173.97994887466626,-39.03027268117256,-16.091443898637014,77.22654724121094,6.0,180.0
174.50092077389394,-39.12021561507923,-16.221818501330404,77.12647247314453,6.0,180.0
175.1414840140153,-39.07780768784806,-16.599222309675557,77.02654266357422,6.0,180.0
176.43908504127683,-38.99148339032895,-17.2297947504226,76.92647552490234,6.0,180.0
178.13670877453322,-39.01653703901925,-17.941490438565154,76.82646942138672,6.0,180.0
179.66368754045294,-39.2685565822248,-18.36673100676232,76.72645568847656,6.0,180.0
181.29277041618252,-39.78415163359817,-18.49100273603399,76.62648010253906,6.0,180.0
183.1490822804755,-40.463532323821056,-18.396757242699927,76.52654266357422,6.0,180.0
184.7083760576525,-41.16230125805215,-17.86430819856722,76.52654266357422,6.0,180.0
186.027534437885,-41.83986005534736,-17.062659565157503,76.42646789550781,6.0,180.0
187.5618747458505,-42.41526582593954,-16.362838476766502,76.32644653320312,6.0,180.0
189.19760983120543,-42.73869835202002,-15.993353969251045,76.22644805908203,6.0,180.0
190.573946880993,-42.87427678592924,-15.884993608449625,76.12651824951172,6.0,180.0
191.40319687288303,-43.01485609073155,-15.79116248792034,76.02660369873047,6.0,180.0
191.8109872224997,-43.18572502250512,-15.72136243938309,75.9265365600586,6.0,180.0
192.3591145068607,-43.30572227694517,-15.763905152507157,75.9265365600586,6.0,180.0
193.1498548817393,-43.35729764452459,-15.942035568474978,75.82647705078125,6.0,180.0
193.92030663908875,-43.47895754370079,-16.13988502872916,75.72639465332031,6.0,180.0
194.67284077990848,-43.71440999374029,-16.269032749721607,75.6265869140625,6.0,180.0
195.2730154426853,-43.78525332048403,-16.28505353150789,75.52664184570312,6.0,180.0
195.74412864576507,-43.46777457517259,-16.284892449905563,75.4264907836914,6.0,180.0
196.2135475049309,-42.85049096591834,-16.389322339435335,75.3265151977539,6.0,180.0
196.39845507833792,-42.2233966822606,-16.449558915709193,75.22639465332031,6.0,180.0
196.2699418920498,-41.786363282907125,-16.49060256026193,75.22639465332031,6.0,180.0
195.8998557568625,-41.51651224962029,-16.484587034768225,75.12648010253906,6.0,180.0
195.1955862662556,-41.305957818952166,-16.246115316609284,75.02659606933594,6.0,180.0
194.34143186205625,-41.103709944311085,-15.795518886850187,74.92646789550781,6.0,180.0
193.81972990476865,-41.03275797352311,-15.513689331667983,74.82654571533203,6.0,180.0
194.32198956284267,-41.31080333539816,-15.84945879937092,74.72653198242188,6.0,180.0
196.4035632851801,-41.9666483701705,-16.524559667859755,74.62659454345703,6.0,180.0
199.28683724647937,-42.74379257710221,-16.989373531269298,74.62659454345703,6.0,180.0
201.76062217193612,-43.459068449366185,-17.207808759292288,74.5265884399414,6.0,180.0
203.92704990125912,-44.2133439360833,-17.424488961691978,74.42646789550781,6.0,180.0
205.8062818851457,-45.01210050461401,-17.60375711137332,74.32650756835938,6.0,180.0
207.01515421644552,-45.62593601546894,-17.527934343561018,74.2264175415039,6.0,180.0
207.73435236785343,-45.926469381902464,-17.284641957045086,74.12654113769531,6.0,180.0
208.19444143389924,-46.05673297148913,-16.94461018348888,74.02653503417969,6.0,180.0
208.63290944081564,-46.264803675828894,-16.416028817707122,73.92646026611328,6.0,180.0
209.4148756556825,-46.572327420897466,-15.842706889047358,73.92646026611328,6.0,180.0
210.6446652129399,-46.93712226766026,-15.593110050667171,73.82653045654297,6.0,180.0
212.08975227994216,-47.39406732983608,-15.584534517247054,73.72643280029297,6.0,180.0
213.445051628531,-47.77852037610725,-15.427549219474894,73.62662506103516,6.0,180.0
214.5160493420209,-48.00000092476137,-15.201562280926908,73.52662658691406,6.0,180.0
215.2526623738397,-48.18330172515785,-15.131801641327655,73.4264144897461,6.0,180.0
215.7161782754951,-48.34749923733116,-15.280999280944677,73.32653045654297,6.0,180.0
216.2433090262132,-48.45880428569216,-15.65757104173158,73.22636413574219,6.0,180.0
217.1898581717876,-48.50863835592043,-16.114610899807936,73.22636413574219,6.0,180.0
218.48533622730736,-48.53313941988375,-16.436932051653315,73.12648010253906,6.0,180.0
219.87030300659603,-48.70847471912086,-16.548540826206512,73.02655792236328,6.0,180.0
220.9873393582845,-49.02229979936278,-16.47951029033761,72.92640686035156,6.0,180.0
221.5716326399488,-49.27251372631901,-16.292621886740886,72.82659912109375,6.0,180.0
221.78840343170623,-49.39318496939015,-15.962378085427275,72.7265396118164,6.0,180.0
222.0127539977473,-49.31549262392603,-15.474285707252331,72.62650299072266,6.0,180.0
222.4397032365504,-49.15431005379181,-15.07803033363048,72.62650299072266,6.0,180.0
223.2489935099385,-49.18923175503191,-14.98162675733505,72.5265884399414,6.0,180.0
224.4780722954993,-49.475163408601816,-15.066831154030718,72.42652130126953,6.0,180.0
225.7304905103676,-49.91915623091024,-15.157317421410976,72.32658386230469,6.0,180.0
226.70121800479285,-50.36270337385082,-15.255533235495635,72.22644805908203,6.0,180.0
227.28593551011463,-50.70835295409668,-15.31377467947518,72.12654113769531,6.0,180.0
227.38717774605013,-50.879325197553975,-15.280303191858591,72.02652740478516,6.0,180.0
227.17696569708872,-50.7710286292664,-15.348764279690148,71.92645263671875,6.0,180.0
227.13961570991071,-50.47477853319389,-15.570296394614807,71.92645263671875,6.0,180.0
227.743714181986,-50.23607751171257,-15.85868740602298,71.82648468017578,6.0,180.0
228.936807440195,-50.26547653732582,-16.134462875742773,71.72650909423828,6.0,180.0
230.4100263517814,-50.59683882592046,-16.367799411719165,71.62664031982422,6.0,180.0
232.0482030658173,-51.16205239447864,-16.575517388497598,71.52651977539062,6.0,180.0
233.5541287196092,-51.86564541233349,-16.542677649346437,71.42647552490234,6.0,180.0
234.60956108577892,-52.49367582522063,-16.15739831781169,71.32652282714844,6.0,180.0
235.1868928142809,-52.82456914035976,-15.628745474871184,71.32652282714844,6.0,180.0
235.6838707013623,-52.90215348919304,-15.25317847918198,71.2264633178711,6.0,180.0
236.45697680889924,-52.94841004289616,-15.113416811469934,71.12654876708984,6.0,180.0
237.48815201339275,-53.12103506510625,-14.984926807347833,71.02650451660156,6.0,180.0
238.8515045806344,-53.356188736185416,-14.797088970231815,70.9264907836914,6.0,180.0
240.37193158084963,-53.54539561572705,-14.880712893264802,70.82653045654297,6.0,180.0
241.61255494249903,-53.73850059218786,-15.237486945064486,70.72647094726562,6.0,180.0
242.27373510811995,-53.904244589584906,-15.43829420134264,70.62655639648438,6.0,180.0
242.3283701128405,-54.00859597691061,-15.343850002750337,70.62655639648438,6.0,180.0
242.22796391776828,-54.0928024169015,-14.963339420788488,70.526611328125,6.0,180.0
242.4796235671324,-54.26736457386126,-14.42987987554653,70.42647552490234,6.0,180.0
243.1828286302007,-54.51946972342847,-13.963016837531883,70.32655334472656,6.0,180.0
244.3832202877269,-54.711699751049096,-13.78900730142067,70.22660064697266,6.0,180.0
245.881133820548,-54.86355212761181,-13.959925700212464,70.1263198852539,6.0,180.0
247.2827633330357,-55.02099528749349,-14.053351942648693,70.02648162841797,6.0,180.0
248.5537536316496,-55.21017662144197,-13.79182999417606,70.02648162841797,6.0,180.0
249.4122490203588,-55.42987355131078,-13.294990176693794,69.926513671875,6.0,180.0
249.8504855401292,-55.793966213465495,-12.862439872241003,69.82650756835938,6.0,180.0
250.42683897003508,-56.31884094117844,-12.82572922481838,69.72650146484375,6.0,180.0
251.16862807776943,-56.73151931566088,-13.2507563018133,69.62648010253906,6.0,180.0
252.1019650927719,-57.04307287158372,-13.868021144762244,69.5265121459961,6.0,180.0
253.4886533879421,-57.57011023696244,-14.351013800259848,69.42650604248047,6.0,180.0
255.14979128832812,-58.21298018236735,-14.63978090681801,69.32656860351562,6.0,180.0
256.5979674427081,-58.51702126747645,-14.807562374862014,69.32656860351562,6.0,180.0
257.51520876593884,-58.512848723003046,-14.762613504732272,69.2265396118164,6.0,180.0
258.1028711937896,-58.60740170605595,-14.569980415362489,69.12643432617188,6.0,180.0
258.6537840736506,-58.8814402399972,-14.381668191831563,69.02649688720703,6.0,180.0
259.40862484987724,-59.10787396934384,-14.222796045832675,68.92646026611328,6.0,180.0
260.4299522933596,-59.1260954182828,-14.045057378034755,68.82646179199219,6.0,180.0
261.5601335673075,-59.06005012344559,-13.696385301660577,68.7264404296875,6.0,180.0
262.8434226867322,-59.014986238421805,-13.3894270742704,68.7264404296875,6.0,180.0
264.1484689424431,-58.82324597523234,-13.26464192882706,68.62650299072266,6.0,180.0
265.1296083954682,-58.66904206332832,-13.047974184685014,68.52650451660156,6.0,180.0
265.5306744167973,-58.94406582264446,-12.710735641659353,68.42646026611328,6.0,180.0
265.6022333231798,-59.57400292994488,-12.441249318355636,68.32664489746094,6.0,180.0
265.8925849876096,-60.30641739126262,-12.33281243695317,68.22649383544922,6.0,180.0
266.49076206793666,-60.92974757203514,-12.36764044321392,68.12646484375,6.0,180.0
267.1679180246058,-61.48623829390008,-12.542391612669794,68.02654266357422,6.0,180.0
267.98065537092936,-62.08267723266309,-12.76597579062578,68.02654266357422,6.0,180.0
269.0526535121285,-62.46318914144818,-12.926760089452774,67.9264907836914,6.0,180.0
269.9352721495689,-62.59456054711393,-12.983166742198897,67.82659149169922,6.0,180.0
270.50701140696776,-62.85641376375093,-12.832162747592315,67.7265396118164,6.0,180.0
271.1293198793708,-63.2442804709995,-12.451652072325958,67.62646484375,6.0,180.0
271.756166709587,-63.56267424409183,-11.949174805730218,67.52652740478516,6.0,180.0
272.4590422767738,-63.92483568206042,-11.649141664065027,67.42635345458984,6.0,180.0
273.5945872023399,-64.29562107727114,-11.692664981230646,67.32659912109375,6.0,180.0
275.023172950145,-64.54907122089413,-11.949933402676946,67.32659912109375,6.0,180.0
276.32908711723474,-64.75108779479378,-12.26175821661704,67.22664642333984,6.0,180.0
277.4457607726763,-64.94199898973167,-12.423521666957456,67.12649536132812,6.0,180.0
278.4326153493948,-64.9292782477761,-12.444643766724912,67.02654266357422,6.0,180.0
279.4683222702246,-64.64244552940488,-12.218505664907733,66.92650604248047,6.0,180.0
280.51487517267543,-64.34494726585197,-11.664480282413075,66.82650756835938,6.0,180.0
281.31630367284146,-64.23802545646498,-11.050828873990344,66.72653198242188,6.0,180.0
282.10875986220145,-64.44281440431106,-10.461552396762958,66.72653198242188,6.0,180.0
283.1477905718003,-64.90815454061418,-9.855788957737474,66.62653350830078,6.0,180.0
284.4209030118819,-65.41561918212591,-9.572965158445,66.52653503417969,6.0,180.0
285.6437584538975,-65.79175446594482,-9.679505492486708,66.42655944824219,6.0,180.0
286.41993135902226,-66.09429777180105,-9.695430956425266,66.32647705078125,6.0,180.0
286.8298861798265,-66.48558893331526,-9.53904020530046,66.22654724121094,6.0,180.0
287.1997331232509,-66.85170778421553,-9.416816989756262,66.12652587890625,6.0,180.0
287.8030845680051,-67.15766249325759,-9.487760739720724,66.02657318115234,6.0,180.0
288.62127686284106,-67.36492403151054,-9.752101266189918,66.02657318115234,6.0,180.0
289.56556768665354,-67.50647813797593,-9.87307690499798,65.92656707763672,6.0,180.0
290.7762968379695,-67.75890299542066,-9.72863963003408,65.8265151977539,6.0,180.0
292.0564675429376,-67.96363459132968,-9.55192987965263,65.72645568847656,6.0,180.0
293.40953443974547,-68.08714683795043,-9.598295035623654,65.6265640258789,6.0,180.0
294.6705297899602,-68.29141531517553,-9.789083550427089,65.52648162841797,6.0,180.0
295.18131955816807,-68.56574991956822,-9.729177764658688,65.42655181884766,6.0,180.0
295.3615486010606,-68.814839392965,-9.456523359143878,65.42655181884766,6.0,180.0
295.71713390992875,-68.89242871918977,-9.267710570908813,65.32646179199219,6.0,180.0
296.22922526027577,-68.90995897132247,-9.162218439618911,65.22642517089844,6.0,180.0
297.11366521208987,-69.19178447162057,-9.224315919957256,65.12640380859375,6.0,180.0
298.36149170159825,-69.78332910102674,-9.427850493443264,65.02645874023438,6.0,180.0
299.786414925446,-70.56261350217348,-9.404438934769807,64.926513671875,6.0,180.0
301.27340020935543,-71.32726320719878,-9.119301779475135,64.82654571533203,6.0,180.0
302.7492437482477,-71.77919494371713,-8.740438515185971,64.7265396118164,6.0,180.0
304.03259479343825,-71.8892449174291,-8.197223386911798,64.7265396118164,6.0,180.0
305.0601192719653,-71.86876442472473,-7.504310470445091,64.62648010253906,6.0,180.0
305.9743284581013,-71.81661668135254,-6.839502157130085,64.52654266357422,6.0,180.0
306.9266010270556,-71.74697009426386,-6.3834328308119845,64.42660522460938,6.0,180.0
307.9778608496125,-71.70276665203549,-6.3377831095228405,64.32638549804688,6.0,180.0
309.21675966428694,-71.77023738076916,-6.741907624510048,64.22644805908203,6.0,180.0
310.7915331284572,-71.82532256581658,-7.298558302581494,64.12635803222656,6.0,180.0
312.47678880154626,-71.80126161030586,-7.54762015917184,64.12635803222656,6.0,180.0
313.7042520453569,-71.87538444326306,-7.43084171156478,64.02641296386719,6.0,180.0
314.33303035946267,-72.03374079821621,-7.2859611903486945,63.92660522460938,6.0,180.0
314.9689791328186,-72.3090511204869,-7.09139127580441,63.82650375366211,6.0,180.0
315.96396126385326,-72.6363171343764,-6.820532422548865,63.72652053833008,6.0,180.0
317.07446583393585,-72.79788695368757,-6.74465364844267,63.62655639648438,6.0,180.0
318.27225888866826,-72.86239897707057,-6.747265677820404,63.52653121948242,6.0,180.0
319.6982481416291,-72.92688176663468,-6.668864912422174,63.42652893066406,6.0,180.0
321.1113996269145,-73.08579608501255,-6.5709493606718,63.42652893066406,6.0,180.0
322.25402560446616,-73.46347694363514,-6.28387542890445,63.3264274597168,6.0,180.0
323.1797442011427,-73.97712773359193,-5.695314993674237,63.22653198242188,6.0,180.0
324.0322598469287,-74.53727272171645,-5.095419011582048,63.12648773193359,6.0,180.0
324.8230420920484,-75.08711552001367,-4.773193985985127,63.02653884887695,6.0,180.0
325.49868720006697,-75.64010001515099,-4.6891537558627086,62.92658233642578,6.0,180.0
326.2563740588406,-76.14885524910605,-4.776900909159779,62.82664108276367,6.0,180.0
327.347305958689,-76.35782267065886,-4.9364316928097685,62.72654724121094,6.0,180.0
328.8779607701,-76.32750021253975,-5.176833658034386,62.72654724121094,6.0,180.0
330.6502213087888,-76.29794647330169,-5.566274807269069,62.62635040283203,6.0,180.0
332.248345021522,-76.18334445614849,-5.831460012100145,62.52656173706055,6.0,180.0
333.3306153913136,-75.88928204661632,-5.762954236321461,62.42655181884766,6.0,180.0
333.81641800103137,-75.65972212003315,-5.47416361596328,62.32643890380859,6.0,180.0
333.9061215213258,-75.77566861478238,-5.183598504929543,62.22651290893555,6.0,180.0
333.6582153756356,-76.22701129717439,-4.82948963584052,62.12648010253906,6.0,180.0
333.2778530954857,-76.77261885271295,-4.4455133513700575,62.12648010253906,6.0,180.0
333.2699493976927,-77.21140200269286,-4.418823141708042,62.02664566040039,6.0,180.0
333.77202005241605,-77.56574532950731,-4.73971718308455,61.92665863037109,6.0,180.0
334.65717064476166,-77.99209542767257,-5.000660071626384,61.82648086547852,6.0,180.0
335.9312647113324,-78.55228563646845,-4.838997236658815,61.72649765014648,6.0,180.0
337.43049824029026,-79.17902911288934,-4.435122025541279,61.62643814086914,6.0,180.0
338.76414063060383,-79.709875610127,-4.123248345066315,61.52642822265625,6.0,180.0
339.76658237229327,-80.03379769052695,-3.737594391317865,61.42641830444336,6.0,180.0
340.34313235772584,-80.222591267894,-3.3341099166009966,61.42641830444336,6.0,180.0
340.4171814775429,-80.20199582513851,-3.247045106147679,61.3264045715332,6.0,180.0
340.6430967933028,-79.95810040050377,-3.5115286849583427,61.22650146484375,6.0,180.0
341.7745020143012,-79.77020576754946,-4.070818690894736,61.12646865844727,6.0,180.0
343.61223198906845,-79.7806431748961,-4.71965374710773,61.02660369873047,6.0,180.0
345.70486893107665,-79.978569924005,-5.109019183896688,60.92665100097656,6.0,180.0
347.578230315823,-80.41277006789451,-5.169298670781611,60.82666397094727,6.0,180.0
348.7970480309847,-81.05397743940934,-4.975936565224428,60.82666397094727,6.0,180.0
349.5194720764453,-81.78173908946512,-4.731581674608924,60.72653198242188,6.0,180.0
350.14888804547206,-82.48430910248558,-4.633739740904886,60.62639236450195,6.0,180.0
350.7838369983441,-83.03719520381105,-4.640053050849378,60.5264892578125,6.0,180.0
351.34508401971766,-83.42301611692682,-4.642274377492766,60.42648315429688,6.0,180.0
351.8502741506208,-83.68900708409446,-4.506279132406296,60.3265266418457,6.0,180.0
352.1941783795862,-83.8601138202591,-4.185858922126217,60.22653579711914,6.0,180.0
352.47929473887046,-83.94150781974952,-3.8453800742158952,60.12651062011719,6.0,180.0
352.81483583964814,-84.03114749606783,-3.519867397726019,60.12651062011719,6.0,180.0
353.3073702769008,-84.35002655041835,-3.2203902503782844,60.02663803100586,6.0,180.0
354.4280582953172,-84.91815301732491,-3.062496652891511,59.92644119262695,6.0,180.0
355.9142998137362,-85.44452695105718,-2.844983783913145,59.82644271850586,6.0,180.0
357.14303324123546,-85.66447306741784,-2.5643449838792387,59.72645568847656,6.0,180.0
358.29016086127314,-85.54721723535917,-2.4144162199963475,59.6264533996582,6.0,180.0
359.57164646016264,-85.19092905291913,-2.423967802884543,59.52658462524414,6.0,180.0
361.04630478321207,-84.82243527314283,-2.612386885791593,59.52658462524414,6.0,180.0
362.7261323800303,-84.71823743312004,-2.7624601878649733,59.42653274536133,6.0,180.0
364.3050566582908,-84.9879423805304,-2.8313522207425663,59.32650756835938,6.0,180.0
365.71118877976335,-85.46308923778301,-2.844431688289258,59.22650909423828,6.0,180.0
366.83729962435655,-85.85331505933493,-2.6686573380009184,59.12650680541992,6.0,180.0
367.56820246022096,-86.11430801590048,-2.406580054645836,59.02661895751953,6.0,180.0
368.2936875319508,-86.39241201397957,-2.15204778260082,58.92653274536133,6.0,180.0
369.2221141228914,-86.66252217898707,-1.923277929466706,58.82647323608398,6.0,180.0
370.1111353220766,-86.80703679534102,-1.9447936662349443,58.82647323608398,6.0,180.0
370.8009132482206,-86.76696586313491,-2.3899642337855163,58.72645950317383,6.0,180.0
371.6028725546101,-86.49524115175527,-2.761897112647775,58.62646102905273,6.0,180.0
372.8931289669615,-86.216791295019,-2.68363219847601,58.5265998840332,6.0,180.0
374.45780511724695,-86.17621570757903,-2.2930120836995034,58.42655944824219,6.0,180.0
375.8661495042821,-86.2754022637917,-1.6709191073872995,58.32643890380859,6.0,180.0
376.9109096212322,-86.33864086617253,-0.874894710668956,58.22652053833008,6.0,180.0
377.52886729763486,-86.2782436079399,0.0805218493088411,58.12652206420898,6.0,180.0
378.0465532709449,-86.29959685477829,0.9676915170927716,58.12652206420898,6.0,180.0
378.7777453055957,-86.58575200892011,1.3738486041839746,58.02655410766602,6.0,180.0
379.5712996165662,-87.05106213495495,1.0923605225138795,57.92647552490234,6.0,180.0
380.2949962942197,-87.57699607174867,0.4074549835167707,57.82647705078125,6.0,180.0
380.9928127902055,-88.07148435714794,-0.2336101581454386,57.72660446166992,6.0,180.0
381.7976892898079,-88.57167509091691,-0.5828651360935524,57.62649154663086,6.0,180.0
382.7132149005231,-89.08471273056033,-0.821260075972404,57.52653884887695,6.0,180.0
383.4739397000637,-89.52734579282705,-0.9912486383379172,57.52653884887695,6.0,180.0
383.9260253157696,-89.95179702167158,-1.0010687271421137,57.42650985717773,6.0,180.0
384.2841928364609,-90.47973109548218,-1.2011518936553012,57.32641983032227,6.0,180.0
384.9649434265327,-91.10062843258602,-1.3499886550515212,57.2265510559082,6.0,180.0
386.0530789302827,-91.61979718060216,-1.1754382747308982,57.12639999389648,6.0,180.0
387.20075923759146,-91.88319181700174,-0.8565591672846082,57.0264778137207,6.0,180.0
388.1882755341069,-92.0878137378308,-0.5323926446827913,56.92659378051758,6.0,180.0
389.1081508502681,-92.41452930426036,-0.4687645156586342,56.82654190063477,6.0,180.0
390.28789312227775,-92.64907551604884,-0.5503543933229702,56.82654190063477,6.0,180.0
391.6966149718464,-92.49912047130464,-0.1926767857085929,56.72649002075195,6.0,180.0
392.9571970551201,-92.01039886287032,0.6728483952539719,56.62650299072266,6.0,180.0
394.1612909788412,-91.61715805611814,1.4275659310703732,56.52649307250977,6.0,180.0
395.6239248411746,-91.54935575205548,1.696282993226765,56.42657470703125,6.0,180.0
397.1335367530557,-91.62412910922232,1.6913903830391144,56.32643508911133,6.0,180.0
398.19037029696847,-91.7340810864478,1.8777886385011888,56.22650909423828,6.0,180.0
398.91860480455,-92.09108688920458,2.103077151179691,56.22650909423828,6.0,180.0
399.7020156967541,-92.7893138352254,1.9386769901324048,56.12655258178711,6.0,180.0
400.5733507675786,-93.40984571301078,1.4005227411059664,56.02653503417969,6.0,180.0
401.5766684528731,-93.63794818157812,0.6705699920574668,55.92657852172852,6.0,180.0
402.6852040457649,-93.64384259823603,0.1151427648814671,55.82641220092773,6.0,180.0
403.4090779848655,-93.71791645241844,0.0417722847220316,55.72646331787109,6.0,180.0
403.82046187697273,-94.03772947110592,0.2209352398879511,55.62654113769531,6.0,180.0
404.588865589626,-94.5204044187928,0.2194000872469761,55.52649688720703,6.0,180.0
405.6405108642225,-94.9161244717874,0.0695226160169539,55.52649688720703,6.0,180.0
406.5634016524983,-95.1496185373078,0.0178727792530279,55.42649459838867,6.0,180.0
407.2863997889416,-95.3940547073027,0.1426801787957226,55.32645797729492,6.0,180.0
407.9956608974906,-95.74219682391444,0.1325501188094735,55.22650909423828,6.0,180.0
408.7332560548191,-96.0426058628697,-0.1592733947391069,55.12646102905273,6.0,180.0
409.5491025252412,-96.28160139343524,-0.4496063306689866,55.02664184570312,6.0,180.0
410.5009042123081,-96.5335012620226,-0.6078957545579327,54.926513671875,6.0,180.0
411.4486223066386,-96.69056234562927,-0.6430555909538294,54.926513671875,6.0,180.0
412.52161591188377,-96.77295734623314,-0.6025111171669169,54.8264274597168,6.0,180.0
413.5281989096479,-96.90534527054136,-0.5515174579501414,54.72653579711914,6.0,180.0
414.3360893205029,-97.2505041890537,-0.528812379804446,54.62645721435547,6.0,180.0
415.3377857103181,-97.82203616937323,-0.1940323628251352,54.52653503417969,6.0,180.0
416.5148893083249,-98.36096723071084,0.4936275374789982,54.42648696899414,6.0,180.0
417.7010696918349,-98.80617351065862,0.8721109597810912,54.32635879516602,6.0,180.0
418.81228939704135,-98.94700589163364,0.6301395362553057,54.22651672363281,6.0,180.0
419.7466609282837,-98.67196318543,0.2087061195055826,54.22651672363281,6.0,180.0
420.6466329914896,-98.48454495662132,0.0816346919813941,54.12660217285156,6.0,180.0
421.6892744760128,-98.63478644187194,0.3704772613893947,54.026611328125,6.0,180.0
422.7705559701153,-98.90256668700972,1.03501546928735,53.92633819580078,6.0,180.0
423.8207935373139,-99.1126942404891,1.6909601320806793,53.82636642456055,6.0,180.0
424.9376715889453,-99.28530142644615,1.9786188556188733,53.72644424438477,6.0,180.0
425.9912217090477,-99.36286772416943,1.9849709886536235,53.62660980224609,6.0,180.0
426.6463661482517,-99.27571770911236,2.09965658051306,53.62660980224609,6.0,180.0
426.8893289594096,-99.22018740459174,2.417675988024561,53.52668380737305,6.0,180.0
426.8505480948887,-99.22771639268883,2.672578385763263,53.42648315429688,6.0,180.0
426.84838420249815,-99.15528621813831,2.795256583104956,53.32645797729492,6.0,180.0
427.230245389839,-98.91035686114913,2.779660745645214,53.22643661499023,6.0,180.0
427.74556484817657,-98.48482365696545,2.75857905452909,53.12657165527344,6.0,180.0
428.0603628695597,-98.17573321797924,2.838782252227703,53.02660751342773,6.0,180.0
428.1589973312105,-98.11105717067409,2.98447189537822,52.9263916015625,6.0,180.0
428.3120300714753,-98.00032131292892,3.1409885020408987,52.9263916015625,6.0,180.0
428.6808133637282,-97.72662715916763,3.17837283892046,52.82649230957031,6.0,180.0
429.1045875027349,-97.51820236153333,3.311142323671578,52.72654342651367,6.0,180.0
429.4458534163819,-97.5207086260774,3.737968052530943,52.62666702270508,6.0,180.0
429.6248887764172,-97.7202605436393,4.228826811047906,52.52668380737305,6.0,180.0
429.5582356936993,-98.01332347336484,4.509223991351531,52.42649841308594,6.0,180.0
429.331076654934,-98.22428361869694,4.690859414243989,52.32655715942383,6.0,180.0
429.1039695316293,-98.3576539992908,5.104645377814145,52.22652816772461,6.0,180.0
429.1595936048569,-98.62399303592268,5.621093751536846,52.22652816772461,6.0,180.0
429.70717384044553,-99.14029492777384,5.968285524434334,52.12647247314453,6.0,180.0
430.3943063883463,-99.70497533964765,6.264650620184876,52.02651977539062,6.0,180.0
431.05060951580407,-100.15949832719411,6.52163810249895,51.92645645141602,6.0,180.0
431.9379106914495,-100.45387382649533,6.69579769985416,51.82653427124023,6.0,180.0
433.04584296367767,-100.61106055701404,7.015424928014951,51.72653198242188,6.0,180.0
433.9838523884827,-100.8031253262324,7.366991652633992,51.62651443481445,6.0,180.0
434.5733132735184,-101.01719585305472,7.487407105310728,51.62651443481445,6.0,180.0
435.6010626730544,-101.25023226856108,7.497687926853906,51.52664184570312,6.0,180.0
437.4906045160065,-101.61821390365188,7.329498540061153,51.426513671875,6.0,180.0
439.2422401955049,-102.09282729207912,6.92196918697217,51.32655715942383,6.0,180.0
440.4100921167129,-102.5699091236488,6.546584684214388,51.22657775878906,6.0,180.0
441.4009019020939,-102.92260186139248,6.248897225733364,51.12642288208008,6.0,180.0
442.2978846578782,-103.24065145043708,5.85311968433808,51.02651977539062,6.0,180.0
443.40385466079766,-103.83436394929942,5.453671842111682,50.92641448974609,6.0,180.0
444.8006829804354,-104.58856378364872,5.424701207586715,50.92641448974609,6.0,180.0
446.02143341581575,-105.22089386475082,5.846684125052656,50.82641983032227,6.0,180.0
447.0345538397999,-105.68877132426026,6.514540527140396,50.72654342651367,6.0,180.0
448.04971756711205,-105.93300418354316,7.018809092664186,50.62651443481445,6.0,180.0
448.843809736578,-105.9838623968798,7.086313082082712,50.52653121948242,6.0,180.0
449.2426082527763,-105.78079230204446,6.985495469024173,50.42649459838867,6.0,180.0
449.5386431859281,-105.3190921822577,7.120606339459274,50.326416015625,6.0,180.0
449.95540230376537,-105.03393817742456,7.53773000506715,50.326416015625,6.0,180.0
450.5501873509186,-105.1847583766633,7.903968257724463,50.22643280029297,6.0,180.0
451.4719812752959,-105.5401801636344,8.034071438362488,50.12649154663086,6.0,180.0
452.6785468076608,-105.84869328656478,7.973613186756363,50.02640151977539,6.0,180.0
453.81248848516833,-106.07556380537248,7.799877193269785,49.92653656005859,6.0,180.0
454.6261054309471,-106.2287257149694,7.604186458627238,49.8266487121582,6.0,180.0
455.30781172330046,-106.36976633268034,7.3228667831622,49.72653579711914,6.0,180.0
456.2643234903605,-106.65069263756378,6.883607735328269,49.62642669677734,6.0,180.0
457.5403583373423,-107.00332495978132,6.427343535818848,49.62642669677734,6.0,180.0
458.83078322706416,-107.24446180712182,6.067828388992168,49.5264778137207,6.0,180.0
459.9234688536215,-107.35278429769788,5.928570453976569,49.4266242980957,6.0,180.0
461.0343895073943,-107.40559385712876,6.002504309743936,49.32647705078125,6.0,180.0
462.4474467370033,-107.48475250480251,6.023960691385308,49.22639083862305,6.0,180.0
463.9243311494807,-107.58308301677336,6.002076603934266,49.12643051147461,6.0,180.0
465.01151883036056,-107.71568491922424,6.170789490962165,49.02645874023438,6.0,180.0
465.8093747107145,-107.98256958310505,6.50315460961115,49.02645874023438,6.0,180.0
466.7149049641372,-108.29355271146984,6.759555189724824,48.92653656005859,6.0,180.0
467.7437157343636,-108.41008778157668,6.820030873276353,48.82652282714844,6.0,180.0
468.5570501070598,-108.32862955297358,6.875890160149353,48.72654724121094,6.0,180.0
469.0998679882844,-108.22934941143744,6.939729318785015,48.62654495239258,6.0,180.0
469.5596469874406,-108.13781275474985,6.744848211143002,48.52648544311523,6.0,180.0
469.77925334440846,-108.01922573994428,6.45680147307428,48.42646408081055,6.0,180.0
469.91842844157327,-108.10086064131204,6.359065637694619,48.32641983032227,6.0,180.0
470.2534557273351,-108.49774089601608,6.295961079563553,48.32641983032227,6.0,180.0
470.9300128354621,-108.92886190064492,6.089834993571152,48.22654342651367,6.0,180.0
472.1026322545416,-109.22868386237728,5.803247285232557,48.12652969360352,6.0,180.0
473.3238793771051,-109.41192309697335,5.617960918516428,48.02658081054688,6.0,180.0
474.0390633642384,-109.52225441850234,5.649561276725457,47.92648696899414,6.0,180.0
474.3451395199779,-109.63671499552304,5.8572568447950255,47.82645797729492,6.0,180.0
474.6592736149781,-109.66976369878026,6.116156751906218,47.72650527954102,6.0,180.0
475.03264808094536,-109.5887350671562,6.331995347714517,47.62642669677734,6.0,180.0
475.3491460108699,-109.58369780916767,6.609871972590284,47.62642669677734,6.0,180.0
475.5861027724328,-109.6893884576869,6.933822032335869,47.52653121948242,6.0,180.0
475.8349377796524,-109.80908485037914,7.139743582049885,47.4266471862793,6.0,180.0
476.5089884799442,-110.06134325006444,7.128022358534973,47.3265266418457,6.0,180.0
477.59327160576015,-110.52713164786164,7.05719581538282,47.22658920288086,6.0,180.0
478.6327867527021,-111.01354371831331,7.359939078799842,47.12659454345703,6.0,180.0
479.5651298984306,-111.49269151415396,7.997322531632458,47.02661895751953,6.0,180.0
480.34497888820897,-111.9257409954476,8.582204175611404,47.02661895751953,6.0,180.0
480.82493710926366,-112.10621468153442,8.798536738345586,46.92653656005859,6.0,180.0
481.155726954453,-112.20955564251358,8.649598542551562,46.82630157470703,6.0,180.0
481.3226724577805,-112.36265918114862,8.534714736256992,46.72653579711914,6.0,180.0
481.2740835975306,-112.3816615690482,8.500152087633445,46.62676620483398,6.0,180.0
481.4049447479038,-112.31359891328864,8.218320700744922,46.52652359008789,6.0,180.0
481.92705054421685,-112.3291102654511,7.769576186929869,46.42639541625977,6.0,180.0
482.635726202967,-112.44426639656352,7.497540869620772,46.32637405395508,6.0,180.0
483.3348017560551,-112.63422999317662,7.305309067129349,46.32637405395508,6.0,180.0
484.0027153669749,-112.912234618052,7.027629376904714,46.22647094726562,6.0,180.0
484.6553820520071,-113.2290647619668,6.745268226621838,46.12660980224609,6.0,180.0
485.1848314169889,-113.49864946804227,6.589445356179217,46.02642822265625,6.0,180.0
485.4450819909849,-113.77272110494135,6.602283852104015,45.9265251159668,6.0,180.0
485.5582622277311,-114.18491910075508,6.664666904039678,45.82654571533203,6.0,180.0
485.5195079623428,-114.65870238484476,6.840716808537803,45.72665023803711,6.0,180.0
485.27540898605935,-115.03204192662652,7.129624925768595,45.72665023803711,6.0,180.0
485.3424810337635,-115.3262746106118,7.23639793955561,45.6268424987793,6.0,180.0
486.0062184566956,-115.54454603938083,7.102311057605389,45.52649307250977,6.0,180.0
487.10033870454,-115.62120049634628,6.9244501064151205,45.42629623413086,6.0,180.0
488.3083098980776,-115.63924000945784,6.742703760777503,45.32644653320312,6.0,180.0
489.2460194798828,-115.79795203476804,6.469249293349133,45.226318359375,6.0,180.0
490.0316217275532,-116.14781236963162,6.083405694913193,45.12647247314453,6.0,180.0
490.95114688189,-116.53446220972496,5.782329834539277,45.02645874023438,6.0,180.0
491.9067730335107,-116.91926262050993,5.848115219437716,45.02645874023438,6.0,180.0
492.5470117743761,-117.35502746547634,6.217892351498299,44.92644500732422,6.0,180.0
492.6743321714597,-117.53300442342432,6.502952905669176,44.82647323608398,6.0,180.0
492.4951566597635,-117.1999010558329,6.382435393012544,44.7265625,6.0,180.0
492.58465553262886,-116.84532433616224,5.927461388696459,44.62642288208008,6.0,180.0
493.3005152655626,-116.90575910117155,5.302744153838539,44.52640533447266,6.0,180.0
494.15695252496766,-117.14652771999052,4.4267074127904245,44.42651748657227,6.0,180.0
495.0514555558819,-117.30017951128472,3.421604169997416,44.42651748657227,6.0,180.0
496.31301352042,-117.44693974956128,2.753162046958007,44.32648086547852,6.0,180.0
497.6683658289591,-117.71723617910727,2.539101062036541,44.22658920288086,6.0,180.0
498.9630769296485,-117.90761877869774,2.4846132520144906,44.12650680541992,6.0,180.0
500.1281391212679,-117.93896020220932,2.438298262847144,44.02644729614258,6.0,180.0
500.8598119597586,-118.01144387700698,2.3259699263754,43.92654418945312,6.0,180.0
501.1593786580706,-118.06455066971908,2.16863936296025,43.82660675048828,6.0,180.0
501.379109723226,-117.98485049956793,2.135560789606177,43.72661972045898,6.0,180.0
501.5957307983973,-117.99179646396726,2.1538809580861544,43.72661972045898,6.0,180.0
501.6283445836676,-118.20150886082472,2.0540745227329413,43.62664031982422,6.0,180.0
501.66441859402187,-118.35329203401756,1.8838765796475512,43.52657318115234,6.0,180.0
502.0316915773536,-118.37410224881488,1.811241716895485,43.42657852172852,6.0,180.0
502.6735684392767,-118.3813677964725,1.8357167011981987,43.32658767700195,6.0,180.0
503.15614523120087,-118.27722714671306,1.6610769301065442,43.2264404296875,6.0,180.0
503.2304897888167,-117.98311148495816,1.2765826899192323,43.1264762878418,6.0,180.0
502.9170341676378,-117.59478920439685,1.0832141375584046,43.02651977539062,6.0,180.0
502.156237561042,-117.1781286699411,1.1956601822168818,43.02651977539062,6.0,180.0
500.9553640848966,-116.86740894498708,1.3520287747098942,42.92641067504883,6.0,180.0
499.2058777143794,-116.5427406179241,1.6258828939556818,42.82658386230469,6.0,180.0
496.7921772690679,-115.9605729704828,2.306340285812766,42.7264289855957,6.0,180.0
494.267456807738,-115.37081792607358,3.010537641290421,42.62642669677734,6.0,180.0
492.7898081732014,-115.06333462404363,3.154296275610005,42.52640151977539,6.0,180.0
492.9785497096736,-115.07122346819148,2.809905550743032,42.42652130126953,6.0,180.0
494.2713339620125,-115.31675985704328,2.255067744724199,42.42652130126953,6.0,180.0
495.649175620673,-115.66466948082083,1.6444099263156202,42.32666015625,6.0,180.0
496.8196133470256,-115.97978602462705,1.1523936142360354,42.22653198242188,6.0,180.0
498.3654644114788,-116.41898460674754,0.7108072679703534,42.12644958496094,6.0,180.0
500.349622128167,-117.04976829300811,0.2819876786094415,42.02651977539062,6.0,180.0
501.9699999346216,-117.51076999127496,-0.0431233560628028,41.92663955688477,6.0,180.0
502.5022889905785,-117.63736712889887,-0.2904446347472147,41.82656097412109,6.0,180.0
501.8507804056887,-117.46545285483865,-0.2998060882317404,41.72648239135742,6.0,180.0
500.65330048032985,-117.04153209966051,0.0365661293179533,41.72648239135742,6.0,180.0
499.66310164060855,-116.50889432719008,0.5048175990970227,41.62643814086914,6.0,180.0
499.2900811039986,-116.03039321761044,0.9298553679327126,41.52639770507812,6.0,180.0
499.1506657149516,-115.63171568118932,1.3104739586340743,41.42640686035156,6.0,180.0
498.6478996786272,-115.25489923757024,1.6919158441408442,41.32652282714844,6.0,180.0
498.3728602935667,-114.99693783363443,1.9157975968416567,41.22653579711914,6.0,180.0
499.3086826674815,-115.1501185065837,1.6805300889309107,41.12652206420898,6.0,180.0
501.36877612888713,-115.67129529114,1.020179481613149,41.12652206420898,6.0,180.0
503.4211953576528,-116.08586974108864,0.1805844444060067,41.02656555175781,6.0,180.0
504.8780144120486,-116.3158820864452,-0.7123448225357407,40.92653656005859,6.0,180.0
505.7022486204275,-116.53973955947043,-1.4871489183382556,40.82645034790039,6.0,180.0
505.8923070848368,-116.7213052352986,-1.9859208102998664,40.72645568847656,6.0,180.0
506.1005968791091,-116.9220024524784,-2.1502375441631703,40.62646865844727,6.0,180.0
506.5483542636815,-117.07274345131304,-2.04073267503594,40.52653121948242,6.0,180.0
506.8569759545635,-117.15030065887552,-1.995991582675381,40.42647933959961,6.0,180.0
507.074220307775,-117.52126911625928,-2.2083480763367023,40.42647933959961,6.0,180.0
507.5262414652719,-118.07252847517115,-2.5904967400199856,40.32659149169922,6.0,180.0
508.0534668655884,-118.36280340283082,-3.046788834215114,40.22654724121094,6.0,180.0
508.2134935300247,-118.48467111923836,-3.3362696966167125,40.1264762878418,6.0,180.0
508.5045646375868,-118.7174062255234,-3.3284815262014886,40.02666854858398,6.0,180.0
509.3921736626253,-119.12735299937478,-3.295871614269757,39.92655563354492,6.0,180.0
510.4393132047042,-119.57461508953054,-3.3810656688005976,39.8264045715332,6.0,180.0
511.2860452286191,-119.67857825588894,-3.280222882966492,39.8264045715332,6.0,180.0
511.814369062358,-119.32954460698396,-2.798060632904144,39.72646713256836,6.0,180.0
512.2279915746847,-118.92212160598038,-2.3119712778208887,39.62643814086914,6.0,180.0
512.897168949399,-118.77370079540788,-2.428122638265947,39.5263786315918,6.0,180.0
513.8765840735226,-118.81015714112678,-3.2022824879645206,39.42640686035156,6.0,180.0
515.0356317649548,-118.73152704863448,-4.221832526533152,39.32636642456055,6.0,180.0
516.3075238932871,-118.57251674232394,-5.378996598287557,39.22642517089844,6.0,180.0
517.5908857138506,-118.61433298729908,-6.681727930269734,39.12664031982422,6.0,180.0
518.8974076845905,-118.7306145538144,-7.872557198659919,39.12664031982422,6.0,180.0
520.3122822182194,-118.70062444291592,-8.657266286958968,39.02658843994141,6.0,180.0
521.6946844022425,-118.73700525681188,-8.929856547766441,38.92669677734375,6.0,180.0
522.7348697163046,-118.94702218765136,-8.914641782478963,38.82664489746094,6.0,180.0
523.1852157290829,-119.04800153130871,-9.010621600952906,38.72644424438477,6.0,180.0
523.194289473156,-119.00088043438812,-9.373369806041456,38.62653350830078,6.0,180.0
522.8354736827099,-118.9655262911811,-9.599695036626487,38.52655792236328,6.0,180.0
521.8877404602978,-118.78721449331596,-9.247183916139564,38.52655792236328,6.0,180.0
520.6103740934186,-118.43937126392024,-8.502570764128171,38.42650604248047,6.0,180.0
519.5450365037233,-118.2449736071552,-7.920467536152897,38.32662582397461,6.0,180.0
518.9949087162214,-118.20632181911849,-7.791771239266595,38.22645950317383,6.0,180.0
519.1189209932828,-118.12749663543605,-7.918360635241634,38.1265983581543,6.0,180.0
519.685503733726,-117.88998138046088,-8.076926819133657,38.02660369873047,6.0,180.0
520.3344293883356,-117.49163863232587,-8.123773939955129,37.92641830444336,6.0,180.0
521.1541612694891,-117.28839870206018,-7.980329744539752,37.82641983032227,6.0,180.0
522.0872868089876,-117.40119933009156,-7.803467828357408,37.82641983032227,6.0,180.0
522.654814341952,-117.57030621166112,-7.721226548493544,37.7264404296875,6.0,180.0
522.7150695268831,-117.77589769425832,-7.820256104951963,37.62649536132812,6.0,180.0
522.6785817794026,-118.01962566932453,-8.103628694841127,37.52655410766602,6.0,180.0
522.8746948626825,-118.1643615768878,-8.491148268914333,37.42646789550781,6.0,180.0
523.0500408863497,-118.25648829703988,-8.913118269639313,37.32648086547852,6.0,180.0
522.8420782099209,-118.47964993481234,-9.379704474741086,37.22658920288086,6.0,180.0
522.4376904464287,-118.86770647577414,-9.905569226324218,37.12661743164062,6.0,180.0
522.2355407004899,-119.1349956680836,-10.307641189905418,37.12661743164062,6.0,180.0
522.4024625474865,-119.1262436517594,-10.492218296650115,37.02655029296875,6.0,180.0
522.9437560714958,-119.09628546566222,-10.62376430540496,36.92661666870117,6.0,180.0
523.6655268916803,-119.19593331804369,-10.835929405345958,36.82651519775391,6.0,180.0
524.4326878401284,-119.55848158461968,-11.194099509030146,36.72650146484375,6.0,180.0
525.1222347651264,-120.0788825060886,-11.651062170402351,36.62666320800781,6.0,180.0
525.353661258436,-120.25037228082012,-11.940391585911264,36.52653121948242,6.0,180.0
525.0082427762807,-119.96894800496142,-12.058855180363707,36.52653121948242,6.0,180.0
524.3341975552784,-119.4210263164818,-12.189696861272688,36.42660140991211,6.0,180.0
523.5821228510096,-118.72537970656543,-12.466478460277676,36.3265266418457,6.0,180.0
523.1295717473135,-118.30924204834622,-12.88469297094831,36.22650146484375,6.0,180.0
523.124438123068,-118.40392162010804,-13.35223716539576,36.12660980224609,6.0,180.0
523.3419953339824,-118.73709848231356,-13.934760088592055,36.02638626098633,6.0,180.0
523.6867857492134,-119.07065668717014,-14.429401849302224,35.92638397216797,6.0,180.0
524.0047503181029,-119.2352402476109,-14.675364763194985,35.82644653320312,6.0,180.0
524.2764954032918,-119.31943116590212,-14.97058010742932,35.82644653320312,6.0,180.0
524.6153371635417,-119.4342311616108,-15.414233165807664,35.72646331787109,6.0,180.0
524.8585786427823,-119.60202923832776,-15.81491010279575,35.6265754699707,6.0,180.0
524.9585214802365,-119.96256780947674,-16.231495449497384,35.52644348144531,6.0,180.0
524.9445535911095,-120.3898016922802,-16.64808311109261,35.42646789550781,6.0,180.0
524.9210197253003,-120.61159896599206,-16.895981668225673,35.32643127441406,6.0,180.0
525.0370012442795,-120.6610159075411,-17.171439487140944,35.2264289855957,6.0,180.0
525.0608287722657,-120.72684869123312,-17.57162526183976,35.2264289855957,6.0,180.0
524.8099736348838,-120.72451154975806,-18.028035125456924,35.12650299072266,6.0,180.0
524.5222354382631,-120.55232880216693,-18.732465776194108,35.02650833129883,6.0,180.0
524.41373701327,-120.32573279777836,-19.748936806398465,34.92656707763672,6.0,180.0
524.3493196933651,-120.11389686776812,-20.94375515120223,34.82649230957031,6.0,180.0
524.2516100757457,-119.88559782561124,-22.022961180749903,34.72657012939453,6.0,180.0
524.2689168278821,-119.61810738575149,-22.630005160210832,34.62650299072266,6.0,180.0
524.314016441566,-119.315271297827,-22.94638399342464,34.52639389038086,6.0,180.0
524.1470270030845,-118.9467846213872,-23.3025249451086,34.52639389038086,6.0,180.0
523.6797000398053,-118.5469903288115,-23.6509052309084,34.42647933959961,6.0,180.0
522.8239261143949,-118.19797147696175,-23.815895748333286,34.32644653320312,6.0,180.0
521.7171153950725,-117.88504662704824,-23.80707806646182,34.22654724121094,6.0,180.0
520.6876726899931,-117.62515376847485,-23.76928338523866,34.12654495239258,6.0,180.0
519.7737478977115,-117.613700688201,-23.666169986349963,34.02640914916992,6.0,180.0
519.2312618175896,-117.8317588872724,-23.70943950582991,33.92654800415039,6.0,180.0
519.3076225064331,-117.9779496591993,-23.9982300710571,33.92654800415039,6.0,180.0
519.7523083657994,-117.82255479056944,-24.12169560781745,33.82648086547852,6.0,180.0
520.3237957234938,-117.3600517897419,-24.085194320793143,33.72653961181641,6.0,180.0
520.8797910206281,-116.79837164261444,-24.030729648057964,33.62660980224609,6.0,180.0
521.4876541569593,-116.4347230602635,-23.92024258466664,33.52641677856445,6.0,180.0
521.9270117671774,-116.38254482215318,-23.88826407976476,33.42651748657227,6.0,180.0
522.013840549145,-116.4530801229347,-24.000844617593668,33.32648086547852,6.0,180.0
522.1497490393106,-116.60232688296324,-24.134896489851087,33.22657775878906,6.0,180.0
522.3592085775441,-116.74580945996668,-24.220418080982185,33.22657775878906,6.0,180.0
522.2996598856566,-116.73478245724444,-24.386216734847835,33.12664794921875,6.0,180.0
521.7591600951107,-116.69772212780542,-24.641870433437298,33.02648544311523,6.0,180.0
521.0144189695924,-116.59239047012387,-24.82776639426021,32.92645645141602,6.0,180.0
520.5276743233374,-116.308523220874,-24.98096021790189,32.82643890380859,6.0,180.0
520.2955995607031,-116.018294240332,-25.31344872929352,32.72652816772461,6.0,180.0
520.4499086887233,-115.97214346455918,-25.87705638769996,32.62651443481445,6.0,180.0
520.9879919553673,-116.17517886941788,-26.543197292690014,32.52655410766602,6.0,180.0
521.3983381358181,-116.41570146980784,-27.142690658700456,32.52655410766602,6.0,180.0
521.4543473376048,-116.68437864249913,-27.652410068180952,32.42644882202148,6.0,180.0
521.1456475097126,-117.0179752248307,-28.24387853808834,32.32645797729492,6.0,180.0
520.3714856978673,-117.2306003581192,-28.918610133683764,32.22660064697266,6.0,180.0
519.1877508948498,-117.25399967831169,-29.55918963352781,32.12654876708984,6.0,180.0
517.8533514599967,-117.14085833615528,-30.172068651165933,32.02646255493164,6.0,180.0
516.7188188701813,-116.90714657434523,-30.76089814903848,31.92649078369141,6.0,180.0
515.9408125015436,-116.60757446009698,-31.25050570478412,31.92649078369141,6.0,180.0
515.273837054049,-116.25198606950552,-31.632096869756232,31.82651901245117,6.0,180.0
514.3816076591517,-115.8725574701497,-31.78412325505409,31.72660446166992,6.0,180.0
513.3938960211756,-115.49903132006648,-31.56188052616904,31.62656211853027,6.0,180.0
512.8916061030927,-115.06495445546852,-31.31765229205958,31.52651214599609,6.0,180.0
512.7227268385764,-114.5181096883574,-31.35057011978279,31.4265308380127,6.0,180.0
512.4708122747599,-114.0953499559122,-31.45296831796544,31.32649612426758,6.0,180.0
512.2940293629978,-114.07656739557252,-31.424179215714613,31.22658920288086,6.0,180.0
512.1415504244217,-114.23489296664611,-31.406789050762004,31.22658920288086,6.0,180.0
511.7815306856207,-114.31036003386797,-31.59545263006432,31.12656021118164,6.0,180.0
511.0323662300497,-114.41147889872782,-31.823640400457563,31.02644920349121,6.0,180.0
510.04230605873227,-114.47871147993892,-31.87787302212756,30.92647743225098,6.0,180.0
509.23310280388495,-114.32684861835888,-31.832685374031403,30.82643508911133,6.0,180.0
508.6168281208751,-113.9395366422985,-31.93082431915024,30.72664642333984,6.0,180.0
507.98042785150886,-113.42943304176002,-32.30216295768592,30.626708984375,6.0,180.0
507.3251297658089,-113.159059626917,-32.82401477792564,30.626708984375,6.0,180.0
506.80800130652426,-113.2095194748671,-33.28700761109238,30.52676200866699,6.0,180.0
506.2841650236495,-113.25881071714142,-33.52675312041981,30.42667770385742,6.0,180.0
505.41696165221526,-113.21904978614636,-33.71283363923839,30.32641410827637,6.0,180.0
504.3544372585529,-113.16649718287394,-34.03487531255269,30.22634696960449,6.0,180.0
503.39542057553314,-112.93419089240142,-34.33971520234545,30.12636566162109,6.0,180.0
502.6275163205668,-112.520352631857,-34.548837927371245,30.02639770507812,6.0,180.0
502.00723697044816,-112.22571189232671,-34.72684929112336,29.92646217346191,6.0,180.0
501.3123298647593,-112.00649873555838,-34.88428210118821,29.92646217346191,6.0,180.0
500.3790952009675,-111.79851046595022,-35.05504890732117,29.82644653320312,6.0,180.0
499.2844955874447,-111.58957495302997,-35.223470777816665,29.72648811340332,6.0,180.0
498.0865492053647,-111.2757273118499,-35.27176914203252,29.62649917602539,6.0,180.0
496.84545843095526,-111.02758764949613,-35.248288975661914,29.52659606933594,6.0,180.0
495.8435745942919,-110.9408899877846,-35.24505573689168,29.42643165588379,6.0,180.0
495.3210377961957,-110.8627978373419,-35.25427322204457,29.32646751403809,6.0,180.0
495.1638722666256,-110.74316856845655,-35.34578245559098,29.32646751403809,6.0,180.0
495.0656461700455,-110.63968278220494,-35.623176886065885,29.22646713256836,6.0,180.0
494.88871194636914,-110.42828305516608,-36.10693023132812,29.12645721435547,6.0,180.0
494.571389716599,-110.06567135777529,-36.609142988396016,29.02641296386719,6.0,180.0
494.040264470192,-109.68679748993024,-36.91830425123905,28.92649841308594,6.0,180.0
493.2740814267194,-109.33327467276186,-37.210844850523024,28.82650947570801,6.0,180.0
492.3245201835541,-109.07980081937352,-37.61058317342223,28.72648429870605,6.0,180.0
491.1915417444401,-108.96020727435533,-37.92111087971824,28.62655639648438,6.0,180.0
489.78518946887976,-108.93012850841072,-38.03886891846332,28.62655639648438,6.0,180.0
488.28319413018704,-108.9134557444887,-38.09548662211193,28.52643775939941,6.0,180.0
486.9451869790045,-108.79466261911108,-38.21641864820688,28.42643737792969,6.0,180.0
485.9224393907476,-108.45808335654642,-38.30442289290654,28.32652473449707,6.0,180.0
485.29348734933154,-108.01051463698576,-38.36078160674352,28.22650337219238,6.0,180.0
484.93200114638734,-107.75124269304855,-38.53635781262384,28.1264705657959,6.0,180.0
484.61881872892434,-107.6012813046258,-38.79031737951464,28.02653694152832,6.0,180.0
484.1598964737244,-107.26855967088636,-39.08972009635345,27.92648315429688,6.0,180.0
483.499153667305,-106.79904126897635,-39.35527097100192,27.92648315429688,6.0,180.0
482.5218409867887,-106.4795043240525,-39.555178821366745,27.82660675048828,6.0,180.0
481.0989899042067,-106.26551857827742,-39.90565916245614,27.72655487060547,6.0,180.0
479.4232594824173,-105.82789244087007,-40.30707383461071,27.62645149230957,6.0,180.0
477.7482640017754,-105.31394284146374,-40.563056165316745,27.52655029296875,6.0,180.0
476.2435403683684,-105.07715786708316,-40.81905475995671,27.42654418945312,6.0,180.0
475.0294681110312,-104.91837700450463,-41.19504599489148,27.32649421691895,6.0,180.0
474.0111630920534,-104.70739110465236,-41.6193866298051,27.32649421691895,6.0,180.0
473.0216917137973,-104.67537579997176,-41.948907508508064,27.22651290893555,6.0,180.0
471.88417568449137,-104.82707615124048,-42.158185728003005,27.1264820098877,6.0,180.0
470.5645628769989,-104.96165597716715,-42.56615322084203,27.02656173706055,6.0,180.0
469.25986287088097,-104.8765261588833,-43.1552758149932,26.92660903930664,6.0,180.0
467.9851317945419,-104.56081076401526,-43.49339437200916,26.8265495300293,6.0,180.0
466.7990702671945,-104.09239611342116,-43.606836965488185,26.72665977478027,6.0,180.0
465.7615619472485,-103.58467186915595,-43.77936497414765,26.62652015686035,6.0,180.0
464.75382805449885,-103.11648124385248,-44.096977938173765,26.62652015686035,6.0,180.0
463.7440036491444,-102.61784604938369,-44.25287660219068,26.5263671875,6.0,180.0
462.6158652390319,-102.11754637065602,-44.00033495009404,26.42648315429688,6.0,180.0
461.4015620664637,-101.80458891883252,-43.71348399309132,26.32640838623047,6.0,180.0
460.2772190567658,-101.72387806880492,-43.7884476052363,26.22659873962402,6.0,180.0
459.1376303229566,-101.5923133825961,-44.097623140226055,26.12658500671387,6.0,180.0
457.88102857592776,-101.16238252716474,-44.231450467344445,26.02640533447266,6.0,180.0
456.57706883001873,-100.51040561694543,-43.9918493725841,26.02640533447266,6.0,180.0
455.323617229422,-99.94237668728007,-43.60141847725639,25.92646598815918,6.0,180.0
454.15221895679866,-99.6301330564455,-43.293000049380105,25.82648468017578,6.0,180.0
452.8912297243771,-99.38932491401856,-43.02759562537861,25.7264575958252,6.0,180.0
451.4311541652151,-98.9511114183105,-42.82146016935852,25.62651824951172,6.0,180.0
449.8409231712204,-98.43923122697316,-42.84959548420074,25.52648544311523,6.0,180.0
448.1838680383072,-98.10238035914254,-43.10690635967666,25.42659378051758,6.0,180.0
446.4579015230519,-97.83256421716762,-43.38222322229311,25.32663726806641,6.0,180.0
444.6462349443539,-97.58708889444952,-43.46618117113671,25.32663726806641,6.0,180.0
443.0390731300485,-97.33587546129132,-43.33381740836285,25.22661781311035,6.0,180.0
441.936943632699,-97.0406025497306,-43.21844484011952,25.12632369995117,6.0,180.0
441.0113085388446,-96.81126283343644,-43.20229722405234,25.02637100219727,6.0,180.0
439.9283971664669,-96.5709495023398,-43.22482115069698,24.92641448974609,6.0,180.0
438.8401004975193,-96.18051208531656,-43.40759665889126,24.82659339904785,6.0,180.0
437.70667803039714,-95.65879029531982,-43.63371588100398,24.7266674041748,6.0,180.0
436.4047905868104,-95.20488466898128,-43.71423972898016,24.7266674041748,6.0,180.0
435.0919247070152,-94.99415334418732,-43.85295425503551,24.62650299072266,6.0,180.0
433.70536243360766,-94.83940420173964,-44.03032985274875,24.52657699584961,6.0,180.0
432.13410255825386,-94.47758247968598,-44.12886984006387,24.42654800415039,6.0,180.0
430.5539728794518,-93.93029227940472,-44.37960707718452,24.32641983032227,6.0,180.0
428.8851614015667,-93.36337907489364,-44.79973771152893,24.22653579711914,6.0,180.0
426.9649603478224,-92.95087126291014,-45.14342792304374,24.12649917602539,6.0,180.0
425.1628567312849,-92.71937597587127,-45.28444259783514,24.02643203735352,6.0,180.0
423.597862615593,-92.62206009239586,-45.10156216762317,24.02643203735352,6.0,180.0
421.9595392277741,-92.554298787264,-44.67006811370588,23.92654991149902,6.0,180.0
420.171850139969,-92.47553640447794,-44.34572465919844,23.82650947570801,6.0,180.0
418.43132906561794,-92.47649509309096,-44.26591694673577,23.72653770446777,6.0,180.0
417.0435598523214,-92.36053467076604,-44.41443134921799,23.62664985656738,6.0,180.0
415.9549041100516,-91.90901664073888,-44.59435703350132,23.5265007019043,6.0,180.0
414.973718793953,-91.3685295045466,-44.611939215542094,23.42647552490234,6.0,180.0
413.9216383003596,-90.9766673310732,-44.61353208233847,23.42647552490234,6.0,180.0
412.6639702015951,-90.62949741305192,-44.69293908587228,23.32647323608398,6.0,180.0
411.1495874508835,-90.29886845059752,-44.87540793944679,23.22649574279785,6.0,180.0
409.3141044982722,-90.01938660421797,-45.06924927743543,23.12656402587891,6.0,180.0
407.4222363776872,-89.83079247835524,-45.03112763784798,23.02651786804199,6.0,180.0
405.6488788998644,-89.87363725602192,-44.79986925862606,22.9264965057373,6.0,180.0
403.7835426148364,-89.99603790544043,-44.4457413591244,22.82643699645996,6.0,180.0
401.8482644679576,-89.89114364572154,-43.950219652983016,22.72644996643066,6.0,180.0
400.1176548460495,-89.60602269631744,-43.61153772953362,22.72644996643066,6.0,180.0
398.5991212909008,-89.22047464236628,-43.54002420845205,22.62652587890625,6.0,180.0
397.21440723828016,-88.5902558528682,-43.66922769289206,22.52647590637207,6.0,180.0
395.97758557013736,-87.7705083833695,-44.05477910877064,22.4265251159668,6.0,180.0
394.6094316804043,-86.9398368919405,-44.44712041536872,22.3263988494873,6.0,180.0
392.83520221178776,-86.20442424182515,-44.82653919794248,22.22641372680664,6.0,180.0
390.7210610472677,-85.61892397578346,-45.42664446108823,22.12649154663086,6.0,180.0
388.4184765222532,-84.99844827893327,-46.01947862716938,22.02643394470215,6.0,180.0
385.9146739480147,-84.31752776142037,-46.35087584184602,22.02643394470215,6.0,180.0
383.2350566581662,-83.74828515429559,-46.42039616021359,21.92658042907715,6.0,180.0
380.761516467035,-83.27037412405589,-46.35396323634118,21.82669830322266,6.0,180.0
378.613981815055,-82.81152382534819,-46.187389524282,21.72672271728516,6.0,180.0
376.5581106020591,-82.37266224923945,-45.81906025905895,21.62657928466797,6.0,180.0
374.506210703588,-81.97708276667265,-45.55988588979379,21.52639198303223,6.0,180.0
372.5058517947965,-81.63205128496243,-45.70630817852079,21.42653274536133,6.0,180.0
370.617344643106,-81.40083700250341,-46.03545661787828,21.42653274536133,6.0,180.0
368.7975978366472,-81.15445644766278,-46.26648337402591,21.32651519775391,6.0,180.0
366.8652169000592,-80.73945899672327,-46.43966138311811,21.22655868530273,6.0,180.0
364.7444888422903,-80.32149028779509,-46.716736586709686,21.12657356262207,6.0,180.0
362.66909586529374,-79.95638249769766,-46.9643566241512,21.02649688720703,6.0,180.0
360.7906227548734,-79.52193986359403,-47.02072362399166,20.92658996582031,6.0,180.0
358.97230921052267,-78.9500675986903,-46.90845158451796,20.82645225524902,6.0,180.0
357.14448205351096,-78.34976996052777,-46.70952875255748,20.72651672363281,6.0,180.0
355.26952033842304,-77.87809207120834,-46.39533983730032,20.72651672363281,6.0,180.0
353.39662856761345,-77.53442245992561,-45.823780668857495,20.62652969360352,6.0,180.0
351.8170337306265,-77.35140832315425,-45.13234652548818,20.52636909484863,6.0,180.0
350.42111301136924,-77.29639326468698,-44.52282430955735,20.4265193939209,6.0,180.0
348.8299364996018,-77.0847867440943,-43.9760768113909,20.32648658752441,6.0,180.0
347.0827703875106,-76.66063917091428,-43.58113963306149,20.22657012939453,6.0,180.0
345.2794540011275,-76.26229834624304,-43.51873556291516,20.12648963928223,6.0,180.0
343.3740270639248,-75.85568821992413,-43.59568977602359,20.12648963928223,6.0,180.0
341.31269180848875,-75.43643584589648,-43.58194129718607,20.02643394470215,6.0,180.0
338.95454445872565,-75.1414702652904,-43.5438350534478,19.92644691467285,6.0,180.0
336.34510624789687,-74.87578339524579,-43.51978524769446,19.82646179199219,6.0,180.0
333.69290417126,-74.49637322115458,-43.57507596896082,19.72649574279785,6.0,180.0
331.01618371966384,-73.97097670682021,-43.63019903815527,19.6264476776123,6.0,180.0
328.2262327506897,-73.27296239038368,-43.45283687268644,19.52636909484863,6.0,180.0
325.4010826352817,-72.34808887540514,-43.14370843992552,19.426513671875,6.0,180.0
322.74245002890484,-71.27200250259857,-43.01940732550935,19.426513671875,6.0,180.0
320.38472981380687,-70.23749444323145,-43.10959015107269,19.32649993896484,6.0,180.0
318.2481268267338,-69.42115942375925,-43.23635771818641,19.22659111022949,6.0,180.0
316.0840839015945,-68.7465669969123,-43.48012459889998,19.12663459777832,6.0,180.0
313.8423584426057,-68.14137612647563,-43.88216474411701,19.02646064758301,6.0,180.0
311.56919523833955,-67.70319322465407,-44.04135606804676,18.92642593383789,6.0,180.0
309.4018046448289,-67.32236803328374,-43.71032295887898,18.82638931274414,6.0,180.0
307.3759436793059,-66.7727915617175,-42.99966454277717,18.82638931274414,6.0,180.0
305.2258135065836,-66.07614303722625,-42.13447118134955,18.72644424438477,6.0,180.0
302.9760232386733,-65.51426147515438,-41.34970353048623,18.62664794921875,6.0,180.0
300.73527061520844,-65.12792247006816,-40.76110332588637,18.52653121948242,6.0,180.0
298.23113417863306,-64.69039361380625,-40.45325499411096,18.42649078369141,6.0,180.0
295.2918759795138,-64.0716185856488,-40.437187635263605,18.32650375366211,6.0,180.0
292.20853243919424,-63.41862632954775,-40.49870577055332,18.22648811340332,6.0,180.0
289.318648911559,-62.95646270274599,-40.27864546866315,18.12664222717285,6.0,180.0
286.6583628918221,-62.613651158679566,-39.6950027370682,18.12664222717285,6.0,180.0
284.0577174981236,-62.26962133388647,-39.01105551288794,18.02653121948242,6.0,180.0
281.3908922446668,-61.9157038490514,-38.40356684346703,17.92651176452637,6.0,180.0
278.78759617143913,-61.46073307407073,-37.904218051900045,17.82653999328613,6.0,180.0
276.45517079457096,-60.93574864322698,-37.453730589204376,17.72647094726562,6.0,180.0
274.32518330186264,-60.486939989462265,-37.04867031059569,17.6264762878418,6.0,180.0
272.1331029443159,-60.17394696070463,-36.81749203054033,17.52652168273926,6.0,180.0
269.7404788545337,-60.04971801510471,-36.72792935206586,17.42657089233398,6.0,180.0
267.1871853492821,-59.95704800249583,-36.660131897146,17.42657089233398,6.0,180.0
264.4968273510925,-59.67060073702137,-36.3436532000602,17.32650756835938,6.0,180.0
261.61291592342866,-59.24850201283319,-35.68667056934927,17.22656440734863,6.0,180.0
258.6427159680377,-58.7759259266057,-35.0722892021978,17.12662696838379,6.0,180.0
255.814589394154,-58.320209919402856,-34.58233801400868,17.02667045593262,6.0,180.0
253.1801814790753,-58.05986994512661,-34.08201164361229,16.92655181884766,6.0,180.0
250.6603708985476,-57.89263752431489,-33.69008551158327,16.8264331817627,6.0,180.0
248.12386843038132,-57.524455613265886,-33.53625680849552,16.8264331817627,6.0,180.0
245.52421426784304,-57.09424154815348,-33.5450503135372,16.7264575958252,6.0,180.0
242.90527936826624,-56.7270040467796,-33.42820797120873,16.6265983581543,6.0,180.0
240.433699723792,-56.15940212725022,-33.164894159395296,16.52655982971191,6.0,180.0
238.17886835750704,-55.3879761821599,-32.89774048959932,16.42648506164551,6.0,180.0
235.7176086679872,-54.68407742068665,-32.565274383299105,16.32646560668945,6.0,180.0
232.8223089911808,-54.09413350941594,-32.277674213644005,16.22656440734863,6.0,180.0
229.6289490463684,-53.431598448111615,-31.92046193914387,16.12661743164062,6.0,180.0
226.0626035029645,-52.61463257699774,-31.092032761046525,16.12661743164062,6.0,180.0
222.28823209022656,-51.67822138964898,-29.9798484558357,16.02649116516113,6.0,180.0
218.70185046557336,-50.66566374362755,-28.920995777298504,15.92640209197998,6.0,180.0
215.4535524517868,-49.76534867126576,-27.90144148456508,15.82648658752441,6.0,180.0
212.55940707317265,-49.07511591127121,-27.0384254710972,15.72640037536621,6.0,180.0
209.81650353458733,-48.53063826801464,-26.49042848949128,15.62659454345703,6.0,180.0
206.9250876740145,-48.20449829939757,-26.44768903300716,15.52644920349121,6.0,180.0
203.8606617250333,-48.06905693811111,-26.97314095663551,15.52644920349121,6.0,180.0
200.90207113252052,-47.76958717657033,-27.601342187300126,15.42640399932861,6.0,180.0
198.16562909355187,-47.14870419261776,-27.851740847794545,15.32654666900635,6.0,180.0
195.5226304038532,-46.515687714576025,-27.68949062787346,15.22641372680664,6.0,180.0
192.90721532189943,-46.00542973903799,-27.34369201968355,15.12656402587891,6.0,180.0
190.24097769680827,-45.46981122990736,-26.87214914564382,15.02660274505615,6.0,180.0
187.3537616282993,-45.00259457243209,-26.29451632742659,14.92646408081055,6.0,180.0
184.17785231294573,-44.66368612043135,-25.721597892915028,14.82658290863037,6.0,180.0
180.78952961667247,-44.24072660660022,-25.010031135581585,14.82658290863037,6.0,180.0
177.27925718458175,-43.68602252515593,-24.20617495019517,14.72660350799561,6.0,180.0
173.73024881732317,-43.04043911168215,-23.44893027052384,14.62659168243408,6.0,180.0
170.29051906826672,-42.24399793104574,-22.652719750029306,14.52672958374023,6.0,180.0
167.04012030854108,-41.32335233531818,-21.98266674170073,14.42654609680176,6.0,180.0
163.92282487549917,-40.40466065709092,-21.54021908611928,14.32642650604248,6.0,180.0
160.82957874762187,-39.58371147355527,-21.246060799961903,14.22642993927002,6.0,180.0
157.4550954117579,-38.803171997808974,-20.984895884790443,14.22642993927002,6.0,180.0
153.81454023193865,-38.139638287052,-20.644749800268727,14.12633419036865,6.0,180.0
150.3571002101875,-37.71205098670175,-20.309387282614875,14.02644157409668,6.0,180.0
147.13787764291394,-37.31173515536846,-20.03758660066237,13.92652034759521,6.0,180.0
143.79543724873545,-36.6512727348708,-19.716285046248423,13.82642555236816,6.0,180.0
140.3149182415381,-35.69710389900267,-19.329277750123225,13.72652530670166,6.0,180.0
136.9628777750769,-34.66105053775896,-19.057438055001583,13.62652969360352,6.0,180.0
133.8303619421322,-33.6473608079292,-18.86407504097919,13.52650451660156,6.0,180.0
130.82680901595,-32.71924100692725,-18.41484318627962,13.52650451660156,6.0,180.0
127.73457748396967,-31.93833181369868,-17.578764079765538,13.42655849456787,6.0,180.0
124.56386204375062,-31.27161606088628,-16.822436636306872,13.3264102935791,6.0,180.0
121.33218927412015,-30.75869562171328,-16.518642689616698,13.22645950317383,6.0,180.0
117.9465069205494,-30.46485764532509,-16.347346912804895,13.12644672393799,6.0,180.0
114.6190435609024,-30.233022116180003,-15.925479376935296,13.02654933929443,6.0,180.0
111.4023550599668,-29.790128085349394,-15.17572632000529,12.92655467987061,6.0,180.0
108.06985332022188,-29.177944237501748,-14.34419797736011,12.82658576965332,6.0,180.0
104.62005529330604,-28.54338669035408,-13.719682155746176,12.82658576965332,6.0,180.0
101.25860978321904,-27.95981012330189,-13.255346882944114,12.72647190093994,6.0,180.0
98.1287499648004,-27.3529211447482,-12.869581190906564,12.62640476226807,6.0,180.0
94.9565151909629,-26.605326867532845,-12.53962037180765,12.52647113800049,6.0,180.0
91.43818350108845,-25.92155875835682,-12.17193275626533,12.4264612197876,6.0,180.0
87.75966012715644,-25.34961050630983,-11.720106497238348,12.32647514343262,6.0,180.0
83.99645911622741,-24.6329961502465,-11.078315482922168,12.22660827636719,6.0,180.0
80.03728885061781,-23.83675520784734,-10.299820746738586,12.22660827636719,6.0,180.0
76.04645349077754,-23.252156755031805,-9.602341149001877,12.12654495239258,6.0,180.0
72.14175589190535,-22.794572820374952,-9.033516998650065,12.02661991119385,6.0,180.0
68.33253277887411,-22.23939546417913,-8.603031854340507,11.92655277252197,6.0,180.0
64.71412035067485,-21.596620534408668,-8.23266195401791,11.82645225524902,6.0,180.0
61.1388028490903,-20.91833257337573,-7.773852288643249,11.7265100479126,6.0,180.0
57.5039352368947,-20.293771440247284,-7.24737304231434,11.62647819519043,6.0,180.0
54.00896152038053,-19.685178591631782,-6.819950474802552,11.52655982971191,6.0,180.0
50.43199006142785,-18.974917044172003,-6.464588695531804,11.52655982971191,6.0,180.0
46.39006592126636,-18.21843089004708,-6.085165535584208,11.42653274536133,6.0,180.0
42.196874690319945,-17.43594210922972,-5.735912419802887,11.32645606994629,6.0,180.0
38.18648633249968,-16.543191818620397,-5.397710673277566,11.22654342651367,6.0,180.0
34.2123068005378,-15.536467471981126,-5.179872383024725,11.12650203704834,6.0,180.0
30.36055558921097,-14.57371216953466,-5.127454266067095,11.02661037445068,6.0,180.0
26.78326194003251,-13.695073488626718,-4.8947745211736455,10.92647838592529,6.0,180.0
23.390208146210355,-12.755653961298329,-4.398072862074316,10.92647838592529,6.0,180.0
20.00280032283221,-11.876884103480844,-3.985309709512977,10.82648658752441,6.0,180.0
16.43027616676089,-11.277975600063856,-3.783736059550299,10.72650241851807,6.0,180.0
12.827331386036647,-10.834588472852513,-3.534479794076609,10.62647914886475,6.0,180.0
9.34559008743738,-10.356578277364209,-3.126641247520517,10.52652931213379,6.0,180.0
5.889166099446044,-9.808180791895593,-2.5861108221532474,10.42649364471436,6.0,180.0
2.3825482231454203,-9.177088027222034,-1.8490075653949736,10.32644081115723,6.0,180.0
-1.1682613335236738,-8.373899368319625,-1.0862643891141897,10.22641754150391,6.0,180.0
-4.6929653406332505,-7.442093847881726,-0.4407647892727668,10.22641754150391,6.0,180.0
-8.39364053518063,-6.534404581182015,0.085567322499017,10.126389503479,6.0,180.0
-12.40098382204934,-5.665944879410734,0.6061098865120611,10.02651977539062,6.0,180.0
-16.461556281543032,-4.957636357929514,1.3609749035398575,9.92654514312744,6.0,180.0
-20.502981806045,-4.465064431587761,2.231948276973217,9.826507568359377,6.0,180.0
-24.557896455632843,-3.8377787970295465,2.9852053604523645,9.726527214050291,6.0,180.0
-28.55589059825692,-2.915452890281866,3.629686876121895,9.626564979553224,6.0,180.0
-32.67799093784683,-1.9256117032714288,4.112437375551249,9.626564979553224,6.0,180.0
-37.09736018597968,-0.9565610779887148,4.491510381683652,9.526671409606934,6.0,180.0
-41.54859780580722,0.125376680873769,5.018212749552175,9.426511764526367,6.0,180.0
-45.81024897380507,1.404149788388878,5.627709792383305,9.32643985748291,6.0,180.0
-49.98039709609962,2.6678058023893616,6.059805477286616,9.226507186889648,6.0,180.0
-54.2115462726905,3.560271599732559,6.520222155550941,9.126482009887695,6.0,180.0
-58.48154752436336,4.024163979182907,7.370317795063437,9.026508331298828,6.0,180.0
-62.60154977951966,4.356115836968554,8.374152240882163,8.926532745361328,6.0,180.0
-66.53816807469767,4.768156963536782,9.234894834733296,8.926532745361328,6.0,180.0
-70.45085788887647,5.368352037348325,10.048701448382172,8.826457977294922,6.0,180.0
-74.44571786335784,6.273551397371973,10.830602151692595,8.726480484008789,6.0,180.0
-78.64984608297755,7.274868775693076,11.414162254937,8.62658405303955,6.0,180.0
-83.24961843316761,8.010141401364253,11.765726297140612,8.526575088500977,6.0,180.0
-88.02057994238045,8.487610060403457,11.87916999393148,8.426578521728516,6.0,180.0
-92.52634402504398,8.923782992749489,11.902600477680409,8.3264799118042,6.0,180.0
-96.63478730656688,9.388406265201516,12.178754064381108,8.3264799118042,6.0,180.0
-100.4181498137398,9.933721580375998,12.821211379927531,8.226491928100586,6.0,180.0
-104.13994731856044,10.49787960243547,13.674922923729996,8.1264066696167,6.0,180.0
-108.00908147503918,10.888517878516602,14.478819667728516,8.02657699584961,6.0,180.0
-111.88260858465746,11.272635495324336,15.17051467524476,7.926512241363525,6.0,180.0
-115.69693756828588,11.867498418125296,15.930939323564695,7.826443195343018,6.0,180.0
-119.54799299340182,12.656984296183865,17.02434213735503,7.726561546325684,6.0,180.0
-123.55574418996603,13.583479786714712,18.39205306922463,7.626441478729248,6.0,180.0
-127.83555953390412,14.582812692106913,19.74842158332845,7.626441478729248,6.0,180.0
-132.2373782443285,15.651625352224949,20.9594302129586,7.526444435119629,6.0,180.0
-136.7838296798023,16.653512669958133,21.850935698830853,7.426525592803955,6.0,180.0
-141.60121602357745,17.463141731899412,22.57306272921671,7.326443195343018,6.0,180.0
-146.4739023598661,18.15732232908428,23.46255993643477,7.226560592651367,6.0,180.0
-151.23762837711394,18.90307299070441,24.33831178122029,7.126458168029785,6.0,180.0
-155.8062321942242,19.668899064910786,24.89049290514044,7.026573657989502,6.0,180.0
-160.0101796732347,20.23180222952738,25.33684347388561,6.926554203033447,6.0,180.0
-163.77553798010757,20.74554939625873,25.98628031756399,6.926554203033447,6.0,180.0
-167.3100427349745,21.44042918308452,26.786238225313703,6.826477527618408,6.0,180.0
-170.95598427144137,22.249240949126907,27.699323019138127,6.726559638977051,6.0,180.0
-174.90897291028114,23.146823106984435,28.72500432231212,6.626576900482178,6.0,180.0
-179.18418868606784,24.08640320076438,29.79770755567277,6.526572704315186,6.0,180.0
-183.6917553678744,25.045808574185017,30.80566510842465,6.426571846008301,6.0,180.0
-188.3906436686336,26.03541580544202,31.7833546835374,6.32646656036377,6.0,180.0
-193.20814223817848,26.99734248275717,32.914975563829614,6.32646656036377,6.0,180.0
-197.98669026871005,28.023689885090445,33.99282329359054,6.22645378112793,6.0,180.0
-202.6895218832176,29.20286280376805,34.72737218588995,6.126461982727051,6.0,180.0
-207.33075238528244,30.39421861203475,35.25281607204563,6.026540279388428,6.0,180.0
-211.82656528608936,31.407408573191148,35.83503652923383,5.926516532897949,6.0,180.0
-216.0937065878429,32.18689251294179,36.56738617976217,5.826498985290527,6.0,180.0
-220.2218801839541,32.78596737035386,37.48195594608074,5.726459980010986,6.0,180.0
-224.4089476094175,33.24991598889684,38.45095642640557,5.626399517059326,6.0,180.0
-228.78480863502315,33.763169019752496,39.25022287529487,5.626399517059326,6.0,180.0
-233.39394222001943,34.555861948329245,39.99495586168064,5.526630878448486,6.0,180.0
-238.1489632432142,35.529808688296995,40.769383595974574,5.426467895507812,6.0,180.0
-242.8727370947581,36.52360748079133,41.406082644677205,5.326418876647949,6.0,180.0
-247.5096894491384,37.50007445918127,42.00383080566917,5.226516246795654,6.0,180.0
-252.11765493179016,38.379527134630194,42.9121035261358,5.126460075378418,6.0,180.0
-256.6903699085217,39.21508717613368,44.07879625912399,5.02656888961792,6.0,180.0
-261.3198065962709,40.14710950740104,45.14682461927998,5.02656888961792,6.0,180.0
-266.03993259709097,41.10158632672382,46.105634339370845,4.926565170288086,6.0,180.0
-270.7919394500384,41.8768995937574,47.13735533308629,4.826534271240234,6.0,180.0
-275.62456648671605,42.47743451460869,48.20228558382697,4.726555824279785,6.0,180.0
-280.50549104816866,43.13948509555667,49.18766901084616,4.626537322998047,6.0,180.0
-285.3409852535356,43.873818911847295,50.07457057232639,4.526398181915283,6.0,180.0
-290.1039671057116,44.56861696844355,50.91050314778328,4.426543235778809,6.0,180.0
-294.83890755194795,45.34742017450395,51.788754649824384,4.326536655426025,6.0,180.0
-299.52371744602976,46.253106189491554,52.52676794891266,4.326536655426025,6.0,180.0
-304.1388170156142,47.173275671675626,52.92783200246409,4.22658109664917,6.0,180.0
-308.70080937010414,48.09628589850398,53.27051798196595,4.12649393081665,6.0,180.0
-313.3583687058927,49.02859311810558,53.70017926941229,4.026403903961182,6.0,180.0
-318.16532660692343,49.99794968111051,54.14175362957658,3.926516771316528,6.0,180.0
-323.0529962671925,51.06638761149589,54.77600216846552,3.826533079147339,6.0,180.0
-328.05241746769474,52.05128127511172,55.59939175815634,3.726452827453613,6.0,180.0
-332.9359024620552,52.8226805551089,56.34734789768526,3.726452827453613,6.0,180.0
-337.4767217198733,53.616140956647655,56.87499358800883,3.626461029052734,6.0,180.0
-341.78782339645124,54.57776022365914,57.06614990749284,3.526540756225586,6.0,180.0
-346.03275102408446,55.4529760112749,56.99986611290257,3.426477670669556,6.0,180.0
-350.24351728381686,55.978499719843896,56.88199971829879,3.326646327972412,6.0,180.0
-354.53263219063126,56.36503931118776,56.91319249391577,3.226518154144287,6.0,180.0
-358.9491190551815,56.89075765857567,57.46188343018032,3.126490592956543,6.0,180.0
-363.4248903897778,57.7357975466508,58.566724844441296,3.026527166366577,6.0,180.0
-367.9894143441619,59.01063147025255,59.83862541437716,3.026527166366577,6.0,180.0
-372.5486055161225,60.390339914259336,61.05810561931742,2.926529407501221,6.0,180.0
-377.00774737258826,61.692973873614605,62.25502072903669,2.826487064361572,6.0,180.0
-381.419814605672,63.09547274332608,63.53332590712522,2.726564645767212,6.0,180.0
-385.9500719298746,64.46908172428722,64.85238595683307,2.626606225967407,6.0,180.0
-390.6253697346751,65.63118977537134,66.04834116343497,2.526492595672607,6.0,180.0
-395.3495821511421,66.73433304565346,67.12314721805652,2.426405668258667,6.0,180.0
-400.0645190561462,67.79267479572482,68.09199067614024,2.326431035995483,6.0,180.0
-404.4486798882871,68.72417497155735,68.88296571256146,2.326431035995483,6.0,180.0
-408.4526719671432,69.62750953319988,69.5080683404847,2.226503610610962,6.0,180.0
-412.408815001366,70.4253446510333,70.0898693886154,2.126501321792603,6.0,180.0
-416.4560697765671,71.00932004129207,70.67016505566045,2.02648663520813,6.0,180.0
-420.7424795519928,71.56524153494442,71.3160455291726,1.926527857780457,6.0,180.0
-425.394262383933,72.21495557935985,72.12665980483473,1.826471447944641,6.0,180.0
-430.1873252209251,72.75362876373457,72.96311380143258,1.726583123207092,6.0,180.0
-434.7996731306168,73.16892124599268,73.79095494240983,1.726583123207092,6.0,180.0
-439.15834730966174,73.86382178376917,74.62577080922892,1.626615166664124,6.0,180.0
-443.4066036178758,74.78314029446786,75.43290639619926,1.526572704315186,6.0,180.0
-447.62043271769966,75.60910487318586,76.40406880146617,1.426577568054199,6.0,180.0
-451.69144992455097,76.4881338479041,77.56924043234147,1.326528787612915,6.0,180.0
-455.46110765074224,77.51086447085284,78.77423842945015,1.226537704467773,6.0,180.0
-458.8574888354069,78.58378871062368,79.89433966588591,1.126595497131348,6.0,180.0
-461.9287960253171,79.71010894339449,80.82170411959825,1.02646005153656,6.0,180.0
-464.8252937488217,80.75324935987973,81.68367281392217,1.02646005153656,6.0,180.0
-467.83737671333535,81.38743520307354,82.65189929273879,0.926480770111084,6.0,180.0
-471.15239047566814,81.65305189399915,83.55224073340875,0.8263950347900391,6.0,180.0
-474.52467051426,81.86650187095069,84.15276107357187,0.7264600992202759,6.0,180.0
-477.4493859404844,81.96204579193467,84.62415164725525,0.6265919208526611,6.0,180.0
-479.9366543304732,81.89259089288595,85.20045248676819,0.5264385342597961,6.0,180.0
-482.2630181622534,81.86939271618232,85.7952342089335,0.426419585943222,6.0,180.0
-484.3831105799294,81.93519796793854,86.2984457312727,0.426419585943222,6.0,180.0
-486.34013652510896,82.07040913380338,86.81995296898141,0.3263807594776154,6.0,180.0
-488.076705567614,82.26240637245655,87.26773617714588,0.226623997092247,6.0,180.0
-489.4290445067122,82.5144604024211,87.3895382527991,0.1342997699975967,6.0,180.0
-490.5179002044935,82.78494967750935,87.33309072770511,0.0670194625854492,6.0,180.0
-491.7046947614064,83.0748323219847,87.48276507587586,0.0301919393241405,6.0,180.0
-493.0372139534159,83.47866981931928,88.03998609629987,0.0148457065224647,6.0,180.0
-494.111829349082,83.87841363849874,88.96715160795452,0.0073388358578085,6.0,180.0
-494.9087454455524,84.09446870259896,90.00930430606527,0.0073388358578085,6.0,180.0
-495.6448609715817,84.22407403370111,90.74481390137709,0.0039129056967794,6.0,180.0
-496.4136858393064,84.55943882700511,90.95027938885676,0.0020938639063388,6.0,180.0
-497.4876010178053,85.14867727332245,90.78171104597888,0.0012024958850815,6.0,180.0
-498.9990189859589,85.82103087479658,90.43377148641908,0.0005815073964186,6.0,180.0
-500.8009536911409,86.4242857766426,89.90476856722952,0.0002670789544936,6.0,180.0
-502.8545234390881,86.86035142287821,89.37843844667547,0.0001163683191407,6.0,180.0
-505.2072053417909,87.20778012753959,89.21700898252807,0.0001163683191407,6.0,180.0
-507.8575724480646,87.53616454695347,89.38659896847122,2.48584783548722e-05,6.0,180.0
-510.7169539018016,87.82148602908156,89.60658323821315,-2.646000575623475e-05,6.0,180.0
-513.5673905943677,88.17795750689288,89.85603111987689,-4.789261220139451e-05,6.0,180.0
-516.2484580661358,88.72694395487152,90.29520513949096,-5.722324567614123e-05,6.0,180.0
-518.806602780371,89.2527099826854,90.9252308344094,-5.350491846911609e-05,6.0,180.0
-521.2095400895032,89.52697084356502,91.56274656118596,-5.250222238828428e-05,6.0,180.0
-523.1596604726799,89.66273433537162,92.17790428437206,-4.985622217645869e-05,6.0,180.0
-524.6089402534301,89.75902029905951,92.84043257430076,-4.985622217645869e-05,6.0,180.0
-525.9221582709058,89.83954713851236,93.42110458005828,-4.455029556993395e-05,6.0,180.0
-527.0912041844199,89.93660684931751,93.75695242238584,-4.801794784725644e-05,6.0,180.0
-527.871763636849,89.97209597643764,93.81307936721876,-4.041417560074478e-05,6.0,180.0
-528.4105502523255,89.93297783763171,93.80645883093572,-3.365991142345592e-05,6.0,180.0
-528.9341654135557,89.82922625788552,93.87132262420812,-3.372954597580247e-05,6.0,180.0
-529.4893015704231,89.61334784562364,93.76713319734674,-3.099998502875678e-05,6.0,180.0
-530.0391191526023,89.44041423336466,93.59277289674372,-3.173807999701239e-05,6.0,180.0
-530.6530549051404,89.50036088748044,93.6437332479158,-3.173807999701239e-05,6.0,180.0
-531.3890518203907,89.80287421808451,93.65253980564556,-3.080501846852712e-05,6.0,180.0
-532.304494315812,90.21910999930664,93.39837096921542,-3.009477586601861e-05,6.0,180.0
-533.5078287742813,90.63166829136112,93.21952670553256,-2.600043808342889e-05,6.0,180.0
-534.9072235837338,91.04498058918055,93.43641497343036,-1.880053059721831e-05,6.0,180.0
-536.3770077440024,91.44316055392922,93.87458829952696,-2.027672053372953e-05,6.0,180.0
-537.902872764655,91.75784573868594,94.22910709559189,-2.027672053372953e-05,6.0,180.0
-539.5676977242508,92.00390024267097,94.4412084613204,-2.027672053372953e-05,6.0,180.0
-541.5522668334837,92.3420260119444,94.53959936281085,-1.639127731323242e-05,6.0,180.0
-543.8606671037301,92.84033125411024,94.66881478763474,-1.693440390226897e-05,6.0,180.0
-546.1704648720173,93.23674766926874,94.90008316522096,-1.2060192602803e-05,6.0,180.0
-548.2763617800457,93.41169098035208,95.08572713781363,-1.355030872218776e-05,6.0,180.0
-550.1025957946362,93.6815655570638,95.17529906388484,-1.671158315730281e-05,6.0,180.0
-551.552705281663,93.99546347001558,95.38873914854828,-1.299325595027767e-05,6.0,180.0
-552.7722621688936,94.02170003894742,95.93298997784557,-1.183737094834214e-05,6.0,180.0
-553.9598415820126,93.92920302250764,96.69183684771934,-1.183737094834214e-05,6.0,180.0
-554.9999983338014,93.93601651652058,97.44336139869571,-7.826591172488406e-06,6.0,180.0
-555.6986224900238,93.93405547957232,97.99034596321896,-1.07650448626373e-05,6.0,180.0
-556.2624522706043,93.86525340242883,98.26770500943448,-7.102422387106344e-06,6.0,180.0
-556.8513903542382,93.79719066839382,98.51416718402784,-5.612306267721578e-06,6.0,180.0
-557.3807333359689,93.88916724891811,98.76161215409611,-9.553455129207578e-06,6.0,180.0
-557.9302331984915,94.2554841234209,98.60911293942314,-5.709790912078461e-06,6.0,180.0
-558.5993574448331,94.74270380015896,98.17558815758532,-5.709790912078461e-06,6.0,180.0
-559.290692857424,95.18918510788475,98.00993880100462,-5.570527719100937e-06,6.0,180.0
-559.8579969242754,95.55138016808102,98.20424398471629,-6.433959242713172e-06,6.0,180.0
-560.2849746125639,95.82814517396446,98.50489997847949,-4.832432750845328e-06,6.0,180.0
-560.6785424180068,95.99951238884246,98.74539261321992,-8.327939212904312e-06,6.0,180.0
-561.2261355625286,96.13671637188408,98.98228836634657,-1.141958136940957e-06,6.0,180.0
-561.9396011341165,96.48067479882124,99.16991167140807,-7.018864835117711e-06,6.0,180.0
-562.7455150416267,97.01812221595736,99.28305707654252,-3.996853592980187e-06,6.0,180.0
-563.7578774977292,97.54138492035844,99.44176549732217,-3.996853592980187e-06,6.0,180.0
-565.0451576018736,98.0043011502944,99.6942562271091,-6.364327873598086e-06,6.0,180.0
-566.4538593654304,98.4055265598708,99.97086189113116,-5.486969712364953e-06,6.0,180.0
-567.9189775171033,98.78839854586263,100.20432141290134,-2.646000666572945e-06,6.0,180.0
-569.7349953547085,99.21474973786152,100.42485203800857,-5.041327312937938e-06,6.0,180.0
-571.9591743827901,99.66928843551447,100.55948761421132,-3.551211420926847e-06,6.0,180.0
-573.956437082402,100.15991087020008,100.6029660832968,-2.813116452671238e-06,6.0,180.0
-575.3284083378653,100.5657158596438,100.74451671792784,-2.813116452671238e-06,6.0,180.0
-576.4105265956157,100.77759518126182,101.03045081794448,-6.837822638772195e-06,6.0,180.0
-577.4579301085688,100.87056938497544,101.4197585703094,-4.331085165176773e-06,6.0,180.0
-578.3452495171985,100.8669020547782,101.95821880730432,-2.980232238769531e-06,6.0,180.0
-579.0224958428652,100.81982814315968,102.47745209086712,-2.423179466859438e-06,6.0,180.0
-579.5533077520281,100.66868678028538,102.7561872281599,-1.336926743533695e-06,6.0,180.0
-579.9074743073625,100.22007282617506,102.98175738500858,-4.999548764317296e-06,6.0,180.0
-580.1768752735574,99.601957568437,103.3361088116204,2.506735654606018e-07,6.0,180.0
-580.5363648355354,99.08816224250184,103.5812663979792,2.506735654606018e-07,6.0,180.0
-580.9583862442561,98.74146870473368,103.72285409165464,-1.810421963455155e-07,6.0,180.0
-581.3706135803188,98.42758917540112,103.80695333629151,-3.606916607168387e-06,6.0,180.0
-581.844728252962,98.09700301023396,103.6191867323146,-5.361633157008328e-06,6.0,180.0
-582.3515574402345,98.03459914938075,103.37608154596816,4.177877599431668e-08,6.0,180.0
-582.7912350035638,98.40968749750245,103.28855873602376,-9.191371646011248e-07,6.0,180.0
-583.2479526240678,98.90602481140374,103.30310169954244,-1.392631929775234e-06,6.0,180.0
-583.7565451247065,99.15845630217284,103.42738645418682,-1.392631929775234e-06,6.0,180.0
-584.3620227466818,99.20499612207102,103.62920134549752,-4.317158982303226e-06,6.0,180.0
-585.2565201589605,99.39899155364952,103.88412613396083,-1.712937319098273e-06,6.0,180.0
-586.4981998350112,99.82344120834188,104.24946027429976,-1.559747715873527e-06,6.0,180.0
-588.0935072949169,100.20769518975403,104.7426827144029,7.102421477611642e-07,6.0,180.0
-589.9672644296645,100.42980661432792,105.1904328354494,-1.044473947331426e-06,6.0,180.0
-591.7080919347601,100.5959039943362,105.46566542596412,-1.601526719241519e-06,6.0,180.0
-593.0820337381917,100.8064422346274,105.6785486854856,-2.40925328398589e-06,6.0,180.0
-594.4316611625204,100.99317955589952,105.93293711613065,-2.40925328398589e-06,6.0,180.0
-595.9186982651916,101.1567466559244,106.3623070980725,-2.604221663204953e-06,6.0,180.0
-597.1354579559514,101.34633939948164,106.9904343335882,-1.838274101828574e-06,6.0,180.0
-597.9804215599327,101.49152709234812,107.6064732703497,-1.336926743533695e-06,6.0,180.0
-598.8924522836603,101.5504784254844,107.97286871546991,-2.757411266429699e-06,6.0,180.0
-599.9707195981446,101.59486592881264,107.95418349588276,4.317157618061174e-07,6.0,180.0
-600.9286787932624,101.68213604149952,107.73261386127588,-3.008085059263976e-06,6.0,180.0
-601.6890348161769,101.79255000323153,107.54626174788278,-3.760105755645782e-07,6.0,180.0
-602.3352063482456,102.01817029295611,107.40758071028046,-3.760105755645782e-07,6.0,180.0
-602.8218132405893,102.23093174332392,107.28287672037727,-1.754716322466265e-06,6.0,180.0
-603.0312130669815,102.22250960860084,107.08891070169386,-2.256063680761144e-06,6.0,180.0
-603.1257677472142,102.21550198559495,106.8118231036446,-1.309074150412926e-06,6.0,180.0
-603.3961555009489,102.32313029120331,106.55666358395172,-8.773581612331327e-07,6.0,180.0
-603.7890486599474,102.4078743854702,106.37973863675472,-6.823897820140701e-07,6.0,180.0
-604.1894747364715,102.59979452512728,106.39614355386058,-7.520213785028318e-07,6.0,180.0
-604.6944152145159,102.98116573591912,106.56219582209836,-7.520213785028318e-07,6.0,180.0
-605.3806805278755,103.31212821697628,106.62010329414392,-2.924527962022694e-07,6.0,180.0
-606.2515424538976,103.4062793361559,106.4284599756418,-1.239442553924164e-06,6.0,180.0
-607.2548883465203,103.28503013437587,106.25355036577974,4.456421720533399e-07,6.0,180.0
-608.4027377005366,103.11101261380954,106.54156428576722,2.604221663204953e-06,6.0,180.0
-609.7291657955982,103.06952165402106,107.12329008295924,-1.977537294806098e-06,6.0,180.0
-611.1384115535999,103.234417627156,107.5026151595114,-4.456421720533399e-07,6.0,180.0
-612.6320324659993,103.60358396959482,107.59587160975951,-1.852200512075797e-06,6.0,180.0
-614.1053527001216,104.1088991478898,107.6215452690821,-1.852200512075797e-06,6.0,180.0
-615.224868124363,104.6526556779249,107.7148893054698,-3.59299042429484e-06,6.0,180.0
-616.1126901638861,105.13844948484711,107.8651716010922,-8.07726564744371e-07,6.0,180.0
-617.0176466119525,105.47419075080988,108.01644685907874,-8.07726564744371e-07,6.0,180.0
-617.7394313635904,105.73597031074227,108.18923324678012,-1.587600308994297e-06,6.0,180.0
-618.1635124274973,105.99239437869718,108.40619056562244,-1.239442553924164e-06,6.0,180.0
-618.4736624755839,106.1790917353023,108.49069649988496,-1.476189936511219e-06,6.0,180.0
-618.9056680950091,106.20426258149226,108.38006349018148,-1.476189936511219e-06,6.0,180.0
-619.4298931170977,106.06164710793703,108.14468125268137,-1.838274101828574e-06,6.0,180.0
-619.710094817143,105.9521194379178,107.7659423212173,-2.367473825870547e-07,6.0,180.0
-619.7977772971307,105.95763799599295,107.36353800023907,-1.253368736797711e-06,6.0,180.0
-620.1119212020997,105.95784086221046,107.02928239335364,-1.183737140308949e-06,6.0,180.0
-620.6001915329382,105.92347208248636,106.68358904343827,-2.075021484415629e-06,6.0,180.0
-621.041769656792,105.8115773840517,106.37300887900427,-2.43710587710666e-06,6.0,180.0
-621.3586599810899,105.6222855116768,106.37677850650728,-2.952379645648762e-06,6.0,180.0
-621.5110636627674,105.60252982187409,106.90395036177316,-2.952379645648762e-06,6.0,180.0
-621.7760111147333,105.90427213803608,107.75798226361908,-2.075021484415629e-06,6.0,180.0
-622.3373225740575,106.19240849381217,108.54609131850088,-2.047168891294859e-06,6.0,180.0
-623.1590009836551,106.20173410359943,108.97067431395968,-5.960464477539062e-06,6.0,180.0
-624.366102077676,106.07687710250325,109.02847117713311,-2.033242708421312e-06,6.0,180.0
-625.9084930827528,106.0202065145895,108.98477256806476,-2.506737473595422e-06,6.0,180.0
-627.4666748220843,106.07797307492768,109.12007085917683,-1.225516143676941e-06,6.0,180.0
-628.9059192138319,106.10423117008472,109.6055618537245,-1.225516143676941e-06,6.0,180.0
-630.3518062205201,106.07205628954584,110.29123493836164,-2.102874304910074e-06,6.0,180.0
-631.9304259725171,106.13194269030946,110.84352823975372,1.100179133572965e-06,6.0,180.0
-633.5315495477478,106.5149386096885,111.17003841332492,7.938001544971485e-07,6.0,180.0
-634.9401097655028,107.15871201077368,111.35927596566265,-1.350852926407242e-06,6.0,180.0
-636.1582729486543,107.86423216878832,111.5368085949753,-2.353547870370676e-06,6.0,180.0
-637.1459285604013,108.66274676910508,111.7506047612708,-3.74617980014591e-06,6.0,180.0
-637.6944192420483,109.4217008160375,111.89947977015046,-1.57367412612075e-06,6.0,180.0
-637.8027325617013,110.02489354513833,111.95206502615586,-1.57367412612075e-06,6.0,180.0
-637.7003160032655,110.5746552651749,112.09642641451728,3.063789790758165e-07,6.0,180.0
-637.557011080261,110.96419211563564,112.40253768622878,-8.07726564744371e-07,6.0,180.0
-637.3168414217762,110.96867177561944,112.62562756502798,-2.451032287353883e-06,6.0,180.0
-636.9088088624151,110.62996980871075,112.716233455399,3.899367584381253e-07,6.0,180.0
-636.5274728547997,110.14885241787634,112.78975030557126,4.59568354926887e-07,6.0,180.0
-636.4488601813874,109.68114113225045,112.75611271452831,5.152737685421016e-07,6.0,180.0
-636.6636125322316,109.20064358682778,112.38710398492664,-2.102874304910074e-06,6.0,180.0
-637.1154004760165,108.84281715508732,111.7771520344261,-2.102874304910074e-06,6.0,180.0
-637.8174686385753,108.87768605207148,111.40377817240274,1.253368736797711e-06,6.0,180.0
-638.7342923026744,109.21761213610483,111.38637683724684,-1.740789912219043e-06,6.0,180.0
-639.7729024187283,109.6223520157694,111.49825470033784,-1.267295147044933e-06,6.0,180.0
-640.7404082935199,109.98039515674604,111.65304375348774,-1.114105543820187e-06,6.0,180.0
-641.711593711444,110.33846145161876,111.8959924557488,1.058400130204973e-06,6.0,180.0
-642.8302024897737,110.70250349492638,112.33213755462111,-8.355800673598426e-08,6.0,180.0
-644.0076841795242,111.06886300330972,112.9586502803744,-8.355800673598426e-08,6.0,180.0
-645.1332516204221,111.51557070684052,113.66455099940367,-9.469897577218944e-07,6.0,180.0
-646.1798419741938,111.91483695364931,114.32137283572992,3.063789790758165e-07,6.0,180.0
-647.259953804697,112.09331836142223,114.82113481916848,-5.570527719100937e-07,6.0,180.0
-648.4052719691565,112.06927455333,115.19277143911776,-9.60916167969117e-07,6.0,180.0
-649.4501834592737,112.03403844370216,115.55412294969464,-1.336926743533695e-06,6.0,180.0
-650.3053624338924,112.11667336188172,115.86918184016358,1.114103724830784e-07,6.0,180.0
-651.0735343867615,112.12198043419954,115.94446196477269,8.355777936230879e-08,6.0,180.0
-651.6778805487211,111.95897478017712,115.91875995621749,8.355777936230879e-08,6.0,180.0
-651.9332288314097,111.774307157826,116.02251488508637,-9.887687610898863e-07,6.0,180.0
-651.9882727176034,111.58000506624316,116.24455431917276,-8.07726564744371e-07,6.0,180.0
-651.9891672357596,111.2954272891549,116.509212747974,-6.963159648876174e-08,6.0,180.0
-651.9160213194702,110.98358287506812,116.74509259531368,-2.158579491151613e-06,6.0,180.0
-651.8482596294916,110.67414693327083,117.08157343866752,5.57051862415392e-08,6.0,180.0
-651.8784160520868,110.41738011656176,117.4544406312845,-4.038633960590232e-07,6.0,180.0
-652.0858152684813,110.44197811638716,117.47209233727548,-4.038633960590232e-07,6.0,180.0
-652.600591226328,110.62811883428914,117.11449630578602,-1.53189603224746e-07,6.0,180.0
-653.593891787385,110.76020140296802,116.65477921715832,-2.785282049444504e-08,6.0,180.0
-655.0226758755384,111.0551194352066,116.2284228935178,-2.297842684129137e-06,6.0,180.0
-656.3758302089157,111.50170746719108,115.77053485963748,-1.531895122752758e-06,6.0,180.0
-657.2795915649173,111.8188733093802,115.2639408184786,-2.743484856182477e-06,6.0,180.0
-657.8698219512289,112.11986349137096,114.9666251726831,-4.163969606452156e-06,6.0,180.0
-658.3142609163798,112.61811939691462,114.9030096987813,-2.590295480331406e-06,6.0,180.0
-658.7555948743943,113.2006404341368,114.89187973910556,-2.590295480331406e-06,6.0,180.0
-659.3767717683717,113.65085448802296,114.93552880163462,-3.105569248873508e-06,6.0,180.0
-660.2131933753906,114.0647534128384,115.09267196124236,-3.105569248873508e-06,6.0,180.0
-661.1129967746922,114.58556556442252,115.38251202777876,7.659475613763789e-07,6.0,180.0
-662.0400358642681,115.06170794971769,115.6848215087872,-4.762800926982891e-06,6.0,180.0
-663.0753290939205,115.48984570114708,115.93152811058532,1.448337116016774e-06,6.0,180.0
-664.0330896136861,115.98399940039428,116.2780956763076,-2.172505901398836e-06,6.0,180.0
-664.8137595604846,116.36943951477996,116.7627101300155,-2.172505901398836e-06,6.0,180.0
-665.5594842299182,116.51137220091398,117.20827553314616,-6.40610778646078e-07,6.0,180.0
-666.2126469888165,116.61709572042916,117.53558313280722,2.367473825870547e-07,6.0,180.0
-666.6933971005582,116.8291150738874,117.65347002767852,1.75471609509259e-06,6.0,180.0
-666.9934521885025,117.00524644016105,117.5260174912545,-1.295147740165703e-06,6.0,180.0
-667.0377596752899,116.87743246699227,117.3726376999006,-2.075021484415629e-06,6.0,180.0
-666.9290182337784,116.45250097909472,117.33370793302676,2.562442659836961e-06,6.0,180.0
-666.6804803398749,115.9822971993312,117.38287111134716,-9.191371646011248e-07,6.0,180.0
-666.2478448868194,115.46962150843062,117.52808670310786,-9.191371646011248e-07,6.0,180.0
-665.8787338586653,115.03518738883116,117.68511543101384,-1.949686065927381e-07,6.0,180.0
-665.66658503492,114.92979356839489,117.69448863184948,-4.734949925477849e-07,6.0,180.0
-665.7128552197524,115.09108340633408,117.63645481518893,2.17250567402516e-06,6.0,180.0
-666.3180419513425,115.24929697663754,117.5844357028298,1.615452902115067e-06,6.0,180.0
-667.3142819346801,115.2973018151595,117.53603892453197,7.79873744249926e-07,6.0,180.0
-668.3998218812912,115.38164458516373,117.6165253831136,3.203051619493635e-07,6.0,180.0
-669.5440183877472,115.55065248847303,117.76041336560576,1.935758291438106e-06,6.0,180.0
-670.7372511075957,115.71856454845172,117.83219361001524,1.935758291438106e-06,6.0,180.0
-672.122362983267,115.7994799604549,117.84183749572702,1.33692651616002e-06,6.0,180.0
-673.5736362587579,115.82092148475472,117.86941175956753,4.734947651741095e-07,6.0,180.0
-674.7808770913326,115.88586893700712,117.99676121727607,-2.242137497887597e-06,6.0,180.0
-675.8343555886285,116.04054703248988,118.137516479111,-2.534590066716191e-06,6.0,180.0
-676.7704707624929,116.20778838445476,118.41033854834896,-1.253368736797711e-06,6.0,180.0
-677.4531953662414,116.17925237479486,118.92171168266754,-1.058400357578648e-06,6.0,180.0
-677.9474058061136,115.91016561559417,119.44565410103806,-1.058400357578648e-06,6.0,180.0
-678.3930131307366,115.68795957654012,120.11391126904532,-3.620843926910311e-07,6.0,180.0
-678.8866601055372,115.79457804380525,120.9963594366674,1.545821305626305e-06,6.0,180.0
-679.3819726045962,116.23952922677572,121.70063419690652,-9.191371646011248e-07,6.0,180.0
-679.6314098971731,116.79140076860332,122.07101023758304,-2.381400690865121e-06,6.0,180.0
-679.6782145516393,117.24990286502,122.14723519596564,8.216527476179181e-07,6.0,180.0
-679.7410938967491,117.68030784818627,122.01575603685131,-1.336926743533695e-06,6.0,180.0
-679.7168162378671,118.05335628427616,121.89482653850226,-1.016621354210656e-06,6.0,180.0
-679.5619406087321,118.19137937484066,121.876415407005,-1.016621354210656e-06,6.0,180.0
-679.4921450386817,118.30039699747094,121.88455272609238,6.823895546403946e-07,6.0,180.0
-679.6041961570129,118.62421601141106,122.02415963931814,-1.406558340022457e-06,6.0,180.0
-679.8831602119185,118.99029905882492,122.3369922281948,-2.228211997135077e-07,6.0,180.0
-680.368956795084,119.20996946165168,122.57667974916794,-9.748418960953133e-08,6.0,180.0
-681.0305197975025,119.36494899563682,122.59129919438264,4.177895789325703e-07,6.0,180.0
-681.9179925638987,119.63226043597489,122.3589833844731,-2.01931629817409e-06,6.0,180.0
-683.0837540839142,119.94558739632473,122.06210673043016,-2.01931629817409e-06,6.0,180.0
-684.3814454044139,120.20248133294872,121.9274298083016,5.57051862415392e-08,6.0,180.0
-685.7287643323159,120.47811061931404,121.96886528929852,9.609159405954415e-07,6.0,180.0
-687.1068053243805,120.79857513105836,122.16712585411489,-1.643305722609512e-06,6.0,180.0
-688.4384740321207,121.05186906600797,122.4423157934107,-8.355791578651406e-07,6.0,180.0
-689.7054847343558,121.19048089194166,122.67133833295044,1.531893758510705e-07,6.0,180.0
-690.9643406793566,121.37938394624824,122.7518739525,-1.058400357578648e-06,6.0,180.0
-692.1152199783842,121.6052541410626,122.6175266224121,-1.53189603224746e-07,6.0,180.0
-693.003949575031,121.64457010771766,122.53669168720788,-1.53189603224746e-07,6.0,180.0
-693.6585484521727,121.45867720081148,122.78312923234132,5.709789547836408e-07,6.0,180.0
-694.2436718815613,121.03710835085064,123.15429694726662,-1.267295147044933e-06,6.0,180.0
-694.8123929349584,120.46782668017728,123.43473481473166,-1.531895122752758e-06,6.0,180.0
-695.0390936704193,119.92572441798576,123.60351149546176,-2.46495847022743e-06,6.0,180.0
-694.8563236243228,119.40506609625574,123.70479580302056,-4.456421720533399e-07,6.0,180.0
-694.664438829661,119.06521495036372,123.87777394856064,-1.169810957435402e-06,6.0,180.0
-694.6233422844239,118.9615102533606,124.14151204938548,-1.169810957435402e-06,6.0,180.0
-694.6940712193444,118.8675097524811,124.4223421693778,-1.685084725977504e-06,6.0,180.0
-694.8996894987342,118.84291152903968,124.75014260926866,-8.355791578651406e-07,6.0,180.0
-695.2537688606853,118.99512331306995,124.98125127858356,6.127579581516329e-07,6.0,180.0
-695.7006447812382,119.18452995604338,124.8858338927354,-1.921832108564558e-06,6.0,180.0
-696.2014723751554,119.39746175909532,124.7358345744682,-1.72686350197182e-06,6.0,180.0
-696.6819286117668,119.71425976803896,124.92497990196748,-2.130726898030844e-06,6.0,180.0
-697.1316649119249,120.03218480432746,125.37189061619232,1.504042302258313e-06,6.0,180.0
-697.7866012638184,120.38099152490824,125.69012079416656,1.504042302258313e-06,6.0,180.0
-698.7198341050257,120.9462994786085,125.63299876531424,-2.214284677393152e-06,6.0,180.0
-699.6784008175193,121.53829658756985,125.34885346222804,-1.072326540452195e-06,6.0,180.0
-700.6077854551879,121.8068643795119,125.11587171988842,-6.127581855253084e-07,6.0,180.0
-701.6795240888919,121.79702891306444,125.14097685978744,-1.67115786098293e-07,6.0,180.0
-702.7279317606537,121.81090485480264,125.4788393466506,6.963159648876174e-08,6.0,180.0
-703.5847928552207,121.96962914463737,126.01192584631512,-2.562442659836961e-06,6.0,180.0
-704.5360214518327,122.18483398796236,126.64235637716357,-2.562442659836961e-06,6.0,180.0
-705.6553354012449,122.404372074218,127.23110740662342,-1.058400357578648e-06,6.0,180.0
-706.4857556097807,122.57650201695144,127.58399340343964,-9.469897577218944e-07,6.0,180.0
-706.7421558080787,122.59374386530055,127.71218550293143,0.0,6.0,180.0
-706.735763540298,122.54686259472554,127.90972856576572,-8.912845714803552e-07,6.0,180.0
-706.9090027188025,122.72383486167328,128.19752866237505,-7.798739716236014e-07,6.0,180.0
-707.322452714407,123.11942994140546,128.29999749084666,-2.339621687497129e-06,6.0,180.0
-707.836655421475,123.3837551026098,128.3302436990518,-1.671158315730281e-06,6.0,180.0
-708.2788444138268,123.29624591134596,128.4449880250121,-1.671158315730281e-06,6.0,180.0
-708.4000605252971,122.79435293354204,128.47841246059582,-3.063789790758165e-07,6.0,180.0
-708.1377865837909,122.06908894458049,128.25646659162683,1.253367827303009e-07,6.0,180.0
-707.7980739691743,121.60466048192558,127.98673457184891,-1.949684701685328e-06,6.0,180.0
-707.7451911619489,121.483756140833,127.9228766812026,-1.643305722609512e-06,6.0,180.0
-708.0360299948366,121.43662622419328,127.90639906766113,-3.453727231317316e-06,6.0,180.0
-708.6117263755535,121.3944523182344,127.78355294802051,-1.880053105196566e-06,6.0,180.0
-709.3044565023367,121.47222264488374,127.74632154156672,-1.880053105196566e-06,6.0,180.0
-709.9401931791579,121.7358764848466,127.96982492683132,-1.880053105196566e-06,6.0,180.0
-710.644545172632,121.9950590608384,128.22256092704274,-2.228211087640375e-06,6.0,180.0
-711.7051875942547,122.13023184508404,128.40326038740358,-1.28122132991848e-06,6.0,180.0
-713.1730811043694,122.27414210999306,128.75984790208076,-6.40610778646078e-07,6.0,180.0
-714.689365195112,122.49927458730708,129.37970594404132,-1.239442553924164e-06,6.0,180.0
-716.0883081883928,122.8047894927886,130.0202408808304,6.963159648876172e-07,6.0,180.0
-717.5308305569897,123.20810665312308,130.46637474532707,-2.91060064228077e-06,6.0,180.0
-718.8892342011972,123.74666193777432,130.73803007566764,-2.91060064228077e-06,6.0,180.0
-719.9507661532136,124.36964224088575,130.83750293966398,-7.659475613763789e-07,6.0,180.0
-720.8290462576051,124.91503715885302,130.77515796036187,-1.54582153299998e-06,6.0,180.0
-721.5859309693102,125.30465034404044,130.6977912613343,-1.448337343390449e-06,6.0,180.0
-722.123164281036,125.55149266591096,130.69972392707012,4.87421175421332e-07,6.0,180.0
-722.5213209428312,125.72544504690497,130.55221348431726,2.075021484415629e-06,6.0,180.0
-722.9435303443117,125.83298690212484,130.06234249635804,1.504042302258313e-06,6.0,180.0
-723.2088592192435,125.85349844219589,129.66469173102658,1.615452902115067e-06,6.0,180.0
-723.1280109925826,125.9154264827505,129.75218072339857,1.615452902115067e-06,6.0,180.0
-722.950221583306,125.9578389277724,130.0536345956679,1.197663323182496e-06,6.0,180.0
-722.840924040159,125.83886681028368,130.31942045297194,8.077263373706955e-07,6.0,180.0
-722.8449563462324,125.64478645460488,130.4999844275817,1.810419689718401e-07,6.0,180.0
-723.0209468585605,125.46445421494978,130.4862191707717,5.152737685421016e-07,6.0,180.0
-723.2944445961691,125.35752454237397,130.32763424231436,3.760105755645782e-07,6.0,180.0
-723.682130525428,125.4826903730465,130.1100304919688,4.038631686853478e-07,6.0,180.0
-724.1356253452819,125.86923448540747,129.88776101673574,4.038631686853478e-07,6.0,180.0
-724.6562899073701,126.24682986935858,129.68921185190467,-7.520213785028318e-07,6.0,180.0
-725.3284649658149,126.44606952245944,129.39234643769672,-2.966306055895984e-06,6.0,180.0
-726.0198662206443,126.62583468277109,129.14528098591978,-8.773581612331327e-07,6.0,180.0
-726.7833016425277,126.96338166193266,129.27936540153513,2.283916273881914e-06,6.0,180.0
-727.8569034173481,127.41757951826035,129.52776031920698,-2.088947894662851e-07,6.0,180.0
